2.140000000000000000e+02 6.100000000000000000e+01 1.900000000000000000e+01 2.100000000000000000e+01
2.127139654159545898e+02 5.985064506530761719e+01 1.978801918029785156e+01 2.063982772827148438e+01
2.136931591033935547e+02 6.036606884002685547e+01 2.049132156372070312e+01 2.074086189270019531e+01
2.144677505493164062e+02 6.076883983612060547e+01 1.988316345214843750e+01 2.078909492492675781e+01
2.149752502441406250e+02 6.093206405639648438e+01 1.987368774414062500e+01 2.048735809326171875e+01
2.146445474624633789e+02 5.964969348907470703e+01 2.006722831726074219e+01 2.109325218200683594e+01
2.144251785278320312e+02 5.993994235992431641e+01 1.906642150878906250e+01 2.063092613220214844e+01
2.142840461730957031e+02 6.030355739593505859e+01 1.971663665771484375e+01 2.109974861145019531e+01
2.145579319000244141e+02 6.032314777374267578e+01 1.956276321411132812e+01 2.020623588562011719e+01
2.149884777069091797e+02 6.088269233703613281e+01 1.928123855590820312e+01 2.053374862670898438e+01
2.142975559234619141e+02 6.046790885925292969e+01 1.994113540649414062e+01 2.090283584594726562e+01
2.148145275115966797e+02 6.058757114410400391e+01 2.005801010131835938e+01 2.060263633728027344e+01
2.139909448623657227e+02 6.061142921447753906e+01 2.020383262634277344e+01 2.097616195678710938e+01
2.133705863952636719e+02 6.031495094299316406e+01 2.003574371337890625e+01 2.058660507202148438e+01
2.142668304443359375e+02 6.025784015655517578e+01 1.974492645263671875e+01 2.015826225280761719e+01
2.133821992874145508e+02 6.136875343322753906e+01 1.885974693298339844e+01 2.001152420043945312e+01
2.123929700851440430e+02 6.045813846588134766e+01 1.938912391662597656e+01 2.073454093933105469e+01
2.113128767013549805e+02 6.084008693695068359e+01 1.983645820617675781e+01 2.085617256164550781e+01
2.111582326889038086e+02 6.120502948760986328e+01 1.997202491760253906e+01 2.047457695007324219e+01
2.079150781631469727e+02 6.101390075683593750e+01 1.997374534606933594e+01 2.005043792724609375e+01
2.077569332122802734e+02 6.063846015930175781e+01 2.038417434692382812e+01 2.039521408081054688e+01
2.060043992996215820e+02 6.062577533721923828e+01 1.974722862243652344e+01 2.058446311950683594e+01
2.039883308410644531e+02 6.113054370880126953e+01 2.029192352294921875e+01 2.095335197448730469e+01
2.017399091720581055e+02 6.097942924499511719e+01 1.953943061828613281e+01 2.075893783569335938e+01
2.003368759155273438e+02 6.115968513488769531e+01 1.977336120605468750e+01 2.069044113159179688e+01
1.984563694000244141e+02 6.080304050445556641e+01 1.911045455932617188e+01 2.050369071960449219e+01
1.949837112426757812e+02 6.159124755859375000e+01 1.824470520019531250e+01 1.988427734375000000e+01
1.936258010864257812e+02 6.249480056762695312e+01 1.750307464599609375e+01 1.902722930908203125e+01
1.923657035827636719e+02 6.222348213195800781e+01 1.872391510009765625e+01 1.898431777954101562e+01
1.906638793945312500e+02 6.215146636962890625e+01 1.917168426513671875e+01 1.922666168212890625e+01
1.897369470596313477e+02 6.315570163726806641e+01 1.937524223327636719e+01 1.918659782409667969e+01
1.902728490829467773e+02 6.185236072540283203e+01 2.007856178283691406e+01 1.987776756286621094e+01
1.874186220169067383e+02 6.172416687011718750e+01 1.983457756042480469e+01 2.065635681152343750e+01
1.830001287460327148e+02 6.093156623840332031e+01 2.011083412170410156e+01 2.087006759643554688e+01
1.815982990264892578e+02 6.174714088439941406e+01 2.009691238403320312e+01 2.185147476196289062e+01
1.776578159332275391e+02 6.056288146972656250e+01 2.046017074584960938e+01 2.058034515380859375e+01
1.758845138549804688e+02 6.265940856933593750e+01 2.072997283935546875e+01 2.076061248779296875e+01
1.742405891418457031e+02 6.229719924926757812e+01 2.023235321044921875e+01 2.149408721923828125e+01
1.738818807601928711e+02 6.349690532684326172e+01 2.067074012756347656e+01 2.134190559387207031e+01
1.722850971221923828e+02 6.318935203552246094e+01 2.070917892456054688e+01 2.094443130493164062e+01
1.726338768005371094e+02 6.478367996215820312e+01 2.151900482177734375e+01 2.233536529541015625e+01
1.734476118087768555e+02 6.527326679229736328e+01 2.142122840881347656e+01 2.152991294860839844e+01
1.748150186538696289e+02 6.576424598693847656e+01 2.037507438659667969e+01 2.058362197875976562e+01
1.726428861618041992e+02 6.578729057312011719e+01 2.039335823059082031e+01 2.040257644653320312e+01
1.691375913619995117e+02 6.581096744537353516e+01 2.070403480529785156e+01 2.081504631042480469e+01
1.668575372695922852e+02 6.555301952362060547e+01 2.018356132507324219e+01 2.055314064025878906e+01
1.632454786300659180e+02 6.559332656860351562e+01 2.026323127746582031e+01 2.026879119873046875e+01
1.616670589447021484e+02 6.534591293334960938e+01 1.884504318237304688e+01 2.013475036621093750e+01
1.596168375015258789e+02 6.605418968200683594e+01 1.886681938171386719e+01 1.968094253540039062e+01
1.575540084838867188e+02 6.552268028259277344e+01 1.873883056640625000e+01 2.030076980590820312e+01
1.547870702743530273e+02 6.554542064666748047e+01 1.969229316711425781e+01 2.064034461975097656e+01
1.520029172897338867e+02 6.612596893310546875e+01 1.999449348449707031e+01 2.023682403564453125e+01
1.490920343399047852e+02 6.589815807342529297e+01 2.014504051208496094e+01 2.050222969055175781e+01
1.474360933303833008e+02 6.604851245880126953e+01 2.054460716247558594e+01 2.158733940124511719e+01
1.451305675506591797e+02 6.690964412689208984e+01 2.104624557495117188e+01 2.161402320861816406e+01
1.428980817794799805e+02 6.671116447448730469e+01 2.081692695617675781e+01 2.171708297729492188e+01
1.408255891799926758e+02 6.710387039184570312e+01 2.078031730651855469e+01 2.191732788085937500e+01
1.392450199127197266e+02 6.828799438476562500e+01 1.997359085083007812e+01 2.121194458007812500e+01
1.380262517929077148e+02 6.877503108978271484e+01 2.013263893127441406e+01 2.174575996398925781e+01
1.375485467910766602e+02 6.859167003631591797e+01 2.059601402282714844e+01 2.136452674865722656e+01
1.373778696060180664e+02 6.927513885498046875e+01 1.996066093444824219e+01 2.124382781982421875e+01
1.374829835891723633e+02 6.981130027770996094e+01 2.031970787048339844e+01 2.113399887084960938e+01
1.383645009994506836e+02 6.960855388641357422e+01 2.044565773010253906e+01 2.135386085510253906e+01
1.379300880432128906e+02 6.975362968444824219e+01 2.010443878173828125e+01 2.160174179077148438e+01
1.385388364791870117e+02 6.929834938049316406e+01 2.071089363098144531e+01 2.093494796752929688e+01
1.382900409698486328e+02 6.902958011627197266e+01 2.048989486694335938e+01 2.175469779968261719e+01
1.385805349349975586e+02 6.969797325134277344e+01 1.979580879211425781e+01 2.176671981811523438e+01
1.395727996826171875e+02 6.885212135314941406e+01 2.061045837402343750e+01 2.139987564086914062e+01
1.396192426681518555e+02 6.949665069580078125e+01 1.934888648986816406e+01 2.168245697021484375e+01
1.401329250335693359e+02 6.975436019897460938e+01 2.005468368530273438e+01 2.129083251953125000e+01
1.398993930816650391e+02 6.939677238464355469e+01 1.977170181274414062e+01 2.086756515502929688e+01
1.408985939025878906e+02 6.960328006744384766e+01 1.994181823730468750e+01 2.108294486999511719e+01
1.421234502792358398e+02 6.908501148223876953e+01 2.031233406066894531e+01 2.113618278503417969e+01
1.430018072128295898e+02 7.008036136627197266e+01 2.013254737854003906e+01 2.115426445007324219e+01
1.443036565780639648e+02 7.014832115173339844e+01 2.016126441955566406e+01 2.082986068725585938e+01
1.455772981643676758e+02 7.019735622406005859e+01 2.052631187438964844e+01 1.975711250305175781e+01
1.477416296005249023e+02 6.973811149597167969e+01 2.045256233215332031e+01 2.010680770874023438e+01
1.505111331939697266e+02 6.919061565399169922e+01 2.166210556030273438e+01 2.089256477355957031e+01
1.559897642135620117e+02 6.792078399658203125e+01 2.052874183654785156e+01 2.118943786621093750e+01
1.596893405914306641e+02 6.745179843902587891e+01 2.039182662963867188e+01 2.069685173034667969e+01
1.627419977188110352e+02 6.768775844573974609e+01 2.085938072204589844e+01 2.075472450256347656e+01
1.657481269836425781e+02 6.668237876892089844e+01 2.097274780273437500e+01 2.138304519653320312e+01
1.685498437881469727e+02 6.548908233642578125e+01 2.142052268981933594e+01 2.158416748046875000e+01
1.726817846298217773e+02 6.517097091674804688e+01 2.161345863342285156e+01 2.075804138183593750e+01
1.772285709381103516e+02 6.550119781494140625e+01 2.080197525024414062e+01 2.061217498779296875e+01
1.808050079345703125e+02 6.520092201232910156e+01 2.121351623535156250e+01 2.147368240356445312e+01
1.844009056091308594e+02 6.394057369232177734e+01 2.097682189941406250e+01 2.160329627990722656e+01
1.872891216278076172e+02 6.429814147949218750e+01 2.073830795288085938e+01 2.115773773193359375e+01
1.898932771682739258e+02 6.323807621002197266e+01 2.222878074645996094e+01 2.193722343444824219e+01
1.930100479125976562e+02 6.304892539978027344e+01 2.130793762207031250e+01 2.171195602416992188e+01
1.964069671630859375e+02 6.348986625671386719e+01 2.091178894042968750e+01 2.158475875854492188e+01
1.993991622924804688e+02 6.273401355743408203e+01 2.056405639648437500e+01 2.103174400329589844e+01
2.015614271163940430e+02 6.343561267852783203e+01 2.034192085266113281e+01 2.154244041442871094e+01
2.037575769424438477e+02 6.306661510467529297e+01 2.042378807067871094e+01 2.099794960021972656e+01
2.068565225601196289e+02 6.279092884063720703e+01 1.998617362976074219e+01 2.150650596618652344e+01
2.089749250411987305e+02 6.310125255584716797e+01 2.006569099426269531e+01 2.059382057189941406e+01
2.108324337005615234e+02 6.286822986602783203e+01 2.094508743286132812e+01 2.107092857360839844e+01
2.124746713638305664e+02 6.149980831146240234e+01 2.153987693786621094e+01 2.154346656799316406e+01
2.147459030151367188e+02 6.220800018310546875e+01 2.063812255859375000e+01 2.092886352539062500e+01
2.173309993743896484e+02 6.148549461364746094e+01 2.050104904174804688e+01 2.134354019165039062e+01
2.187399921417236328e+02 6.196419048309326172e+01 2.078084182739257812e+01 2.141239356994628906e+01
2.204896230697631836e+02 6.177744579315185547e+01 2.096615791320800781e+01 2.115363502502441406e+01
2.231006250381469727e+02 6.138826560974121094e+01 2.070510673522949219e+01 2.064688491821289062e+01
2.239624652862548828e+02 6.149048995971679688e+01 2.056140518188476562e+01 2.149068450927734375e+01
2.248911886215209961e+02 6.095728683471679688e+01 2.136763954162597656e+01 2.097074127197265625e+01
2.258451290130615234e+02 6.074994277954101562e+01 2.161109542846679688e+01 2.180127716064453125e+01
2.270742549896240234e+02 6.075581264495849609e+01 2.170291519165039062e+01 2.167174720764160156e+01
2.280370121002197266e+02 6.054823112487792969e+01 2.200506210327148438e+01 2.213519668579101562e+01
2.267779283523559570e+02 6.026302528381347656e+01 2.271688652038574219e+01 2.228509902954101562e+01
2.293015565872192383e+02 6.048492336273193359e+01 2.253384971618652344e+01 2.251787757873535156e+01
2.298119897842407227e+02 6.029336547851562500e+01 2.222824668884277344e+01 2.259201049804687500e+01
2.307529363632202148e+02 5.983801269531250000e+01 2.157276344299316406e+01 2.202316284179687500e+01
2.313559112548828125e+02 5.967937469482421875e+01 2.205728912353515625e+01 2.266393280029296875e+01
2.326568622589111328e+02 6.089939212799072266e+01 2.161229324340820312e+01 2.222115898132324219e+01
2.332396287918090820e+02 6.104792594909667969e+01 2.171777153015136719e+01 2.184766006469726562e+01
2.332859287261962891e+02 6.135200786590576172e+01 2.175811386108398438e+01 2.256627082824707031e+01
2.332812280654907227e+02 6.100099563598632812e+01 2.158820915222167969e+01 2.277377319335937500e+01
2.339491262435913086e+02 6.112148189544677734e+01 2.188308143615722656e+01 2.262043952941894531e+01
2.350127058029174805e+02 6.121603965759277344e+01 2.195743751525878906e+01 2.297819900512695312e+01
2.345754041671752930e+02 6.113162517547607422e+01 2.160354804992675781e+01 2.262324714660644531e+01
2.350280609130859375e+02 6.153842353820800781e+01 2.130353546142578125e+01 2.250028610229492188e+01
2.349169807434082031e+02 6.148637390136718750e+01 2.105908203125000000e+01 2.161569213867187500e+01
2.366809778213500977e+02 6.223726844787597656e+01 2.147400474548339844e+01 2.178384017944335938e+01
2.351170825958251953e+02 6.042377185821533203e+01 2.196845626831054688e+01 2.216280174255371094e+01
2.352569227218627930e+02 6.148786258697509766e+01 2.333146095275878906e+01 2.324963188171386719e+01
2.351800670623779297e+02 6.126604175567626953e+01 2.312374496459960938e+01 2.298931694030761719e+01
2.360624341964721680e+02 6.150078296661376953e+01 2.146027565002441406e+01 2.267869377136230469e+01
2.364154176712036133e+02 6.169090270996093750e+01 2.194068717956542969e+01 2.207519531250000000e+01
2.368128795623779297e+02 6.101504325866699219e+01 2.269053268432617188e+01 2.233881759643554688e+01
2.359440441131591797e+02 5.961479377746582031e+01 2.238296127319335938e+01 2.227237319946289062e+01
2.369713897705078125e+02 6.113652420043945312e+01 2.213736724853515625e+01 2.220868682861328125e+01
2.361711301803588867e+02 5.984307384490966797e+01 2.292947578430175781e+01 2.247301673889160156e+01
2.379391603469848633e+02 6.132492733001708984e+01 2.164540672302246094e+01 2.241707038879394531e+01
2.388582315444946289e+02 6.109633827209472656e+01 2.182111167907714844e+01 2.217751693725585938e+01
2.395984926223754883e+02 6.097735500335693359e+01 2.208720207214355469e+01 2.262268257141113281e+01
2.403776016235351562e+02 6.054157447814941406e+01 2.108418273925781250e+01 2.132546615600585938e+01
2.428091468811035156e+02 5.935875701904296875e+01 2.094117736816406250e+01 2.176636505126953125e+01
2.431513986587524414e+02 5.936152648925781250e+01 2.156085014343261719e+01 2.235822296142578125e+01
2.441904993057250977e+02 5.833214473724365234e+01 2.184117698669433594e+01 2.215865516662597656e+01
2.448586711883544922e+02 5.870609951019287109e+01 2.194910812377929688e+01 2.212697029113769531e+01
2.460799875259399414e+02 5.822856140136718750e+01 2.102068901062011719e+01 2.240496063232421875e+01
2.464415874481201172e+02 5.764682388305664062e+01 2.093101119995117188e+01 2.179004669189453125e+01
2.462107219696044922e+02 5.680617046356201172e+01 2.135818862915039062e+01 2.225284767150878906e+01
2.466765251159667969e+02 5.708353996276855469e+01 2.115679168701171875e+01 2.208490371704101562e+01
2.463888120651245117e+02 5.662555980682373047e+01 2.135830116271972656e+01 2.173423194885253906e+01
2.469443607330322266e+02 5.694509506225585938e+01 2.079123306274414062e+01 2.169757080078125000e+01
2.472976570129394531e+02 5.790746974945068359e+01 2.066490173339843750e+01 2.097789192199707031e+01
2.472812318801879883e+02 5.852085781097412109e+01 2.013963890075683594e+01 2.014241981506347656e+01
2.476102428436279297e+02 5.922588729858398438e+01 1.969652938842773438e+01 1.944948577880859375e+01
2.476875677108764648e+02 6.056423473358154297e+01 1.979264259338378906e+01 1.842122077941894531e+01
2.486072940826416016e+02 5.871198463439941406e+01 1.962373733520507812e+01 1.968172836303710938e+01
2.482367029190063477e+02 5.710231590270996094e+01 1.910952568054199219e+01 1.979813766479492188e+01
2.469929275512695312e+02 5.639541435241699219e+01 1.926885986328125000e+01 2.022439956665039062e+01
2.461555595397949219e+02 5.474926567077636719e+01 2.013591003417968750e+01 2.089163589477539062e+01
2.450022459030151367e+02 5.321913051605224609e+01 2.017619514465332031e+01 2.127786445617675781e+01
2.447377128601074219e+02 5.341263866424560547e+01 2.013045501708984375e+01 2.120739936828613281e+01
2.446513948440551758e+02 5.166039657592773438e+01 2.030196189880371094e+01 2.132405853271484375e+01
2.436731681823730469e+02 5.214635181427001953e+01 1.993952178955078125e+01 2.127291679382324219e+01
2.435905981063842773e+02 5.192840099334716797e+01 2.015008735656738281e+01 2.082495307922363281e+01
2.433392591476440430e+02 5.174720764160156250e+01 1.981984138488769531e+01 2.119085693359375000e+01
2.432691516876220703e+02 5.166513919830322266e+01 2.053432846069335938e+01 2.112816429138183594e+01
2.429876499176025391e+02 5.206377887725830078e+01 2.049695968627929688e+01 2.109123802185058594e+01
2.442911396026611328e+02 5.110509490966796875e+01 2.059949874877929688e+01 2.103249359130859375e+01
2.438033838272094727e+02 5.131948280334472656e+01 2.039935874938964844e+01 2.131453323364257812e+01
2.445170745849609375e+02 5.213919830322265625e+01 2.104331970214843750e+01 2.179488372802734375e+01
2.450405588150024414e+02 5.334429073333740234e+01 2.075710105895996094e+01 2.170131111145019531e+01
2.446980485916137695e+02 5.556091690063476562e+01 2.061614036560058594e+01 2.130171203613281250e+01
2.427766914367675781e+02 5.967657661437988281e+01 2.037774658203125000e+01 1.971636581420898438e+01
2.413393182754516602e+02 6.168006801605224609e+01 2.118286705017089844e+01 2.031090736389160156e+01
2.397371292114257812e+02 6.272169780731201172e+01 2.050917053222656250e+01 2.109592628479003906e+01
2.375599975585937500e+02 6.543307781219482422e+01 1.960681152343750000e+01 2.130674934387207031e+01
2.366823787689208984e+02 6.687076759338378906e+01 2.119954299926757812e+01 2.201231765747070312e+01
2.335080022811889648e+02 6.962179660797119141e+01 2.144526863098144531e+01 2.273414421081542969e+01
2.318171901702880859e+02 7.205865573883056641e+01 2.214148330688476562e+01 2.246172904968261719e+01
2.301759080886840820e+02 7.467844390869140625e+01 2.196179771423339844e+01 2.247684478759765625e+01
2.278387613296508789e+02 7.755270290374755859e+01 2.176424217224121094e+01 2.255111122131347656e+01
2.260665988922119141e+02 7.990026378631591797e+01 2.185536575317382812e+01 2.240447425842285156e+01
2.241495246887207031e+02 8.149316692352294922e+01 2.200767517089843750e+01 2.318194770812988281e+01
2.214309673309326172e+02 8.428397750854492188e+01 2.083702468872070312e+01 2.220858764648437500e+01
2.188486652374267578e+02 8.723705101013183594e+01 2.172372817993164062e+01 2.189209365844726562e+01
2.162474079132080078e+02 8.833750152587890625e+01 2.316890335083007812e+01 2.358444213867187500e+01
2.139113187789916992e+02 9.141752338409423828e+01 2.308655738830566406e+01 2.312481498718261719e+01
2.111938648223876953e+02 9.365201377868652344e+01 2.243921279907226562e+01 2.305158615112304688e+01
2.086141748428344727e+02 9.482630062103271484e+01 2.361361503601074219e+01 2.435228157043457031e+01
2.063837032318115234e+02 9.795873832702636719e+01 2.346313858032226562e+01 2.438864517211914062e+01
2.032197151184082031e+02 1.008605833053588867e+02 2.287100219726562500e+01 2.357636451721191406e+01
2.008160257339477539e+02 1.027128410339355469e+02 2.306220054626464844e+01 2.411918640136718750e+01
1.980932273864746094e+02 1.054299240112304688e+02 2.299266815185546875e+01 2.363424682617187500e+01
1.952399463653564453e+02 1.078913059234619141e+02 2.296444320678710938e+01 2.395315933227539062e+01
1.921245784759521484e+02 1.099317741394042969e+02 2.323891067504882812e+01 2.434988403320312500e+01
1.894951105117797852e+02 1.116317844390869141e+02 2.409446525573730469e+01 2.519137954711914062e+01
1.870924806594848633e+02 1.136401252746582031e+02 2.297971916198730469e+01 2.473664855957031250e+01
1.837152652740478516e+02 1.163583621978759766e+02 2.326338577270507812e+01 2.468765640258789062e+01
1.810394420623779297e+02 1.186020431518554688e+02 2.440670394897460938e+01 2.436740875244140625e+01
1.782413673400878906e+02 1.203198070526123047e+02 2.461373138427734375e+01 2.485086441040039062e+01
1.752019205093383789e+02 1.221089859008789062e+02 2.504310417175292969e+01 2.575827789306640625e+01
1.718665800094604492e+02 1.239022712707519531e+02 2.452234840393066406e+01 2.579020690917968750e+01
1.682796144485473633e+02 1.261360311508178711e+02 2.531810569763183594e+01 2.577092933654785156e+01
1.666636209487915039e+02 1.275003252029418945e+02 2.544692802429199219e+01 2.598002433776855469e+01
1.634414987564086914e+02 1.297710399627685547e+02 2.534540367126464844e+01 2.564728927612304688e+01
1.609565486907958984e+02 1.313361492156982422e+02 2.494765853881835938e+01 2.572289657592773438e+01
1.587600889205932617e+02 1.337313499450683594e+02 2.359853553771972656e+01 2.506978607177734375e+01
1.547229347229003906e+02 1.354174442291259766e+02 2.473906707763671875e+01 2.505984878540039062e+01
1.538242511749267578e+02 1.372737083435058594e+02 2.420110702514648438e+01 2.400266265869140625e+01
1.516281499862670898e+02 1.387302265167236328e+02 2.329262733459472656e+01 2.457233047485351562e+01
1.493016777038574219e+02 1.426208019256591797e+02 2.354629516601562500e+01 2.326890182495117188e+01
1.471326265335083008e+02 1.467248706817626953e+02 2.243316459655761719e+01 2.191103744506835938e+01
1.483463678359985352e+02 1.469418277740478516e+02 2.200761985778808594e+01 2.192634201049804688e+01
1.462641239166259766e+02 1.460140399932861328e+02 2.375213241577148438e+01 2.234214401245117188e+01
1.506401910781860352e+02 1.442798929214477539e+02 2.139005088806152344e+01 2.198316001892089844e+01
1.480682811737060547e+02 1.396362257003784180e+02 2.294763565063476562e+01 2.201996040344238281e+01
1.499468402862548828e+02 1.334216814041137695e+02 2.353548049926757812e+01 2.362506675720214844e+01
1.517464466094970703e+02 1.274952697753906250e+02 2.351339340209960938e+01 2.437926483154296875e+01
1.531540737152099609e+02 1.221135082244873047e+02 2.443425369262695312e+01 2.414627456665039062e+01
1.548777580261230469e+02 1.180385551452636719e+02 2.361452484130859375e+01 2.362860107421875000e+01
1.570908565521240234e+02 1.129214649200439453e+02 2.307723617553710938e+01 2.410071182250976562e+01
1.582047052383422852e+02 1.075813465118408203e+02 2.320966911315917969e+01 2.473670578002929688e+01
1.587153892517089844e+02 1.024628458023071289e+02 2.286604309082031250e+01 2.435344505310058594e+01
1.598739471435546875e+02 9.734329509735107422e+01 2.286944580078125000e+01 2.348819160461425781e+01
1.610533781051635742e+02 9.195166969299316406e+01 2.372210121154785156e+01 2.426576614379882812e+01
1.624803714752197266e+02 8.846601104736328125e+01 2.316700363159179688e+01 2.356830596923828125e+01
1.636308364868164062e+02 8.444869422912597656e+01 2.139295196533203125e+01 2.227169418334960938e+01
1.652769546508789062e+02 8.015110588073730469e+01 2.215063476562500000e+01 2.231809616088867188e+01
1.667505941390991211e+02 7.732183456420898438e+01 2.084851264953613281e+01 2.119232940673828125e+01
1.671414651870727539e+02 7.291719055175781250e+01 2.164002037048339844e+01 2.231438446044921875e+01
1.682888441085815430e+02 6.842938137054443359e+01 2.189816474914550781e+01 2.279962348937988281e+01
1.694467945098876953e+02 6.638167285919189453e+01 2.001893997192382812e+01 1.991334342956542969e+01
1.706420612335205078e+02 6.396543312072753906e+01 1.908285903930664062e+01 1.905012893676757812e+01
1.709445953369140625e+02 6.308678436279296875e+01 1.832188415527343750e+01 1.884683227539062500e+01
1.723678865432739258e+02 6.176934909820556641e+01 2.022825431823730469e+01 1.970807456970214844e+01
1.751480388641357422e+02 6.084580421447753906e+01 1.979804611206054688e+01 1.963191604614257812e+01
1.763974351882934570e+02 6.038675403594970703e+01 2.113429069519042969e+01 2.075742149353027344e+01
1.754013843536376953e+02 5.869322490692138672e+01 2.084937667846679688e+01 2.124338722229003906e+01
1.754916906356811523e+02 6.000308609008789062e+01 2.000679206848144531e+01 2.020713806152343750e+01
1.752002820968627930e+02 6.010078811645507812e+01 2.007718086242675781e+01 1.968733978271484375e+01
1.753864765167236328e+02 6.020770740509033203e+01 2.011556625366210938e+01 1.980724143981933594e+01
1.755079603195190430e+02 6.100975990295410156e+01 1.958329963684082031e+01 1.958191299438476562e+01
1.747628383636474609e+02 6.125979232788085938e+01 1.964716720581054688e+01 1.934805297851562500e+01
1.747032604217529297e+02 6.123025894165039062e+01 1.923768997192382812e+01 1.905857849121093750e+01
1.747442302703857422e+02 6.150607776641845703e+01 1.918919754028320312e+01 1.888965415954589844e+01
1.749063711166381836e+02 6.154913139343261719e+01 1.960445594787597656e+01 1.927308273315429688e+01
1.755225534439086914e+02 6.053708171844482422e+01 2.048346519470214844e+01 1.997608375549316406e+01
1.770030260086059570e+02 6.046947860717773438e+01 2.093101310729980469e+01 2.050009918212890625e+01
1.771610546112060547e+02 6.112009906768798828e+01 2.009392166137695312e+01 1.985568809509277344e+01
1.788085384368896484e+02 6.014211559295654297e+01 1.994589614868164062e+01 1.997521400451660156e+01
1.800332841873168945e+02 5.941927146911621094e+01 2.046912193298339844e+01 2.017020797729492188e+01
1.822717571258544922e+02 5.866922473907470703e+01 2.061863327026367188e+01 2.016776084899902344e+01
1.843561086654663086e+02 5.751204204559326172e+01 2.172274971008300781e+01 2.103571510314941406e+01
1.881893634796142578e+02 5.643099880218505859e+01 2.156478500366210938e+01 2.110035896301269531e+01
1.914698829650878906e+02 5.625800037384033203e+01 2.093675994873046875e+01 2.097037315368652344e+01
1.940717096328735352e+02 5.596666526794433594e+01 2.007440757751464844e+01 2.017449569702148438e+01
1.968250217437744141e+02 5.532651901245117188e+01 2.011431503295898438e+01 2.069613647460937500e+01
1.998038206100463867e+02 5.428935623168945312e+01 2.101899909973144531e+01 2.093850708007812500e+01
2.027469244003295898e+02 5.397535705566406250e+01 1.988604927062988281e+01 2.027220153808593750e+01
2.055914859771728516e+02 5.255571937561035156e+01 2.087846755981445312e+01 2.137323379516601562e+01
2.074016685485839844e+02 5.235200214385986328e+01 2.061415100097656250e+01 2.107887840270996094e+01
2.092950639724731445e+02 5.202438449859619141e+01 2.096725273132324219e+01 2.100202751159667969e+01
2.129146223068237305e+02 5.107493686676025391e+01 2.020729255676269531e+01 2.089278984069824219e+01
2.139559659957885742e+02 5.153256702423095703e+01 2.090949440002441406e+01 2.144650840759277344e+01
2.166867036819458008e+02 5.066061115264892578e+01 2.111215782165527344e+01 2.088246726989746094e+01
2.190098562240600586e+02 5.073418140411376953e+01 2.122990608215332031e+01 2.130772972106933594e+01
2.209881811141967773e+02 5.031438446044921875e+01 2.078673744201660156e+01 2.102568817138671875e+01
2.232435989379882812e+02 4.971593284606933594e+01 2.106358337402343750e+01 2.119829940795898438e+01
2.250729093551635742e+02 4.884398937225341797e+01 2.097139167785644531e+01 2.099003028869628906e+01
2.262101345062255859e+02 4.872787284851074219e+01 2.150071334838867188e+01 2.242279434204101562e+01
2.282575263977050781e+02 4.801735591888427734e+01 2.118782043457031250e+01 2.128073310852050781e+01
2.301032962799072266e+02 4.796920204162597656e+01 2.089253616333007812e+01 2.170049667358398438e+01
2.310538082122802734e+02 4.702199172973632812e+01 2.108834457397460938e+01 2.146924591064453125e+01
2.325507917404174805e+02 4.700324821472167969e+01 2.101671028137207031e+01 2.140432357788085938e+01
2.339742841720581055e+02 4.696709823608398438e+01 2.135502815246582031e+01 2.197640228271484375e+01
2.360073385238647461e+02 4.706564903259277344e+01 2.123134040832519531e+01 2.146084213256835938e+01
2.373097248077392578e+02 4.639332675933837891e+01 1.995961380004882812e+01 2.068295860290527344e+01
2.394194974899291992e+02 4.619241714477539062e+01 1.969337654113769531e+01 2.084690093994140625e+01
2.402184295654296875e+02 4.522599220275878906e+01 2.063360595703125000e+01 2.108948898315429688e+01
2.403712520599365234e+02 4.519770812988281250e+01 1.994589614868164062e+01 2.082975006103515625e+01
2.422435617446899414e+02 4.456621742248535156e+01 1.999917411804199219e+01 2.060526657104492188e+01
2.427166557312011719e+02 4.458367919921875000e+01 2.032965850830078125e+01 2.099221801757812500e+01
2.436505565643310547e+02 4.413164234161376953e+01 2.031351089477539062e+01 2.039688682556152344e+01
2.438073015213012695e+02 4.469435882568359375e+01 2.016329765319824219e+01 2.052690887451171875e+01
2.444776229858398438e+02 4.376181602478027344e+01 1.969972991943359375e+01 2.020472335815429688e+01
2.451041641235351562e+02 4.267475795745849609e+01 1.999082183837890625e+01 2.031273841857910156e+01
2.444032239913940430e+02 4.329994869232177734e+01 2.046966743469238281e+01 2.154423713684082031e+01
2.453266477584838867e+02 4.246694946289062500e+01 1.979736518859863281e+01 2.044425964355468750e+01
2.441380138397216797e+02 4.250329780578613281e+01 2.065192031860351562e+01 2.127989578247070312e+01
2.453799543380737305e+02 4.254715538024902344e+01 2.001645851135253906e+01 2.076877212524414062e+01
2.453314247131347656e+02 4.178350734710693359e+01 1.979893493652343750e+01 2.028928565979003906e+01
2.449913110733032227e+02 4.241248798370361328e+01 1.959602928161621094e+01 2.098499107360839844e+01
2.452623023986816406e+02 4.177064990997314453e+01 1.965125274658203125e+01 2.065569114685058594e+01
2.451423082351684570e+02 4.149075508117675781e+01 1.875187492370605469e+01 2.063174057006835938e+01
2.437151412963867188e+02 4.625162982940673828e+01 1.987215423583984375e+01 2.017626762390136719e+01
2.429307775497436523e+02 4.673012447357177734e+01 1.935156440734863281e+01 2.112415504455566406e+01
2.423213949203491211e+02 4.787641906738281250e+01 2.052623939514160156e+01 2.147470092773437500e+01
2.409763040542602539e+02 4.890701389312744141e+01 2.063214683532714844e+01 2.157531547546386719e+01
2.406197681427001953e+02 5.139866447448730469e+01 1.937638473510742188e+01 2.101926040649414062e+01
2.395333776473999023e+02 5.293377971649169922e+01 2.028698921203613281e+01 2.191846656799316406e+01
2.392756462097167969e+02 5.443405342102050781e+01 2.052864837646484375e+01 2.187751388549804688e+01
2.381704196929931641e+02 5.588682365417480469e+01 2.007278823852539062e+01 2.132114028930664062e+01
2.369235792160034180e+02 5.733164691925048828e+01 2.035312080383300781e+01 2.185788536071777344e+01
2.359804725646972656e+02 5.894418048858642578e+01 1.960628509521484375e+01 2.133012962341308594e+01
2.348787145614624023e+02 6.022609329223632812e+01 2.026228523254394531e+01 2.140221405029296875e+01
2.347436046600341797e+02 6.154933166503906250e+01 1.983694076538085938e+01 2.163541412353515625e+01
2.340737600326538086e+02 6.342375087738037109e+01 1.939695930480957031e+01 2.126846504211425781e+01
2.330268487930297852e+02 6.450582408905029297e+01 2.014586448669433594e+01 2.125486183166503906e+01
2.320251474380493164e+02 6.548178768157958984e+01 2.025376701354980469e+01 2.110222816467285156e+01
2.315493650436401367e+02 6.654586029052734375e+01 2.072511482238769531e+01 2.106230926513671875e+01
2.307529401779174805e+02 6.776569747924804688e+01 2.175847816467285156e+01 2.238795471191406250e+01
2.296194534301757812e+02 6.925840950012207031e+01 2.312258148193359375e+01 2.310066604614257812e+01
2.278575859069824219e+02 7.048667716979980469e+01 2.230197906494140625e+01 2.311348342895507812e+01
2.269404449462890625e+02 7.112947559356689453e+01 2.221307373046875000e+01 2.238836479187011719e+01
2.268777885437011719e+02 7.324903583526611328e+01 2.228805541992187500e+01 2.237871360778808594e+01
2.250673141479492188e+02 7.451183605194091797e+01 2.173474884033203125e+01 2.247265815734863281e+01
2.248593349456787109e+02 7.559993934631347656e+01 2.223226547241210938e+01 2.323750686645507812e+01
2.238875865936279297e+02 7.643505954742431641e+01 2.195778274536132812e+01 2.315019035339355469e+01
2.218791666030883789e+02 7.755297660827636719e+01 2.231460380554199219e+01 2.350690078735351562e+01
2.206071910858154297e+02 7.932030010223388672e+01 2.337417984008789062e+01 2.379848670959472656e+01
2.187129507064819336e+02 8.021538734436035156e+01 2.288511848449707031e+01 2.307716751098632812e+01
2.186718997955322266e+02 8.151071548461914062e+01 2.231019973754882812e+01 2.312644958496093750e+01
2.171820001602172852e+02 8.246159839630126953e+01 2.278815269470214844e+01 2.340862083435058594e+01
2.164101486206054688e+02 8.360354518890380859e+01 2.225489807128906250e+01 2.370282173156738281e+01
2.144900293350219727e+02 8.563987064361572266e+01 2.205129814147949219e+01 2.331972312927246094e+01
2.139284667968750000e+02 8.674722766876220703e+01 2.141256713867187500e+01 2.310614585876464844e+01
2.121612854003906250e+02 8.792564773559570312e+01 2.256850433349609375e+01 2.293865203857421875e+01
2.113744306564331055e+02 8.933923339843750000e+01 2.217989540100097656e+01 2.355525207519531250e+01
2.098543605804443359e+02 9.071215248107910156e+01 2.253878402709960938e+01 2.312040328979492188e+01
2.081457862854003906e+02 9.189892196655273438e+01 2.166712951660156250e+01 2.279293823242187500e+01
2.072570667266845703e+02 9.263902473449707031e+01 2.069214248657226562e+01 2.274341964721679688e+01
2.055616064071655273e+02 9.373228168487548828e+01 2.000483131408691406e+01 2.194517326354980469e+01
2.044682979583740234e+02 9.508365726470947266e+01 2.004082870483398438e+01 2.154324913024902344e+01
2.042381105422973633e+02 9.762233257293701172e+01 1.973532676696777344e+01 2.054754066467285156e+01
2.022292547225952148e+02 9.923960876464843750e+01 2.108812141418457031e+01 2.089263916015625000e+01
2.016736907958984375e+02 9.918675708770751953e+01 2.014577484130859375e+01 2.065682792663574219e+01
2.007424840927124023e+02 9.615555667877197266e+01 2.043584632873535156e+01 2.152412986755371094e+01
2.012239780426025391e+02 9.501053905487060547e+01 2.212400436401367188e+01 2.302642250061035156e+01
2.002939176559448242e+02 9.307183456420898438e+01 2.052431678771972656e+01 2.193114471435546875e+01
2.002816200256347656e+02 8.973414230346679688e+01 2.107653808593750000e+01 2.228810119628906250e+01
2.000310096740722656e+02 8.848530673980712891e+01 2.221439361572265625e+01 2.291789054870605469e+01
1.985642385482788086e+02 8.651323699951171875e+01 2.246522712707519531e+01 2.246069335937500000e+01
1.985167989730834961e+02 8.328973007202148438e+01 2.187668037414550781e+01 2.270720672607421875e+01
1.991389102935791016e+02 8.176219177246093750e+01 2.210916519165039062e+01 2.210856628417968750e+01
1.977394084930419922e+02 7.984355354309082031e+01 2.302281570434570312e+01 2.293467330932617188e+01
1.977251892089843750e+02 7.845739746093750000e+01 2.278533935546875000e+01 2.250103759765625000e+01
1.969079914093017578e+02 7.599290752410888672e+01 2.208736801147460938e+01 2.204074287414550781e+01
1.968016052246093750e+02 7.380007266998291016e+01 2.118877410888671875e+01 2.207425498962402344e+01
1.950755777359008789e+02 7.190904331207275391e+01 2.286292076110839844e+01 2.279323387145996094e+01
1.938376903533935547e+02 7.091506671905517578e+01 2.139130020141601562e+01 2.172871208190917969e+01
1.924002647399902344e+02 6.910673332214355469e+01 2.112266540527343750e+01 2.223655319213867188e+01
1.917331466674804688e+02 6.811541938781738281e+01 1.992086029052734375e+01 2.064692306518554688e+01
1.899443416595458984e+02 6.765188407897949219e+01 2.082926559448242188e+01 2.093688583374023438e+01
1.897739391326904297e+02 6.523413658142089844e+01 2.152136611938476562e+01 2.167284774780273438e+01
1.885511426925659180e+02 6.342104244232177734e+01 2.019880104064941406e+01 2.121394538879394531e+01
1.872017593383789062e+02 6.249856948852539062e+01 2.134262084960937500e+01 2.128098297119140625e+01
1.859107294082641602e+02 6.174653720855712891e+01 2.178196525573730469e+01 2.160671043395996094e+01
1.851236658096313477e+02 6.029733943939208984e+01 2.103333854675292969e+01 2.106772804260253906e+01
1.836408977508544922e+02 5.882608699798583984e+01 2.047819900512695312e+01 2.137645912170410156e+01
1.820548276901245117e+02 5.701111793518066406e+01 2.054364967346191406e+01 2.095534896850585938e+01
1.801934232711791992e+02 5.631191253662109375e+01 1.996590614318847656e+01 2.108718872070312500e+01
1.786492748260498047e+02 5.598812580108642578e+01 2.016508865356445312e+01 2.109376335144042969e+01
1.771290483474731445e+02 5.462157249450683594e+01 2.002120780944824219e+01 2.061961746215820312e+01
1.751877040863037109e+02 5.409927368164062500e+01 1.985291671752929688e+01 2.045587158203125000e+01
1.730500278472900391e+02 5.253472709655761719e+01 2.019948196411132812e+01 2.128242111206054688e+01
1.710651502609252930e+02 5.225765132904052734e+01 2.080565834045410156e+01 2.118091773986816406e+01
1.696307497024536133e+02 5.284228610992431641e+01 2.082784843444824219e+01 2.047111320495605469e+01
1.678215560913085938e+02 5.323691272735595703e+01 1.861062622070312500e+01 1.889693260192871094e+01
1.665491399765014648e+02 5.229118824005126953e+01 1.996528816223144531e+01 1.915045738220214844e+01
1.647263555526733398e+02 5.184874248504638672e+01 1.937932014465332031e+01 1.967578315734863281e+01
1.632312231063842773e+02 5.124868869781494141e+01 1.904556465148925781e+01 1.923535728454589844e+01
1.620488405227661133e+02 5.239551544189453125e+01 1.898355674743652344e+01 1.872389221191406250e+01
1.608704071044921875e+02 5.263823890686035156e+01 1.821289062500000000e+01 1.712467575073242188e+01
1.605340776443481445e+02 5.357048130035400391e+01 1.826285362243652344e+01 1.659522056579589844e+01
1.597728528976440430e+02 5.436440086364746094e+01 1.816271400451660156e+01 1.653473281860351562e+01
1.618755245208740234e+02 5.466351795196533203e+01 1.778900527954101562e+01 1.602118492126464844e+01
1.651058950424194336e+02 5.374759292602539062e+01 1.840381813049316406e+01 1.679466247558593750e+01
1.707859916687011719e+02 5.291077041625976562e+01 1.883647155761718750e+01 1.814605712890625000e+01
1.756911153793334961e+02 5.210344791412353516e+01 2.001301765441894531e+01 1.996750450134277344e+01
1.799236717224121094e+02 5.169154834747314453e+01 2.133816528320312500e+01 2.136427879333496094e+01
1.851506347656250000e+02 5.279816818237304688e+01 2.078372192382812500e+01 2.163816070556640625e+01
1.914411497116088867e+02 5.333967781066894531e+01 2.127556800842285156e+01 2.167813491821289062e+01
1.957911882400512695e+02 5.442493438720703125e+01 2.099138450622558594e+01 2.138540649414062500e+01
2.009698667526245117e+02 5.466329097747802734e+01 2.039436531066894531e+01 2.116729164123535156e+01
2.059050922393798828e+02 5.561642742156982422e+01 2.155320358276367188e+01 2.147543525695800781e+01
2.099255762100219727e+02 5.612277317047119141e+01 2.136668205261230469e+01 2.122960472106933594e+01
2.139160814285278320e+02 5.717422580718994141e+01 2.128151512145996094e+01 2.074757957458496094e+01
2.193049116134643555e+02 5.850570583343505859e+01 2.102033424377441406e+01 2.073936653137207031e+01
2.235440359115600586e+02 5.881924247741699219e+01 2.106059455871582031e+01 2.055097579956054688e+01
2.273879518508911133e+02 6.042615604400634766e+01 2.143685722351074219e+01 2.052424430847167969e+01
2.318554630279541016e+02 6.051746845245361328e+01 2.089703750610351562e+01 2.051782798767089844e+01
2.361255750656127930e+02 6.181259536743164062e+01 2.007940864562988281e+01 2.109284210205078125e+01
2.397913770675659180e+02 6.216785430908203125e+01 2.045698738098144531e+01 2.090937805175781250e+01
2.423978624343872070e+02 6.328621959686279297e+01 1.942890739440917969e+01 2.114270973205566406e+01
2.425513772964477539e+02 6.420867443084716797e+01 1.944482994079589844e+01 2.083307838439941406e+01
2.403053607940673828e+02 6.570741462707519531e+01 1.886748886108398438e+01 2.044072341918945312e+01
2.376933403015136719e+02 6.753628730773925781e+01 1.816433715820312500e+01 1.949752426147460938e+01
2.322419281005859375e+02 6.877848339080810547e+01 1.900569152832031250e+01 1.909339332580566406e+01
2.293833608627319336e+02 6.732942581176757812e+01 2.120861244201660156e+01 2.083364105224609375e+01
2.261020631790161133e+02 6.752048206329345703e+01 2.119605827331542969e+01 2.188677024841308594e+01
2.217685222625732422e+02 6.760134029388427734e+01 2.066620254516601562e+01 2.158340644836425781e+01
2.173775320053100586e+02 6.813119792938232422e+01 2.103070259094238281e+01 2.197923469543457031e+01
2.148164329528808594e+02 6.932481384277343750e+01 2.141098022460937500e+01 2.204549407958984375e+01
2.117310905456542969e+02 6.991156482696533203e+01 2.166221618652343750e+01 2.220971488952636719e+01
2.080643234252929688e+02 7.094273757934570312e+01 2.084385681152343750e+01 2.172097778320312500e+01
2.060975627899169922e+02 7.222928333282470703e+01 2.028578567504882812e+01 2.141946983337402344e+01
2.021414556503295898e+02 7.301475524902343750e+01 2.056404304504394531e+01 2.140917205810546875e+01
1.984589519500732422e+02 7.367685127258300781e+01 2.035815811157226562e+01 2.112456893920898438e+01
1.943913183212280273e+02 7.426663208007812500e+01 2.084349250793457031e+01 2.135276794433593750e+01
1.907250547409057617e+02 7.547710895538330078e+01 2.106983375549316406e+01 2.179204368591308594e+01
1.870223274230957031e+02 7.606423664093017578e+01 2.060137176513671875e+01 2.182921409606933594e+01
1.830288782119750977e+02 7.648774242401123047e+01 2.024661064147949219e+01 2.168573188781738281e+01
1.799635543823242188e+02 7.715787601470947266e+01 2.046804809570312500e+01 2.155029869079589844e+01
1.756041641235351562e+02 7.763350486755371094e+01 2.109477996826171875e+01 2.169503402709960938e+01
1.722936258316040039e+02 7.791301822662353516e+01 2.163861656188964844e+01 2.260096549987792969e+01
1.681586999893188477e+02 7.752921104431152344e+01 2.190688133239746094e+01 2.257681655883789062e+01
1.641573839187622070e+02 7.823607635498046875e+01 2.176743888854980469e+01 2.308329010009765625e+01
1.615810260772705078e+02 7.845860290527343750e+01 2.097043228149414062e+01 2.210373687744140625e+01
1.573286180496215820e+02 7.905418682098388672e+01 2.084615135192871094e+01 2.211374855041503906e+01
1.545535087585449219e+02 7.994373989105224609e+01 2.108058929443359375e+01 2.216655921936035156e+01
1.513546848297119141e+02 7.982284450531005859e+01 2.088818740844726562e+01 2.264112281799316406e+01
1.482705383300781250e+02 8.026073074340820312e+01 2.135337829589843750e+01 2.247599792480468750e+01
1.464901704788208008e+02 8.121161079406738281e+01 2.217594718933105469e+01 2.321662521362304688e+01
1.464992008209228516e+02 8.160871696472167969e+01 2.161911392211914062e+01 2.268435287475585938e+01
1.493605356216430664e+02 8.131130218505859375e+01 2.283028221130371094e+01 2.312878417968750000e+01
1.530854320526123047e+02 7.975388336181640625e+01 2.276124191284179688e+01 2.323465728759765625e+01
1.573936748504638672e+02 7.876426506042480469e+01 2.198173904418945312e+01 2.264610671997070312e+01
1.607840404510498047e+02 7.893518543243408203e+01 2.100304794311523438e+01 2.213833427429199219e+01
1.640575819015502930e+02 7.784308433532714844e+01 2.106819343566894531e+01 2.116299057006835938e+01
1.679203472137451172e+02 7.699279212951660156e+01 2.171355056762695312e+01 2.228972244262695312e+01
1.713102569580078125e+02 7.678526592254638672e+01 2.224642944335937500e+01 2.224520301818847656e+01
1.744801692962646484e+02 7.725843238830566406e+01 1.976635360717773438e+01 2.086665725708007812e+01
1.784670925140380859e+02 7.632596683502197266e+01 1.870296859741210938e+01 2.038915061950683594e+01
1.801880083084106445e+02 7.730900859832763672e+01 1.740734672546386719e+01 2.000806617736816406e+01
1.805289192199707031e+02 7.790770435333251953e+01 1.869148254394531250e+01 1.932385826110839844e+01
1.825405426025390625e+02 7.780677986145019531e+01 1.841864776611328125e+01 1.945036697387695312e+01
1.799317417144775391e+02 7.687445449829101562e+01 1.936696243286132812e+01 1.984167480468750000e+01
1.815941495895385742e+02 7.624778175354003906e+01 1.945629310607910156e+01 2.024488449096679688e+01
1.831239175796508789e+02 7.636966896057128906e+01 1.945152091979980469e+01 2.012812423706054688e+01
1.893115196228027344e+02 7.300190734863281250e+01 1.929785156250000000e+01 2.153690338134765625e+01
1.905391101837158203e+02 7.010415172576904297e+01 1.987875747680664062e+01 2.117323493957519531e+01
1.923169641494750977e+02 6.501415061950683594e+01 2.005742454528808594e+01 2.096637344360351562e+01
1.925231428146362305e+02 5.916248607635498047e+01 2.003877449035644531e+01 2.075931739807128906e+01
1.944919338226318359e+02 5.158398151397705078e+01 1.965507125854492188e+01 2.109039115905761719e+01
1.998617229461669922e+02 4.465852546691894531e+01 1.810642623901367188e+01 2.004191207885742188e+01
1.989480705261230469e+02 3.717057991027832031e+01 2.007367706298828125e+01 1.993312835693359375e+01
2.019470090866088867e+02 3.044416141510009766e+01 1.813810157775878906e+01 1.909551429748535156e+01
2.043485336303710938e+02 2.586326694488525391e+01 1.891470336914062500e+01 1.962820625305175781e+01
2.061361045837402344e+02 2.014782047271728516e+01 1.889443206787109375e+01 2.036426734924316406e+01
2.085465478897094727e+02 1.841351985931396484e+01 1.885394096374511719e+01 1.880068778991699219e+01
2.096201143264770508e+02 1.810415840148925781e+01 1.881276512145996094e+01 1.860794830322265625e+01
2.110854349136352539e+02 1.914956760406494141e+01 1.809613609313964844e+01 1.875084877014160156e+01
2.127261705398559570e+02 2.086804676055908203e+01 1.772762870788574219e+01 1.843678474426269531e+01
2.129131031036376953e+02 2.252925586700439453e+01 1.889696121215820312e+01 1.901125526428222656e+01
2.134501810073852539e+02 2.446276378631591797e+01 1.872369194030761719e+01 1.938519096374511719e+01
2.139245023727416992e+02 2.748437213897705078e+01 1.752228736877441406e+01 1.869671058654785156e+01
2.148192996978759766e+02 2.930517482757568359e+01 1.763999557495117188e+01 1.911579704284667969e+01
2.138883161544799805e+02 3.022891426086425781e+01 1.772382545471191406e+01 1.980514526367187500e+01
2.150044212341308594e+02 3.160715484619140625e+01 1.852530670166015625e+01 1.999545669555664062e+01
2.147212858200073242e+02 3.386688804626464844e+01 1.827368354797363281e+01 1.991468048095703125e+01
2.160731554031372070e+02 3.584575271606445312e+01 1.837998008728027344e+01 1.971749496459960938e+01
2.161421222686767578e+02 3.754965209960937500e+01 1.796332931518554688e+01 1.981318283081054688e+01
2.173589277267456055e+02 3.877742958068847656e+01 1.829850959777832031e+01 2.016973876953125000e+01
2.176427841186523438e+02 3.929604339599609375e+01 1.769290924072265625e+01 1.986922836303710938e+01
2.179801454544067383e+02 3.911654090881347656e+01 1.742145347595214844e+01 1.967346191406250000e+01
2.189941587448120117e+02 4.038003253936767578e+01 1.786172676086425781e+01 1.953367805480957031e+01
2.194248914718627930e+02 4.016016006469726562e+01 1.738749885559082031e+01 1.951166915893554688e+01
2.201377124786376953e+02 4.109640693664550781e+01 1.783697891235351562e+01 1.982886505126953125e+01
2.204361486434936523e+02 4.214262199401855469e+01 1.686390113830566406e+01 1.963456726074218750e+01
2.211191158294677734e+02 4.345104026794433594e+01 1.755217361450195312e+01 1.975440216064453125e+01
2.215635137557983398e+02 4.312613773345947266e+01 1.698318672180175781e+01 1.977655220031738281e+01
2.216015930175781250e+02 4.371083259582519531e+01 1.722482299804687500e+01 2.014449310302734375e+01
2.215359506607055664e+02 4.428028964996337891e+01 1.736444664001464844e+01 2.041407966613769531e+01
2.222492008209228516e+02 4.493924903869628906e+01 1.820778274536132812e+01 2.022595214843750000e+01
2.224758911132812500e+02 4.390523815155029297e+01 1.700276947021484375e+01 1.995490074157714844e+01
2.229176607131958008e+02 4.372465229034423828e+01 1.748083305358886719e+01 1.984980201721191406e+01
2.236369762420654297e+02 4.315034770965576172e+01 1.806257247924804688e+01 1.956845664978027344e+01
2.231305370330810547e+02 4.030842685699462891e+01 1.771857070922851562e+01 1.986363410949707031e+01
2.240494852066040039e+02 3.828428649902343750e+01 1.817544364929199219e+01 1.989226913452148438e+01
2.232155265808105469e+02 3.531517791748046875e+01 1.795815277099609375e+01 2.008700942993164062e+01
2.240188302993774414e+02 3.448454284667968750e+01 1.806160545349121094e+01 1.953948593139648438e+01
2.242867908477783203e+02 3.353980731964111328e+01 1.906589889526367188e+01 2.060074806213378906e+01
2.237360162734985352e+02 3.669450855255126953e+01 1.931031608581542969e+01 2.105786323547363281e+01
2.202787008285522461e+02 4.510220718383789062e+01 2.022012519836425781e+01 2.298282241821289062e+01
2.198632926940917969e+02 5.373088645935058594e+01 2.061800384521484375e+01 2.177566528320312500e+01
2.212271690368652344e+02 4.344751548767089844e+01 1.948373413085937500e+01 2.111595916748046875e+01
2.198689451217651367e+02 3.992228507995605469e+01 2.013846015930175781e+01 2.130084228515625000e+01
2.196714687347412109e+02 4.107261657714843750e+01 1.953701400756835938e+01 2.083726882934570312e+01
2.178371410369873047e+02 4.525098514556884766e+01 2.143960189819335938e+01 2.238788032531738281e+01
2.154884710311889648e+02 5.662000370025634766e+01 2.122765541076660156e+01 2.198855018615722656e+01
2.162210702896118164e+02 4.937987422943115234e+01 2.204988670349121094e+01 2.292420005798339844e+01
2.158297100067138672e+02 4.550741863250732422e+01 2.105040359497070312e+01 2.213968467712402344e+01
2.150858039855957031e+02 4.610048675537109375e+01 2.082872772216796875e+01 2.187909317016601562e+01
2.135391836166381836e+02 5.105704593658447266e+01 2.173188972473144531e+01 2.297458076477050781e+01
2.142671928405761719e+02 5.653109455108642578e+01 2.191114807128906250e+01 2.352220344543457031e+01
2.128908452987670898e+02 5.122311687469482422e+01 2.277311134338378906e+01 2.326239585876464844e+01
2.122583580017089844e+02 4.958618164062500711e+01 2.196108245849609375e+01 2.349351882934569602e+01
2.110690364837646484e+02 5.156195449829101562e+01 2.202435684204101562e+01 2.263412094116210938e+01
2.093444213867187500e+02 5.871018409729003906e+01 2.242281341552734375e+01 2.319053649902343750e+01
2.085465316772460938e+02 5.543213462829589844e+01 2.141256713867187500e+01 2.247292327880859375e+01
2.090391979217529297e+02 5.380939197540283203e+01 2.206020736694335938e+01 2.267067909240722656e+01
2.076362237930297852e+02 5.758736228942871094e+01 2.205900382995605469e+01 2.291085815429687500e+01
2.060370283126831055e+02 6.084558582305908203e+01 2.259092903137207031e+01 2.243116188049316406e+01
2.057157869338989258e+02 5.763912200927734375e+01 2.074092674255371094e+01 2.232689285278320312e+01
2.051909580230712891e+02 5.970430564880371094e+01 2.184273147583007812e+01 2.221520996093750000e+01
2.042618484497070312e+02 6.357082080841064453e+01 2.237230682373046875e+01 2.271324348449707031e+01
2.044393491744995117e+02 6.070907211303710938e+01 2.138572883605957031e+01 2.199032974243164062e+01
2.038143358230590820e+02 6.283509540557861328e+01 2.078490257263183594e+01 2.228007698059082031e+01
2.033001346588134766e+02 6.566418266296386719e+01 2.062765884399414062e+01 2.175539398193359375e+01
2.027899665832519531e+02 6.347955894470214844e+01 2.047850036621093750e+01 2.142501068115234375e+01
2.021446819305419922e+02 6.639443588256835938e+01 2.114828872680664062e+01 2.194698715209960938e+01
2.003218851089477539e+02 6.417385864257812500e+01 2.176798057556152344e+01 2.250772476196289062e+01
1.987990007400512695e+02 6.605597496032714844e+01 2.182169151306152344e+01 2.300011444091796875e+01
1.986373109817504883e+02 6.568874931335449219e+01 2.235648155212402344e+01 2.261289215087890625e+01
1.980649900436401367e+02 6.661045551300048828e+01 2.231612586975097656e+01 2.336090278625488281e+01
1.974313106536865234e+02 6.757494449615478516e+01 2.243428421020507812e+01 2.305185127258300781e+01
1.960785799026489258e+02 6.760372257232666016e+01 2.308098411560058594e+01 2.321874427795410156e+01
1.950285358428955078e+02 6.867500019073486328e+01 2.220718002319335938e+01 2.340750312805175781e+01
1.931973171234130859e+02 7.075648498535156250e+01 2.201742935180664062e+01 2.235495376586914062e+01
1.921218576431274414e+02 7.148437690734863281e+01 2.082298088073730469e+01 2.157885742187500000e+01
1.911558303833007812e+02 7.148527526855468750e+01 2.061370086669921875e+01 2.147904586791992188e+01
1.898463020324707031e+02 7.208453845977783203e+01 2.064415740966796875e+01 2.180023384094238281e+01
1.885170660018920898e+02 7.353985214233398438e+01 1.963056373596191406e+01 2.061937332153320312e+01
1.872012329101562500e+02 7.388226413726806641e+01 2.030723571777343750e+01 2.072077369689941406e+01
1.860457830429077148e+02 7.317201423645019531e+01 1.974538612365722656e+01 2.106550598144531250e+01
1.845434627532958984e+02 7.402568912506103516e+01 2.095685958862304688e+01 2.145906257629394531e+01
1.830973358154296875e+02 7.429819011688232422e+01 2.098200225830078125e+01 2.159504508972167969e+01
1.821640653610229492e+02 7.453747177124023438e+01 2.006042671203613281e+01 2.156032180786132812e+01
1.824963369369506836e+02 7.521294689178466797e+01 2.040054512023925781e+01 2.163187980651855469e+01
1.813400316238403320e+02 7.446171855926513672e+01 2.039733695983886719e+01 2.157723808288574219e+01
1.796995449066162109e+02 7.524868297576904297e+01 2.061407089233398438e+01 2.212929344177246094e+01
1.793229837417602539e+02 7.545118045806884766e+01 2.014183616638183594e+01 2.191293525695800781e+01
1.780327701568603516e+02 7.556486606597900391e+01 1.989939498901367188e+01 2.166385078430175781e+01
1.782606544494628906e+02 7.566253280639648438e+01 2.057530212402343750e+01 2.238021469116210938e+01
1.775912380218505859e+02 7.466716480255126953e+01 2.066774368286132812e+01 2.289691352844238281e+01
1.783861970901489258e+02 7.526371192932128906e+01 1.986952781677246094e+01 2.167136383056640625e+01
1.779324455261230469e+02 7.489267349243164062e+01 2.025868988037109375e+01 2.211455154418945312e+01
1.775046558380126953e+02 7.592100811004638672e+01 2.050255203247070312e+01 2.210771751403808594e+01
1.774272661209106445e+02 7.488626956939697266e+01 2.105714225769042969e+01 2.177488899230957031e+01
1.781089744567871094e+02 7.449032020568847656e+01 2.057847595214843750e+01 2.129097747802734375e+01
1.765970735549926758e+02 7.424246025085449219e+01 2.179080772399902344e+01 2.157376861572265625e+01
1.799312658309936523e+02 7.217415904998779297e+01 2.072458839416503906e+01 2.192343711853027344e+01
1.815470466613769531e+02 6.985792350769042969e+01 2.107491302490234375e+01 2.276006317138671875e+01
1.812896842956542969e+02 6.694116020202636719e+01 2.014780426025390625e+01 2.277487945556640625e+01
1.804897279739379883e+02 6.428310108184814453e+01 2.098905754089355469e+01 2.173816871643066406e+01
1.811866807937622070e+02 5.956659793853759766e+01 2.192751884460449219e+01 2.291956520080566406e+01
1.846058597564697266e+02 5.573091411590576172e+01 2.229625320434570312e+01 2.321123313903808594e+01
1.840896358489990234e+02 4.969366550445556641e+01 2.420030593872070312e+01 2.432906532287597656e+01
1.893042812347412109e+02 4.847179317474364524e+01 2.343330764770507812e+01 2.251457786560059304e+01
1.956286878585815430e+02 4.827818679809570312e+01 2.196384620666503906e+01 2.076643753051757812e+01
1.952867689132690430e+02 4.801291179656982422e+01 2.169927406311035156e+01 2.242302513122558594e+01
1.997260093688964844e+02 5.612473773956298828e+01 2.076685333251953125e+01 2.163240242004394531e+01
2.016813278198242188e+02 6.214566040039062500e+01 2.106886291503906250e+01 2.196418380737304688e+01
2.031082305908203125e+02 5.273025608062744141e+01 2.079609680175781250e+01 2.165307807922363281e+01
2.047243318557739258e+02 4.918347454071044922e+01 2.135798454284667969e+01 2.281224632263183594e+01
2.051835765838623047e+02 4.914942359924316406e+01 2.187203598022460938e+01 2.275012207031250000e+01
2.076379690170288086e+02 5.458593273162841797e+01 2.110318946838378906e+01 2.189693260192871094e+01
2.084441471099853516e+02 6.063336658477783203e+01 2.157394790649414062e+01 2.248385047912597656e+01
2.088914642333984375e+02 5.375817966461181641e+01 2.258840179443359375e+01 2.324556159973144531e+01
2.106415176391601562e+02 5.234061241149902344e+01 2.111065673828125000e+01 2.238540649414062500e+01
2.120482311248779297e+02 5.275561046600341797e+01 2.127585220336914062e+01 2.192580986022949219e+01
2.135165166854858398e+02 5.895088863372802734e+01 2.116132545471191406e+01 2.242377281188964844e+01
2.143586082458496094e+02 5.683633804321289062e+01 2.232437896728515625e+01 2.351922225952148438e+01
2.141008892059326172e+02 5.329555034637451172e+01 2.221250534057617188e+01 2.313326835632324219e+01
2.153895168304443359e+02 5.449552440643310547e+01 2.170661544799804688e+01 2.246612358093261719e+01
2.165001115798950195e+02 5.957290077209472656e+01 2.173864555358886719e+01 2.305538940429687500e+01
2.169896993637084961e+02 5.672127056121826172e+01 2.292077064514160156e+01 2.377615928649902344e+01
2.175776643753051758e+02 5.444914245605468750e+01 2.263840293884277344e+01 2.296904373168945312e+01
2.198211355209350586e+02 5.528280735015869141e+01 2.316108131408691406e+01 2.377063941955566406e+01
2.199507274627685547e+02 5.874978065490722656e+01 2.243366622924804688e+01 2.288544464111328125e+01
2.104223098754882812e+02 5.150274085998535156e+01 2.503975677490234375e+01 2.509911346435546875e+01
2.149812211990356445e+02 5.205211162567138672e+01 2.562597465515136719e+01 2.648289299011230469e+01
2.069598226547241211e+02 4.640700054168701882e+01 3.175319862365722656e+01 3.173810386657714133e+01
2.046649169921875000e+02 4.386145782470703125e+01 4.023520660400390625e+01 3.670772171020507812e+01
2.011546745300292969e+02 4.450971794128417969e+01 4.353474426269531250e+01 4.188936614990234375e+01
2.009961700439453125e+02 4.122358512878417969e+01 4.757297515869140625e+01 4.254290008544921875e+01
1.999670448303222656e+02 4.132263183593750000e+01 4.816963195800781250e+01 4.136685562133789062e+01
1.993738079071044922e+02 3.893698501586914062e+01 4.808373641967773438e+01 4.294904708862304688e+01
1.998901691436767578e+02 4.051087188720703125e+01 4.680400466918945312e+01 4.268262100219726562e+01
2.002188835144042969e+02 3.875360298156738281e+01 4.441412353515625000e+01 4.336334228515625000e+01
2.005709323883056641e+02 3.862159729003906250e+01 4.338595962524414062e+01 3.972060012817382812e+01
1.997265663146972656e+02 3.823166465759277344e+01 4.153645324707031250e+01 3.978491973876953125e+01
2.004264354705810547e+02 3.663689804077148438e+01 4.250394821166992188e+01 3.891802597045898438e+01
2.031627235412597656e+02 3.553019905090332031e+01 3.945225524902343750e+01 3.704280090332031250e+01
1.980474433898925781e+02 3.411518859863281250e+01 4.088394165039062500e+01 3.598093032836914062e+01
1.971379547119140625e+02 3.221745681762695312e+01 3.876671600341796875e+01 3.709621810913085938e+01
1.941434593200683594e+02 2.973528099060058594e+01 4.015264892578125000e+01 3.869908905029296875e+01
1.959615688323974609e+02 2.796836853027343750e+01 3.988206100463867188e+01 3.624040603637695312e+01
1.954458370208740234e+02 2.779869079589843750e+01 3.998032760620117188e+01 3.384503555297851562e+01
1.970853195190429688e+02 2.578706741333007812e+01 3.947345733642578125e+01 3.328142929077148438e+01
1.980300445556640625e+02 2.437712669372558594e+01 3.882515716552734375e+01 3.443798065185546875e+01
1.999935817718505859e+02 2.513888740539550781e+01 3.868708419799804688e+01 3.444987487792968750e+01
2.064821987152099609e+02 2.602299499511718750e+01 3.735110092163085938e+01 3.524219131469726562e+01
2.174742183685302734e+02 3.480140495300292969e+01 3.124511337280273438e+01 2.948955535888671875e+01
2.163796291351318359e+02 3.417963790893554688e+01 3.402988815307617188e+01 3.012185287475585938e+01
2.140880870819091797e+02 3.952542591094970703e+01 3.396051406860351562e+01 3.197338294982910156e+01
2.181659317016601562e+02 3.814646148681640625e+01 3.397845458984375000e+01 3.464618301391601562e+01
2.163035564422607422e+02 4.143297767639160156e+01 3.453966140747070312e+01 3.516307067871093750e+01
2.049853935241699219e+02 4.172515296936035156e+01 4.230440521240234375e+01 3.483998107910156250e+01
2.148629760742187500e+02 4.558867931365966797e+01 3.369152832031250000e+01 3.131645011901855469e+01
2.161381921768188477e+02 4.847417545318603516e+01 3.104459953308105469e+01 2.784027290344238281e+01
2.235236005783081055e+02 4.912767982482910156e+01 2.383923530578613281e+01 2.569627380371093750e+01
2.202115392684936523e+02 5.338077449798583984e+01 2.036924934387207031e+01 2.169047355651855469e+01
2.176660261154174805e+02 5.433933448791503906e+01 1.845567512512207031e+01 1.974304962158203125e+01
2.144814434051513672e+02 5.497333908081054688e+01 1.910470962524414062e+01 1.996996688842773438e+01
2.111499528884887695e+02 5.635009765625000000e+01 1.865463066101074219e+01 1.996223831176757812e+01
2.095965890884399414e+02 5.702600383758544922e+01 1.839856529235839844e+01 2.050410270690917969e+01
2.064115762710571289e+02 5.720584964752197266e+01 1.868354606628417969e+01 2.095075416564941406e+01
2.042801856994628906e+02 5.720648384094238281e+01 1.904753875732421875e+01 2.094750213623046875e+01
2.022734975814819336e+02 5.783087444305419922e+01 1.866674232482910156e+01 2.052374839782714844e+01
2.010325222015380859e+02 5.779998207092285156e+01 1.976066207885742188e+01 2.053379058837890625e+01
1.998484373092651367e+02 5.758620262145996094e+01 2.114824104309082031e+01 2.150881958007812500e+01
1.980057182312011719e+02 5.805712795257568359e+01 2.073928833007812500e+01 2.214679527282714844e+01
1.959857120513916016e+02 5.817499923706054688e+01 2.130076980590820312e+01 2.192413711547851562e+01
1.947921180725097656e+02 5.808445644378662109e+01 2.102883911132812500e+01 2.163787651062011719e+01
1.917300224304199219e+02 5.799552631378173828e+01 2.291327667236328125e+01 2.286951637268066406e+01
1.905135202407836914e+02 5.918369102478027344e+01 2.234926414489746094e+01 2.247513580322265625e+01
1.900346374511718750e+02 5.845033931732177734e+01 2.119425201416015625e+01 2.312206077575683594e+01
1.913574066162109375e+02 5.777248573303222656e+01 2.200656127929687500e+01 2.284931945800781250e+01
1.927352542877197266e+02 5.950322246551513672e+01 2.274683761596679688e+01 2.306767845153808594e+01
1.950675125122070312e+02 5.906851005554199219e+01 2.216109466552734375e+01 2.229700469970703125e+01
1.967478456497192383e+02 5.933581829071044922e+01 2.069069480895996094e+01 2.172582054138183594e+01
1.996033735275268555e+02 5.889063739776611328e+01 2.249268531799316406e+01 2.211383247375488281e+01
2.027499809265136719e+02 5.968623161315917969e+01 2.185980987548828125e+01 2.104132080078125000e+01
2.047386045455932617e+02 6.009507751464843750e+01 2.041005897521972656e+01 2.043906784057617188e+01
2.077578086853027344e+02 6.001455497741699219e+01 2.002470397949218750e+01 2.008035278320312500e+01
2.122894458770751953e+02 5.743661975860595703e+01 1.941152572631835938e+01 2.017660713195800781e+01
2.143535499572753906e+02 5.673124885559082031e+01 2.005110931396484375e+01 2.043492889404296875e+01
2.173470516204833984e+02 5.652678394317626953e+01 2.029665756225585938e+01 2.055600929260253906e+01
2.214837608337402344e+02 5.523475074768066406e+01 2.000328826904296875e+01 2.045622253417968750e+01
