3.060000000000000000e+02 1.600000000000000000e+02 1.100000000000000000e+01 1.200000000000000000e+01
3.062292747497558594e+02 1.574444303512573242e+02 1.137635040283203125e+01 1.184706687927246094e+01
3.063114829063415527e+02 1.561814603805541992e+02 1.165815067291259766e+01 1.200852775573730469e+01
3.071956338882446289e+02 1.565241494178771973e+02 1.182931327819824219e+01 1.150341701507568359e+01
3.082135205268859863e+02 1.560454316139221191e+02 1.169675731658935547e+01 1.175306606292724609e+01
3.090898060798645020e+02 1.574081902503967285e+02 1.167631435394287109e+01 1.173831844329833984e+01
3.105280508995056152e+02 1.574743089675903320e+02 1.175705814361572266e+01 1.143681144714355469e+01
3.099574189186096191e+02 1.577187547683715820e+02 1.142599773406982422e+01 1.180455589294433594e+01
3.102559976577758789e+02 1.580739188194274902e+02 1.092048454284667969e+01 1.149723529815673828e+01
3.089955687522888184e+02 1.581555719375610352e+02 1.150137805938720703e+01 1.196665000915527344e+01
3.087938461303710938e+02 1.571572008132934570e+02 1.106489181518554688e+01 1.205136680603027344e+01
3.075210924148559570e+02 1.574503860473632812e+02 1.122430229187011719e+01 1.196585083007812500e+01
3.061433014869689941e+02 1.568738861083984375e+02 1.174743175506591797e+01 1.183174133300781250e+01
3.061221342086791992e+02 1.565209684371948242e+02 1.199254798889160156e+01 1.224302864074707031e+01
3.057359137535095215e+02 1.559163627624511719e+02 1.165002155303955078e+01 1.201531982421875000e+01
3.050241866111755371e+02 1.553088474273681641e+02 1.124898242950439453e+01 1.136416244506835938e+01
3.046862311363220215e+02 1.548410878181457520e+02 1.093284320831298828e+01 1.070864391326904297e+01
3.051782913208007812e+02 1.542716732025146484e+02 1.023020172119140625e+01 1.041810226440429688e+01
3.035168623924255371e+02 1.540096712112426758e+02 1.156747531890869141e+01 1.081496238708496094e+01
3.028458514213562012e+02 1.529586820602416992e+02 1.151374149322509766e+01 1.143574333190917969e+01
3.018848443031311035e+02 1.524048957824707031e+02 1.177383708953857422e+01 1.164668655395507812e+01
3.030353722572326660e+02 1.523324851989746094e+02 1.144944667816162109e+01 1.103816986083984375e+01
3.032533683776855469e+02 1.527505636215209961e+02 1.111602401733398438e+01 1.105869865417480469e+01
3.035967154502868652e+02 1.524652295112609863e+02 1.100018405914306641e+01 1.123469066619873047e+01
3.025924062728881836e+02 1.526268701553344727e+02 1.087533378601074219e+01 1.109374427795410156e+01
3.030542826652526855e+02 1.531586565971374512e+02 1.091605091094970703e+01 1.103581333160400391e+01
3.025967063903808594e+02 1.532560863494873047e+02 1.069736099243164062e+01 1.104481506347656250e+01
3.031590237617492676e+02 1.537891454696655273e+02 1.059758663177490234e+01 1.104438209533691406e+01
3.035645718574523926e+02 1.543891301155090332e+02 1.091332530975341797e+01 1.096803569793701172e+01
3.035723462104797363e+02 1.547268328666687012e+02 1.048298931121826172e+01 1.052748966217041016e+01
3.041601958274841309e+02 1.554075255393981934e+02 1.041533756256103516e+01 1.094616794586181641e+01
3.033498654365539551e+02 1.556871190071105957e+02 1.093577098846435547e+01 1.111926174163818359e+01
3.043928365707397461e+02 1.556401052474975586e+02 1.097175788879394531e+01 1.098079109191894531e+01
3.045130534172058105e+02 1.556731309890747070e+02 1.068246555328369141e+01 1.109187507629394531e+01
3.048989624977111816e+02 1.557799911499023438e+02 1.066010570526123047e+01 1.057395553588867188e+01
3.045994482040405273e+02 1.545673227310180664e+02 1.090266609191894531e+01 1.121096611022949219e+01
3.049645533561706543e+02 1.544106063842773438e+02 1.117408466339111328e+01 1.167675018310546875e+01
3.049567785263061523e+02 1.540516395568847656e+02 1.176288795471191406e+01 1.205471801757812500e+01
3.061136679649353027e+02 1.540358934402465820e+02 1.119326877593994141e+01 1.137905311584472656e+01
3.072941136360168457e+02 1.542840127944946289e+02 1.103168010711669922e+01 1.173657035827636719e+01
3.082382640838623047e+02 1.554210729598999023e+02 1.118383789062500000e+01 1.196431541442871094e+01
3.099895615577697754e+02 1.575909895896911621e+02 1.069853115081787109e+01 1.118920993804931641e+01
3.107075524330139160e+02 1.608487224578857422e+02 1.125101757049560547e+01 1.170765686035156250e+01
3.115615177154541016e+02 1.658881845474243164e+02 1.229734420776367188e+01 1.250098991394042969e+01
3.116924948692321777e+02 1.762045307159423828e+02 1.086310291290283203e+01 1.094021224975585938e+01
3.150639429092407227e+02 1.865766730308532715e+02 1.054917716979980469e+01 1.117006397247314453e+01
3.163612003326416016e+02 1.963906998634338379e+02 1.082211685180664062e+01 1.197984600067138672e+01
3.176380586624145508e+02 1.932065701484680176e+02 1.107606315612792969e+01 1.107289791107177734e+01
3.192181696891784668e+02 1.846278853416442871e+02 1.110139179229736328e+01 1.154021358489990234e+01
3.212831077575683594e+02 1.775283846855163574e+02 1.102836990356445312e+01 1.128373432159423828e+01
3.242321815490722656e+02 1.693405442237854004e+02 1.126149368286132812e+01 1.242702960968017578e+01
3.256259260177612305e+02 1.635035619735717773e+02 1.106509590148925781e+01 1.206852340698242188e+01
3.283587594032287598e+02 1.598126220703125000e+02 1.223080730438232422e+01 1.222418785095214844e+01
3.293464250564575195e+02 1.515857076644897461e+02 1.276723289489746094e+01 1.565808486938476562e+01
3.296036915779113770e+02 1.477943553924560547e+02 1.296876430511474609e+01 1.456517982482910156e+01
3.300746846199035645e+02 1.516248431205749512e+02 1.289882564544677734e+01 1.157990169525146484e+01
3.326410069465637207e+02 1.446535840034484863e+02 1.163521862030029297e+01 1.396717166900634766e+01
3.335640225410461426e+02 1.505873112678527832e+02 1.158490276336669922e+01 1.215308475494384766e+01
3.350748825073242188e+02 1.478381309509277344e+02 1.398920059204101562e+01 1.675356864929199219e+01
3.374587340354919434e+02 1.577625279426574707e+02 1.375548648834228516e+01 1.533124256134033203e+01
3.378461694717407227e+02 1.578518843650817871e+02 1.547381782531738281e+01 1.438563823699951172e+01
3.281276469230651855e+02 1.617195382118225098e+02 1.183142185211181641e+01 1.247573947906494141e+01
3.282778296470642090e+02 1.715355286598205566e+02 1.093277835845947266e+01 1.177910709381103516e+01
3.289881253242492676e+02 1.825982294082641602e+02 1.069524288177490234e+01 1.090736770629882812e+01
3.301878681182861328e+02 1.911783752441406250e+02 1.139674758911132812e+01 1.268462944030761719e+01
3.315349607467651367e+02 1.926039161682128906e+02 1.062106895446777344e+01 1.072199058532714844e+01
3.337100090980529785e+02 1.842719864845275879e+02 1.239411830902099609e+01 1.160556888580322266e+01
3.353466911315917969e+02 1.755400910377502441e+02 1.090281295776367188e+01 1.174444103240966797e+01
3.365373549461364746e+02 1.687772259712219238e+02 1.007802295684814453e+01 1.128171443939208984e+01
3.370838036537170410e+02 1.605806465148925781e+02 1.000000000000000000e+01 1.080986022949218750e+01
3.384133081436157227e+02 1.589648556709289551e+02 1.049090862274169922e+01 1.107369518280029297e+01
3.366524071693420410e+02 1.546506342887878418e+02 1.000000000000000000e+01 1.000000000000000000e+01
3.375502843856811523e+02 1.513795933723449707e+02 1.006945705413818359e+01 1.025833702087402344e+01
3.370755825042724609e+02 1.492931866645812988e+02 1.000000000000000000e+01 1.000000000000000000e+01
3.354562344551086426e+02 1.479239196777343750e+02 1.000000000000000000e+01 1.000000000000000000e+01
3.336179065704345703e+02 1.465073161125183105e+02 1.000000000000000000e+01 1.000000000000000000e+01
3.308900008201599121e+02 1.472064142227172852e+02 1.000000000000000000e+01 1.000452899932861328e+01
3.299223675727844238e+02 1.492543792724609375e+02 1.141996955871582031e+01 1.071544170379638672e+01
3.277649598121643066e+02 1.537896256446838379e+02 1.000000000000000000e+01 1.004963874816894531e+01
3.264783892631530762e+02 1.588333034515380859e+02 1.000000000000000000e+01 1.000000000000000000e+01
3.251129064559936523e+02 1.657863883972167969e+02 1.003588581085205078e+01 1.034044647216796875e+01
3.225945591926574707e+02 1.763897809982299805e+02 1.032721900939941406e+01 1.176013374328613281e+01
3.220979051589965820e+02 1.884667029380798340e+02 1.059740543365478516e+01 1.143681049346923828e+01
3.219085316658020020e+02 1.923379559516906738e+02 1.034338951110839844e+01 1.070196819305419922e+01
3.208704910278320312e+02 1.831785712242126465e+02 1.125949764251708984e+01 1.216897678375244141e+01
3.223912405967712402e+02 1.741938595771789551e+02 1.121438598632812500e+01 1.268651294708251953e+01
3.230720686912536621e+02 1.675132923126220703e+02 1.032751464843750000e+01 1.130822944641113281e+01
3.238029503822326660e+02 1.613022856712341309e+02 1.016804695129394531e+01 1.109148693084716797e+01
3.257384529113769531e+02 1.606050167083740234e+02 1.000000000000000000e+01 1.000000000000000000e+01
3.227387194633483887e+02 1.552794303894042969e+02 1.000000000000000000e+01 1.028766632080078125e+01
3.244242315292358398e+02 1.513922262191772461e+02 1.000000000000000000e+01 1.000000000000000000e+01
3.246251831054687500e+02 1.493623290061950684e+02 1.000000000000000000e+01 1.000000000000000000e+01
3.236912279129028320e+02 1.485949625968933105e+02 1.007390022277832031e+01 1.027636337280273438e+01
3.247584991455078125e+02 1.479880695343017578e+02 1.000000000000000000e+01 1.017919445037841797e+01
3.251423048973083496e+02 1.475670552253723145e+02 1.016635608673095703e+01 1.026904106140136719e+01
3.241718969345092773e+02 1.488160228729248047e+02 1.083736228942871094e+01 1.104064464569091797e+01
3.248342084884643555e+02 1.506866497993469238e+02 1.053989982604980469e+01 1.110825538635253906e+01
3.263842535018920898e+02 1.528112130165100098e+02 1.159110832214355469e+01 1.197915458679199219e+01
3.262765512466430664e+02 1.539425354003906250e+02 1.048899650573730469e+01 1.068016338348388672e+01
3.249555053710937500e+02 1.545735373497009277e+02 1.196860504150390625e+01 1.138152313232421875e+01
3.258487911224365234e+02 1.538797063827514648e+02 1.057978057861328125e+01 1.115710163116455078e+01
3.254074697494506836e+02 1.529312829971313477e+02 1.062075996398925781e+01 1.104210758209228516e+01
3.245263371467590332e+02 1.503611273765563965e+02 1.100638484954833984e+01 1.179196929931640625e+01
3.259395637512207031e+02 1.452783813476562500e+02 1.078310394287109375e+01 1.124169826507568359e+01
3.268235778808593750e+02 1.420000185966491699e+02 1.139260864257812500e+01 1.171458816528320312e+01
3.292414779663085938e+02 1.382209773063659668e+02 1.083200836181640625e+01 1.148194885253906250e+01
3.304400320053100586e+02 1.351787419319152832e+02 1.030975914001464844e+01 1.000000000000000000e+01
3.308263182640075684e+02 1.304963302612304688e+02 1.000000000000000000e+01 1.023717403411865234e+01
3.292054767608642578e+02 1.257559947967529297e+02 1.011839580535888672e+01 1.089797878265380859e+01
3.251667499542236328e+02 1.182811994552612305e+02 1.061432552337646484e+01 1.136100864410400391e+01
3.206450352668762207e+02 1.097803964614868164e+02 1.113168907165527344e+01 1.245596408843994141e+01
3.138481030464172363e+02 1.006972570419311523e+02 1.128756523132324219e+01 1.198498249053955078e+01
3.061611933708190918e+02 9.184513950347900391e+01 1.225383758544921875e+01 1.292489147186279297e+01
2.985150318145751953e+02 8.341076803207397461e+01 1.278344249725341797e+01 1.363173484802246094e+01
2.930260472297668457e+02 7.660970973968505859e+01 1.172476005554199219e+01 1.213952541351318359e+01
2.856762571334838867e+02 6.997976016998291016e+01 1.142598819732666016e+01 1.175295925140380859e+01
2.787023072242736816e+02 6.517990303039550781e+01 1.150410652160644531e+01 1.136126422882080078e+01
2.725178732872009277e+02 5.918516635894775391e+01 1.146070098876953125e+01 1.138313198089599609e+01
2.649806237220764160e+02 5.419422817230224609e+01 1.202738761901855469e+01 1.196044063568115234e+01
2.574991450309753418e+02 5.103255987167358398e+01 1.192977523803710938e+01 1.165244102478027344e+01
2.512901778221130371e+02 4.735217142105102539e+01 1.172520446777343750e+01 1.168613052368164062e+01
2.435822215080261230e+02 4.399963045120239258e+01 1.207241630554199219e+01 1.154779815673828125e+01
2.377847704887390137e+02 4.215363168716430664e+01 1.110996818542480469e+01 1.107682418823242188e+01
2.305200314521789551e+02 4.051124429702758789e+01 1.241048622131347656e+01 1.143626022338867188e+01
2.235619130134582520e+02 4.066847562789916992e+01 1.164259910583496094e+01 1.087320137023925781e+01
2.170856766700744629e+02 3.999186086654663086e+01 1.205590248107910156e+01 1.142758369445800781e+01
2.097006211280822754e+02 4.020456600189208984e+01 1.179539299011230469e+01 1.160543727874755859e+01
2.034631638526916504e+02 4.026079416275024414e+01 1.177681541442871094e+01 1.180778884887695312e+01
1.967982883453369141e+02 4.314057254791259766e+01 1.220246028900146484e+01 1.085052394866943359e+01
1.900821943283081055e+02 4.582812786102294922e+01 1.131235599517822266e+01 1.124883556365966797e+01
1.827766976356506348e+02 4.905671358108520508e+01 1.144335746765136719e+01 1.096846008300781250e+01
1.759939498901367188e+02 5.181772756576538086e+01 1.165718364715576172e+01 1.147363090515136719e+01
1.704708666801452637e+02 5.656279611587524414e+01 1.128722763061523438e+01 1.085490798950195312e+01
1.623789582252502441e+02 6.248552083969116211e+01 1.078841590881347656e+01 1.087094688415527344e+01
1.562335882186889648e+02 6.839601850509643555e+01 1.008714580535888672e+01 1.051833152770996094e+01
1.524707226753234863e+02 6.737594699859619141e+01 1.092284393310546875e+01 1.128253841400146484e+01
1.574410510063171387e+02 6.430316448211669922e+01 1.070522880554199219e+01 1.050406932830810547e+01
1.612245016098022461e+02 6.268909597396850586e+01 1.038060665130615234e+01 1.037878608703613281e+01
1.647017273902893066e+02 6.016012907028198242e+01 1.060788345336914062e+01 1.089785194396972656e+01
1.682620553970336914e+02 5.948979234695434570e+01 1.042527675628662109e+01 1.044668197631835938e+01
1.724122853279113770e+02 5.901505947113037109e+01 1.070478439331054688e+01 1.053375911712646484e+01
1.762828054428100586e+02 5.874241971969604492e+01 1.024816799163818359e+01 1.061429405212402344e+01
1.795079317092895508e+02 6.071432399749755859e+01 1.043309307098388672e+01 1.041535472869873047e+01
1.824547009468078613e+02 6.133329200744628906e+01 1.038277435302734375e+01 1.117726612091064453e+01
1.857397809028625488e+02 6.393775749206542969e+01 1.098449325561523438e+01 1.095416736602783203e+01
1.902689194679260254e+02 6.659727191925048828e+01 1.083596038818359375e+01 1.143179607391357422e+01
1.942470631599426270e+02 7.044950723648071289e+01 1.027946472167968750e+01 1.027804565429687500e+01
1.982401185035705566e+02 7.369821262359619141e+01 1.098786926269531250e+01 1.040903759002685547e+01
2.018164472579956055e+02 7.909642553329467773e+01 1.101745891571044922e+01 1.136732292175292969e+01
2.039487910270690918e+02 8.414106893539428711e+01 1.226484489440917969e+01 1.183741950988769531e+01
2.076404905319213867e+02 8.939656972885131836e+01 1.204026699066162109e+01 1.135548591613769531e+01
2.110072145462036133e+02 9.547504281997680664e+01 1.256811809539794922e+01 1.250710296630859375e+01
2.150034618377685547e+02 1.032279591560363770e+02 1.229240894317626953e+01 1.243650436401367188e+01
2.189648656845092773e+02 1.115429005622863770e+02 1.201294994354248047e+01 1.212852859497070312e+01
2.232649126052856445e+02 1.197457661628723145e+02 1.174311733245849609e+01 1.152045059204101562e+01
2.257939972877502441e+02 1.282289800643920898e+02 1.183691787719726562e+01 1.230202388763427734e+01
2.300122308731079102e+02 1.378556809425354004e+02 1.200466823577880859e+01 1.278979492187500000e+01
2.333773469924926758e+02 1.478622684478759766e+02 1.228361415863037109e+01 1.316726016998291016e+01
2.374893922805786133e+02 1.587383580207824707e+02 1.133121395111083984e+01 1.252147293090820312e+01
2.408894863128662109e+02 1.704909768104553223e+02 1.176727771759033203e+01 1.260374450683593750e+01
2.446057519912719727e+02 1.827802662849426270e+02 1.189814281463623047e+01 1.269379806518554688e+01
2.467807364463806152e+02 1.946955857276916504e+02 1.165139961242675781e+01 1.229497528076171875e+01
2.480574965476989746e+02 1.888851141929626465e+02 1.117957115173339844e+01 1.223769187927246094e+01
2.497419338226318359e+02 1.789563474655151367e+02 1.106565189361572266e+01 1.259353351593017578e+01
2.502702908515930176e+02 1.717339887619018555e+02 1.119043350219726562e+01 1.204087543487548828e+01
2.512230415344238281e+02 1.635867805480957031e+02 1.101433277130126953e+01 1.207780933380126953e+01
2.516050739288330078e+02 1.562269105911254883e+02 1.118716907501220703e+01 1.196432399749755859e+01
2.512596611976623535e+02 1.491538529396057129e+02 1.181065368652343750e+01 1.276955413818359375e+01
2.523189778327941895e+02 1.431082596778869629e+02 1.201878738403320312e+01 1.279116439819335938e+01
2.536365637779235840e+02 1.378803396224975586e+02 1.127230262756347656e+01 1.212530803680419922e+01
2.538243637084960938e+02 1.339529581069946289e+02 1.170088291168212891e+01 1.206653118133544922e+01
2.543441872596740723e+02 1.296870946884155273e+02 1.157208633422851562e+01 1.166458034515380859e+01
2.547377614974975586e+02 1.266368274688720703e+02 1.184290599822998047e+01 1.176328754425048828e+01
2.556162309646606445e+02 1.234263310432434082e+02 1.167912960052490234e+01 1.175294113159179688e+01
2.566151256561279297e+02 1.214346742630004883e+02 1.155009174346923828e+01 1.166633510589599609e+01
2.571180906295776367e+02 1.198655099868774414e+02 1.174172496795654297e+01 1.191779232025146484e+01
2.581729855537414551e+02 1.194963755607604980e+02 1.140246582031250000e+01 1.135643196105957031e+01
2.590347385406494141e+02 1.196868071556091309e+02 1.106073093414306641e+01 1.116691017150878906e+01
2.598759522438049316e+02 1.197326822280883789e+02 1.114952850341796875e+01 1.125237941741943359e+01
2.605945100784301758e+02 1.208037815093994141e+02 1.104771327972412109e+01 1.140785694122314453e+01
2.602436881065368652e+02 1.226367516517639160e+02 1.173251152038574219e+01 1.195666503906250000e+01
2.611743774414062500e+02 1.252586874961853027e+02 1.147322177886962891e+01 1.204355812072753906e+01
2.617419986724853516e+02 1.287200264930725098e+02 1.155381488800048828e+01 1.265093994140625000e+01
2.626966366767883301e+02 1.316957149505615234e+02 1.133421707153320312e+01 1.162886905670166016e+01
2.644064683914184570e+02 1.359556846618652344e+02 1.049468898773193359e+01 1.105883884429931641e+01
2.643366184234619141e+02 1.412359242439270020e+02 1.060105228424072266e+01 1.078136062622070312e+01
