3.800000000000000000e+01 2.500000000000000000e+01 3.600000000000000000e+01 6.800000000000000000e+01
3.700858116149903765e+01 2.719005966186524859e+01 3.733835220336914062e+01 6.527362823486328125e+01
3.634429168701174717e+01 2.766712188720705967e+01 3.787039184570312500e+01 6.481463623046875000e+01
3.691716384887698155e+01 2.830286026000979405e+01 3.714527130126953125e+01 6.432973480224609375e+01
3.757911300659181109e+01 3.047735214233399859e+01 3.623342132568359375e+01 6.381948089599609375e+01
3.694592094421388140e+01 3.060746383666993609e+01 3.603270339965820312e+01 6.401535797119140625e+01
3.687397575378419390e+01 3.123078536987306109e+01 3.617386245727539062e+01 6.482950592041015625e+01
3.570178222656251421e+01 3.198844146728517046e+01 3.570198059082031250e+01 6.388650512695312500e+01
3.473925399780274859e+01 3.251844406127931109e+01 3.548926544189453125e+01 6.284044647216796875e+01
3.536200714111329546e+01 3.362714576721192827e+01 3.361512756347656250e+01 6.150695419311523438e+01
3.457254409790040484e+01 3.375799751281739702e+01 3.361771392822265625e+01 6.191218185424804688e+01
3.436170196533204546e+01 3.400146484375001421e+01 3.376194763183593750e+01 6.155157470703125000e+01
3.431927680969239702e+01 3.401072883605958452e+01 3.373432540893554688e+01 6.213163375854492188e+01
3.555306243896485796e+01 3.366703987121583452e+01 3.372257995605468750e+01 6.247196578979492188e+01
3.550817871093751421e+01 3.383441352844239702e+01 3.388423156738281250e+01 6.242661666870117188e+01
3.581832122802735796e+01 3.403628349304200640e+01 3.451768493652343750e+01 6.272810745239257812e+01
3.367889022827149859e+01 3.435547828674317827e+01 3.630097198486328125e+01 6.186944198608398438e+01
3.384240913391114702e+01 3.495788192749024859e+01 3.487839889526367188e+01 6.234067535400390625e+01
3.323754310607911577e+01 3.426812362670899859e+01 3.491109848022460938e+01 6.301662445068359375e+01
3.262925720214845171e+01 3.513799858093263140e+01 3.509240722656250000e+01 6.244647598266601562e+01
3.458847427368165484e+01 3.559335899353028765e+01 3.369762420654296875e+01 6.264386367797851562e+01
3.449688148498536577e+01 3.446037864685060015e+01 3.495106124877929688e+01 6.337387466430664062e+01
3.477862167358399859e+01 3.436925697326661577e+01 3.560033416748046875e+01 6.226459884643554688e+01
3.544565200805665484e+01 3.437927246093751421e+01 3.524265289306640625e+01 6.289643859863281250e+01
3.560094070434571734e+01 3.510097503662110796e+01 3.456702423095703125e+01 6.228771972656250000e+01
3.598649978637698155e+01 3.574150276184084873e+01 3.542665863037109375e+01 6.235934066772460938e+01
3.668385887145998936e+01 3.599905967712405186e+01 3.432732009887695312e+01 6.293312454223632812e+01
3.602840614318851920e+01 3.602496719360355826e+01 3.438956832885742188e+01 6.300315093994140625e+01
3.627006340026859732e+01 3.542268943786625357e+01 3.456196975708007812e+01 6.249333572387695312e+01
3.706091117858892403e+01 3.505010795593267403e+01 3.547459793090820312e+01 6.278018569946289062e+01
3.849288940429693184e+01 3.519709396362310372e+01 3.499978637695312500e+01 6.311855316162109375e+01
3.866057586669927559e+01 3.513249397277837716e+01 3.533683776855468750e+01 6.329064559936523438e+01
3.943996810913091622e+01 3.403844261169439278e+01 3.472924041748046875e+01 6.384190750122070312e+01
3.956535148620611153e+01 3.541059684753423653e+01 3.507081985473632812e+01 6.300983047485351562e+01
3.903300666809087716e+01 3.539492034912115059e+01 3.573290634155273438e+01 6.363465881347656250e+01
4.023224258422857247e+01 3.438322830200200997e+01 3.635938262939453125e+01 6.408797454833984375e+01
4.027343177795415841e+01 3.507214736938482247e+01 3.710088729858398438e+01 6.361762237548828125e+01
4.122933578491216622e+01 3.575087165832525216e+01 3.694403839111328125e+01 6.209345626831054688e+01
4.139346885681158028e+01 3.521131515502935372e+01 3.633877944946289062e+01 6.227965545654296875e+01
4.289227867126470528e+01 3.503428268432622872e+01 3.647856521606445312e+01 6.322109222412109375e+01
4.212516593933111153e+01 3.535026359558111153e+01 3.615990066528320312e+01 6.321309280395507812e+01
4.290393447875982247e+01 3.515446853637700997e+01 3.692490386962890625e+01 6.376999664306640625e+01
4.353842353820806466e+01 3.577865791320806466e+01 3.619248580932617188e+01 6.242177963256835938e+01
4.508053398132329903e+01 3.647523880004888497e+01 3.582783889770507812e+01 6.267394256591796875e+01
4.541295051574712716e+01 3.563493728637700997e+01 3.594430160522460938e+01 6.375090789794921875e+01
4.709281539916997872e+01 3.494402694702154122e+01 3.566802215576171875e+01 6.355550384521484375e+01
4.761402893066411934e+01 3.605783843994146309e+01 3.617520141601562500e+01 6.348146057128906250e+01
4.788561630249029122e+01 3.578604125976568184e+01 3.574796295166015625e+01 6.375382995605468750e+01
4.988875961303716622e+01 3.630012321472173653e+01 3.528057098388671875e+01 6.375821304321289062e+01
4.959323692321783028e+01 3.652032661437993966e+01 3.514210891723632812e+01 6.399576950073242188e+01
5.193338775634771309e+01 3.628996276855474434e+01 3.477697753906250000e+01 6.325988769531250000e+01
5.247216415405279122e+01 3.667921829223638497e+01 3.531597137451171875e+01 6.347074127197265625e+01
5.252747535705572091e+01 3.792829704284673653e+01 3.603506088256835938e+01 6.225960159301757812e+01
5.311416244506841622e+01 3.793029594421392403e+01 3.606264495849609375e+01 6.327145767211914062e+01
5.499157905578618966e+01 3.656060028076177559e+01 3.598652267456054688e+01 6.446806335449218750e+01
5.600373458862310372e+01 3.840778350830083809e+01 3.580184173583984375e+01 6.280757141113281250e+01
5.634427452087408028e+01 3.825526428222661934e+01 3.479188919067382812e+01 6.335684204101562500e+01
5.579226303100591622e+01 3.835063934326177559e+01 3.554518890380859375e+01 6.372567749023437500e+01
5.671008300781255684e+01 3.886009788513189278e+01 3.514636230468750000e+01 6.347117996215820312e+01
5.667514801025396309e+01 3.962943458557134591e+01 3.515840148925781250e+01 6.365572738647460938e+01
5.748558807373052559e+01 3.974062538146978341e+01 3.559059143066406250e+01 6.397445297241210938e+01
5.818089675903325997e+01 3.979401779174810372e+01 3.423819732666015625e+01 6.390796661376953125e+01
5.949304771423345528e+01 3.935714530944829903e+01 3.465141677856445312e+01 6.369447708129882812e+01
6.043649101257329903e+01 4.069713401794439278e+01 3.389787673950195312e+01 6.276500320434570312e+01
6.181039047241216622e+01 3.983537673950200997e+01 3.524517059326171875e+01 6.330098724365234375e+01
6.193754768371587716e+01 4.031269073486333809e+01 3.616677474975585938e+01 6.385725402832031250e+01
6.284728050231939278e+01 3.953694343566900216e+01 3.609598159790039062e+01 6.280485153198242188e+01
6.443960762023931466e+01 4.081360816955572091e+01 3.753324508666992188e+01 6.256266403198242188e+01
6.591447067260747872e+01 4.014978790283208809e+01 3.614514923095703125e+01 6.370779418945312500e+01
6.589106941223150216e+01 4.002073287963872872e+01 3.674135971069335938e+01 6.280629730224609375e+01
6.646369743347173653e+01 4.005920600891118966e+01 3.625593948364257812e+01 6.281399154663085938e+01
6.770250511169439278e+01 4.018307685852056466e+01 3.631578445434570312e+01 6.353702926635742188e+01
6.833907699584966622e+01 4.097219657897954903e+01 3.644310760498046875e+01 6.317065811157226562e+01
6.811592102050786934e+01 3.915513992309575997e+01 3.773533630371093750e+01 6.561487579345703125e+01
6.954017257690435372e+01 3.943011474609380684e+01 3.679883575439453125e+01 6.548789978027343750e+01
7.100538825988773795e+01 3.906040954589848013e+01 3.633279037475585938e+01 6.489091491699218750e+01
7.075564956665043326e+01 3.968558502197269888e+01 3.674884796142578125e+01 6.493981933593750000e+01
7.184873390197756748e+01 3.960265731811526280e+01 3.693917465209960938e+01 6.580321502685546875e+01
7.223517227172855826e+01 3.910332489013676138e+01 3.662906646728515625e+01 6.565702819824218750e+01
7.311732864379885655e+01 4.019395828247073155e+01 3.683078765869140625e+01 6.647316741943359375e+01
7.227596092224125357e+01 3.941677856445316763e+01 3.878262710571289062e+01 6.744480895996093750e+01
7.500513267517094107e+01 3.892307281494144888e+01 3.682802200317382812e+01 6.533337402343750000e+01
7.469928359985354405e+01 3.956283187866213780e+01 3.850815582275390625e+01 6.539792633056640625e+01
7.849044799804690342e+01 3.906964111328127842e+01 3.609249877929687500e+01 6.688066101074218750e+01
7.848880577087403765e+01 3.957485198974610796e+01 3.670975112915039062e+01 6.604423522949218750e+01
7.988694000244140625e+01 3.950656127929687500e+01 3.617367553710937500e+01 6.601475524902343750e+01
7.881893920898436079e+01 3.902848434448240766e+01 3.843586730957031250e+01 6.602558135986328125e+01
8.081821823120115766e+01 3.979281616210936079e+01 3.789432525634765625e+01 6.484489440917968750e+01
8.302817344665525923e+01 3.939865684509275923e+01 3.712453079223632812e+01 6.371399307250976562e+01
8.401677703857420454e+01 3.914137458801268110e+01 3.768986511230468750e+01 6.317472457885742188e+01
8.416500091552731533e+01 4.002035522460934658e+01 3.779249572753906250e+01 6.242054748535156250e+01
8.510413360595700283e+01 3.889280509948727627e+01 3.779086303710937500e+01 6.393312454223632812e+01
8.715055084228511362e+01 4.076490020751948862e+01 3.797610473632812500e+01 6.287060546875000000e+01
8.898864364624017753e+01 3.946625328063959159e+01 3.576558685302734375e+01 6.276407241821289062e+01
9.048386764526361503e+01 3.927353858947748222e+01 3.543042755126953125e+01 6.290954208374023438e+01
9.041364288330072441e+01 3.916069221496576347e+01 3.677258300781250000e+01 6.231109237670898438e+01
9.114034461975091972e+01 3.983713150024408378e+01 3.651858139038085938e+01 6.166918182373046875e+01
9.407721138000482597e+01 3.839715194702142753e+01 3.706841659545898438e+01 6.375487518310546875e+01
9.332548522949213066e+01 3.855217361450189628e+01 3.744596862792968750e+01 6.434481048583984375e+01
9.316496276855461645e+01 3.891350173950188207e+01 3.798501586914063921e+01 6.491320037841796875e+01
9.650260162353509941e+01 3.817664718627922582e+01 3.574981689453125000e+01 6.465949249267578125e+01
9.792563056945795097e+01 3.872604560852043676e+01 3.566221237182617188e+01 6.364301681518554688e+01
9.931184387207025566e+01 3.862658119201653051e+01 3.684275817871093750e+01 6.317475509643554688e+01
9.906164360046381034e+01 3.783320617675774145e+01 3.747830581665039062e+01 6.620487976074218750e+01
1.015932540893554119e+02 3.818637847900383520e+01 3.569979858398437500e+01 6.360975646972656250e+01
1.017290973663329510e+02 3.845188903808586645e+01 3.698685836791992188e+01 6.368281555175781250e+01
1.030939006805419353e+02 3.684653854370110082e+01 3.673741531372070312e+01 6.306420135498046875e+01
1.045480747222899822e+02 3.687861251831047582e+01 3.689173507690429688e+01 6.238840484619140625e+01
1.070224037170409588e+02 3.688393211364738988e+01 3.611911773681640625e+01 6.252226638793945312e+01
1.074011840820311932e+02 3.598442649841301488e+01 3.640792846679687500e+01 6.349405288696289062e+01
1.096323623657225994e+02 3.609804916381828832e+01 3.517668151855468750e+01 6.250662994384765625e+01
1.110748252868651775e+02 3.447530746459953832e+01 3.581578826904296875e+01 6.363982391357421875e+01
1.128178882598876385e+02 3.546067237853996801e+01 3.497832870483398438e+01 5.953838729858398438e+01
1.116292209625243572e+02 3.482563972473137426e+01 3.675907516479492188e+01 5.928014755249023438e+01
1.129632682800292400e+02 3.481077575683586645e+01 3.549967193603515625e+01 5.778103637695312500e+01
1.136494007110595135e+02 3.267169570922844457e+01 3.663050460815429688e+01 6.093212127685546875e+01
1.162219924926757244e+02 3.072355079650871801e+01 3.590338134765625000e+01 6.324309921264648438e+01
1.151722755432128338e+02 3.093156814575188207e+01 3.620780181884765625e+01 6.149825286865234375e+01
1.168589668273925213e+02 3.135794448852531957e+01 3.547101593017578125e+01 6.143791961669921875e+01
1.160881423950194744e+02 2.954469299316399145e+01 3.676684570312500000e+01 6.470892333984375000e+01
1.175680637359618572e+02 3.149699020385733661e+01 3.412359237670898438e+01 6.282135772705078125e+01
1.160179100036620525e+02 3.129074478149406957e+01 3.543820953369140625e+01 6.315798187255859375e+01
1.181955928802489666e+02 3.137059783935539770e+01 3.332280349731445312e+01 6.278987121582031250e+01
1.174604797363280682e+02 3.207155990600578832e+01 3.407994079589843750e+01 6.018228912353515625e+01
1.161460456848143963e+02 3.156415367126457738e+01 3.376663970947265625e+01 6.100128555297851562e+01
1.155287342071532635e+02 3.317370414733879613e+01 3.499962997436523438e+01 5.796391677856445312e+01
1.163145999908446697e+02 3.319306373596184301e+01 3.297454452514648438e+01 5.903358078002929688e+01
1.166457290649413494e+02 3.353627586364738988e+01 3.435414123535156250e+01 5.969292068481445312e+01
1.163984451293944744e+02 3.456459999084465551e+01 3.452053833007812500e+01 5.758573532104492188e+01
1.192179908752440838e+02 3.507991790771477270e+01 3.256305694580078125e+01 5.687202453613281250e+01
1.185671195983886150e+02 3.611053466796867895e+01 3.442989349365234375e+01 5.522131347656250000e+01
1.205974140167235760e+02 3.447926139831535863e+01 3.415400314331054688e+01 5.881322097778320312e+01
1.198017444610595135e+02 3.235390281677238988e+01 3.609774398803710938e+01 5.968504714965820312e+01
1.200503444671630291e+02 3.339355278015131034e+01 3.640614700317382812e+01 5.990344619750976562e+01
1.217179336547850994e+02 3.516717529296869316e+01 3.698455810546875000e+01 5.676040649414062500e+01
1.225389480590819744e+02 3.168769836425775566e+01 3.990278625488281250e+01 5.948464965820312500e+01
1.250058002471923260e+02 3.200091361999506034e+01 3.631513595581054688e+01 5.866249465942382812e+01
1.245188045501708416e+02 3.190674781799310722e+01 3.774049758911132812e+01 5.829838180541992188e+01
1.291309432983397869e+02 3.250994491577142753e+01 3.516528320312500000e+01 5.891457366943359375e+01
1.288029346466063885e+02 3.226283836364740409e+01 3.604027938842773438e+01 5.848698806762695312e+01
1.315012321472167400e+02 3.246724700927728691e+01 3.542465972900390625e+01 5.586941528320312500e+01
1.290427036285399822e+02 3.174170112609857597e+01 3.884955978393554688e+01 5.848302841186523438e+01
1.321297435760497478e+02 3.303293037414545097e+01 3.541559219360351562e+01 5.978153610229492188e+01
1.330443058013915447e+02 3.314931297302240409e+01 3.566683578491210938e+01 5.841662979125976562e+01
1.324206390380858807e+02 3.352959060668939628e+01 3.723030090332031250e+01 5.813152313232421875e+01
1.332298126220702557e+02 3.377798461914056816e+01 3.635673522949218750e+01 5.844979858398437500e+01
1.340676956176757244e+02 3.380155944824213066e+01 3.749462890625000000e+01 5.896087646484375000e+01
1.349504070281981853e+02 3.398255729675287284e+01 3.670907974243164062e+01 5.940149307250976562e+01
1.355223159790038494e+02 3.495575332641595878e+01 3.574652099609375000e+01 5.825601959228515625e+01
1.376446380615233807e+02 3.507669830322259941e+01 3.538325500488281250e+01 5.872776794433593750e+01
1.390949935913085369e+02 3.473937988281244316e+01 3.491058349609375000e+01 5.999708557128906250e+01
1.373412132263183025e+02 3.379721450805658378e+01 3.604996490478515625e+01 6.009638214111328125e+01
1.398910236358642010e+02 3.602582168579095878e+01 3.653028488159179688e+01 6.055463409423828125e+01
1.392117843627929119e+02 3.683134269714349784e+01 3.604597473144531250e+01 5.956508255004882812e+01
1.398838653564452557e+02 3.759441757202144174e+01 3.574795532226562500e+01 6.062575531005859375e+01
1.413391857147216228e+02 3.898366165161128549e+01 3.522381973266601562e+01 6.158878326416015625e+01
1.418381938934325603e+02 3.979518508911128549e+01 3.681525039672851562e+01 6.106684112548828125e+01
1.424638767242431072e+02 4.185199928283687143e+01 3.729302597045898438e+01 5.929583358764648438e+01
1.432263507843017010e+02 4.185095024108882455e+01 3.554384994506835938e+01 6.000638198852539062e+01
1.455726261138915447e+02 4.080779838562007455e+01 3.601894760131835938e+01 6.239645767211914062e+01
1.428872623443602947e+02 4.212392616271968393e+01 3.969851303100585938e+01 5.936875534057617188e+01
1.473425025939940838e+02 4.274368286132808237e+01 3.677564239501953125e+01 5.996391296386718750e+01
1.472848262786864666e+02 4.100769042968745737e+01 3.726443862915039062e+01 6.155706787109375000e+01
1.501692085266112713e+02 3.904141998291011362e+01 3.689145660400390625e+01 6.322503662109375000e+01
1.503079547882079510e+02 4.005351638793941049e+01 3.880324935913085938e+01 6.103954315185546875e+01
1.513966846466063885e+02 3.958893775939937143e+01 3.800170516967773438e+01 6.187876510620117188e+01
1.503678665161132244e+02 3.969302177429194955e+01 4.171966552734375000e+01 6.122539138793945312e+01
1.532827320098876385e+02 3.960035896301265268e+01 3.613782882690429688e+01 6.095829391479492188e+01
1.522392959594725994e+02 3.991709136962886362e+01 3.834657287597656250e+01 6.136256408691406250e+01
1.508778953552245525e+02 3.961877632141109018e+01 4.006836700439453125e+01 6.112118148803710938e+01
1.532245197296142010e+02 4.066455078124997158e+01 3.651714706420898438e+01 6.085813903808593750e+01
1.506885147094725994e+02 4.049681091308590908e+01 3.904562377929687500e+01 6.120272827148437500e+01
1.547244853973388103e+02 4.222729492187495737e+01 3.485277175903320312e+01 6.059002685546875000e+01
1.517432613372802166e+02 4.030297279357905893e+01 3.880736160278320312e+01 6.175706100463867188e+01
1.537670307159423260e+02 4.400349807739252128e+01 3.609434127807617188e+01 5.878798675537109375e+01
1.543985252380370525e+02 4.382733345031732597e+01 3.647882843017578125e+01 5.907448959350585938e+01
1.537811679840087322e+02 4.120817756652827768e+01 3.687043380737304688e+01 6.154856491088867188e+01
1.527063274383544353e+02 4.320059776306148080e+01 3.661850357055664062e+01 5.919058609008789062e+01
1.535384216308593182e+02 3.940229606628413705e+01 3.730516052246093750e+01 6.233899307250976562e+01
1.513393115997313885e+02 3.936975669860835580e+01 3.834669113159179688e+01 6.101114273071289062e+01
1.518948707580565838e+02 3.870832633972163705e+01 3.852686309814453125e+01 6.146619033813476562e+01
1.507782020568847088e+02 3.937320709228511362e+01 3.834528350830078125e+01 6.131645202636718750e+01
1.517858657836913494e+02 3.830677032470698862e+01 3.673985290527343750e+01 6.401414489746093750e+01
1.519940700531005291e+02 3.919119262695308237e+01 3.746944046020507812e+01 6.504992675781250000e+01
1.520871543884276775e+02 4.029145240783688564e+01 3.746796417236328125e+01 6.381837081909179688e+01
1.520787811279296307e+02 4.077623748779292612e+01 3.826914978027343750e+01 6.428163146972656250e+01
1.533371753692626385e+02 4.103195571899409799e+01 3.711524581909179688e+01 6.415248870849609375e+01
1.558330764770507244e+02 3.910733795166009941e+01 3.710955810546875000e+01 6.546575927734375000e+01
1.569719085693358807e+02 4.051762962341304330e+01 3.818931579589843750e+01 6.316608047485351562e+01
1.546762428283690838e+02 4.027818107604974784e+01 3.775389862060546875e+01 6.347694778442382812e+01
1.558533859252929119e+02 3.990820693969719457e+01 3.813378906250000000e+01 6.469149017333984375e+01
1.565160789489745525e+02 3.977079772949211645e+01 4.143830108642578125e+01 6.517372131347656250e+01
1.559791812896727947e+02 4.125242233276360082e+01 4.209246444702148438e+01 6.400141143798828125e+01
1.554419975280761150e+02 4.138544464111321020e+01 4.198856353759765625e+01 6.434866333007812500e+01
1.568087234497069744e+02 3.998397064208977270e+01 4.716519165039062500e+01 6.506901550292968750e+01
1.569722442626952557e+02 4.072052764892571020e+01 4.042311096191406250e+01 6.472926330566406250e+01
1.556580142974852947e+02 4.079576110839836645e+01 4.474628829956054688e+01 6.532757568359375000e+01
1.551363925933837322e+02 4.174509811401360082e+01 4.074737167358398438e+01 6.543193817138671875e+01
1.546850910186767010e+02 4.240748214721672582e+01 4.234876632690429688e+01 6.567321014404296875e+01
1.565717601776122478e+02 4.302651596069330253e+01 4.190770339965820312e+01 6.589049530029296875e+01
1.544066562652587322e+02 4.491328811645503549e+01 4.113920211791992188e+01 6.431731414794921875e+01
1.532640628814696697e+02 4.521580505371088066e+01 4.055326461791992188e+01 6.511781311035156250e+01
1.541917018890380291e+02 4.544597244262688207e+01 3.753065872192382812e+01 6.523802947998046875e+01
1.547653846740722088e+02 4.549877548217767753e+01 3.978955841064453125e+01 6.545401763916015625e+01
1.545719089508056072e+02 4.543812179565424003e+01 3.791270065307617188e+01 6.558702850341796875e+01
1.542978420257567791e+02 4.721645927429193534e+01 3.662201309204101562e+01 6.385194778442382812e+01
1.544720306396483807e+02 4.778689575195306816e+01 3.579373168945312500e+01 6.394741821289062500e+01
1.556994552612304119e+02 4.727007293701166191e+01 3.696739196777343750e+01 6.479478454589843750e+01
1.545786991119384197e+02 4.791478729248039770e+01 3.533872604370117188e+01 6.265716552734375000e+01
1.539071731567382244e+02 4.828402137756340551e+01 3.680468750000000000e+01 6.279792404174804688e+01
1.530173797607421307e+02 4.914594459533684301e+01 3.429360961914062500e+01 6.260358810424804688e+01
1.538075828552245525e+02 4.818382263183588066e+01 3.489847564697265625e+01 6.443281555175781250e+01
1.523992614746093182e+02 4.857795524597162284e+01 3.566206359863281250e+01 6.373234939575195312e+01
1.518528156280517010e+02 4.802907180786127128e+01 3.526778793334960938e+01 6.330814361572265625e+01
1.523684444427489666e+02 4.877127647399896659e+01 3.651489639282226562e+01 6.297566604614257812e+01
1.519048347473143963e+02 4.936395835876459159e+01 3.464337921142578125e+01 6.301303482055664062e+01
1.516439247131347088e+02 4.840953445434564628e+01 3.495940399169921875e+01 6.446056365966796875e+01
1.511753540039061932e+02 4.828411674499506034e+01 3.518928527832031250e+01 6.375493240356445312e+01
1.495953788757323650e+02 4.884447097778314628e+01 3.569756317138671875e+01 6.410666656494140625e+01
1.500547199249267010e+02 4.892958068847650566e+01 3.544553756713867188e+01 6.346372985839843750e+01
1.491731433868407635e+02 4.935431098937982597e+01 3.482795333862304688e+01 6.318291854858398438e+01
1.488232879638671307e+02 4.966257476806634941e+01 3.485000610351562500e+01 6.324919128417968750e+01
1.497191162109374432e+02 4.963611602783197441e+01 3.401887512207031250e+01 6.388856506347656250e+01
1.497887897491454510e+02 4.994767189025873222e+01 3.480842208862304688e+01 6.277712631225585938e+01
1.495274696350097088e+02 5.028050231933588066e+01 3.543447113037109375e+01 6.283255004882812500e+01
1.492675743103026775e+02 5.051919174194330253e+01 3.433606719970703125e+01 6.276857757568359375e+01
1.504665012359618572e+02 5.007297325134273080e+01 3.403330612182617188e+01 6.298126602172851562e+01
1.511940803527831463e+02 4.992383766174313564e+01 3.357579803466796875e+01 6.258495712280273438e+01
1.496284255981444744e+02 5.021609878540036220e+01 3.463031005859375000e+01 6.307970428466796875e+01
1.492343749999999432e+02 4.995605659484860439e+01 3.423786926269531250e+01 6.284482955932617188e+01
1.486737251281737713e+02 5.042237281799314985e+01 3.470308685302734375e+01 6.292129135131835938e+01
1.480942859649657635e+02 5.054060363769529829e+01 3.417373275756835938e+01 6.284085083007812500e+01
1.484540786743163494e+02 5.055014991760253906e+01 3.479376220703125000e+01 6.218656539916992188e+01
1.483164825439452557e+02 5.020285415649414062e+01 3.471159362792968750e+01 6.293329620361328125e+01
1.480535488128661541e+02 4.961880493164062500e+01 3.497488784790039062e+01 6.340054321289062500e+01
1.473178825378417400e+02 4.910001945495605469e+01 3.531183624267578125e+01 6.296478652954101562e+01
1.475788879394530682e+02 4.852543830871582031e+01 3.669235229492187500e+01 6.344852828979492188e+01
1.481741981506347088e+02 4.756219291687011719e+01 3.545764923095703125e+01 6.367450332641601562e+01
1.482622966766356853e+02 4.717421340942382812e+01 3.659314346313476562e+01 6.332216644287109375e+01
1.479214038848876385e+02 4.678240013122558594e+01 3.638665390014648438e+01 6.379341506958007812e+01
1.478951148986815838e+02 4.721871948242187500e+01 3.575864410400390625e+01 6.305012512207031250e+01
1.468278160095214275e+02 4.544226837158203125e+01 3.689087677001953125e+01 6.404039001464843750e+01
1.458906879425048260e+02 4.604306221008300781e+01 3.670313644409179688e+01 6.366634750366210938e+01
1.450677585601806072e+02 4.687092590332031250e+01 3.677875900268554688e+01 6.339199829101562500e+01
1.438780841827392010e+02 4.719705390930175781e+01 3.920269393920898438e+01 6.326517868041992188e+01
1.434971427917479900e+02 4.614761734008789062e+01 3.837329864501953125e+01 6.465050506591796875e+01
1.421843280792235760e+02 4.812613677978515625e+01 3.755591964721679688e+01 6.303271484375000000e+01
1.404350566864013103e+02 4.609876632690429688e+01 3.918936538696289062e+01 6.547309112548828125e+01
1.390186862945556072e+02 4.991534996032714844e+01 3.856386947631835938e+01 6.097702407836914062e+01
1.376718273162841228e+02 4.638895416259765625e+01 3.872990798950195312e+01 6.661195373535156250e+01
1.371182537078856853e+02 4.808024215698242188e+01 3.877820205688476562e+01 6.359148406982421875e+01
1.357043781280517010e+02 4.750530624389648438e+01 3.965763473510742188e+01 6.462389373779296875e+01
1.378832244873046307e+02 4.792009353637695312e+01 3.804931640625000000e+01 6.323455047607421875e+01
1.351412029266356853e+02 4.621222305297850141e+01 4.042711257934570312e+01 6.461511993408203125e+01
1.352496967315673260e+02 4.721383666992186079e+01 4.013755416870117188e+01 6.366076660156250000e+01
1.317107353210448650e+02 4.361205101013182173e+01 4.403870391845703125e+01 5.914073562622070312e+01
1.307624435424804119e+02 4.450572776794432173e+01 4.326013183593750000e+01 6.261554336547851562e+01
1.306896953582763103e+02 4.795941925048826704e+01 4.397462844848632812e+01 5.619383239746093750e+01
1.288791542053222088e+02 4.612007904052732954e+01 4.178337860107421875e+01 6.024861145019531250e+01
1.261147689819335369e+02 4.196383666992186079e+01 4.228279113769531250e+01 5.433842468261718750e+01
1.816971502304076580e+02 3.287770652770994673e+01 3.042363166809082031e+01 6.172955703735351562e+01
1.744472103118895916e+02 3.509546279907225141e+01 4.141992568969726562e+01 5.749588775634765625e+01
1.717450714111327557e+02 3.178887939453122158e+01 4.301275634765625000e+01 6.119093322753906250e+01
1.267226238250731853e+02 4.221594619750972299e+01 3.834990310668945312e+01 6.314583587646484375e+01
1.296429920196532635e+02 4.813357734680170097e+01 3.471412277221679688e+01 5.848502731323242188e+01
1.246348762512206463e+02 4.361548042297357597e+01 3.848516082763671875e+01 6.236347579956054688e+01
1.295628681182860760e+02 4.537289428710930395e+01 3.412252426147460938e+01 5.800778198242187500e+01
1.256072845458983807e+02 4.231253242492668676e+01 3.867010498046875000e+01 5.919147872924804688e+01
1.782863388061522869e+02 3.667791748046867895e+01 3.257151794433593750e+01 5.770320129394531250e+01
1.759878826141356853e+02 3.447527313232414770e+01 3.938399124145507812e+01 5.851945495605468750e+01
1.714470481872558025e+02 3.488416671752922582e+01 4.345926666259765625e+01 5.885776519775390625e+01
1.798507871627807049e+02 3.618520355224602270e+01 3.180501747131347656e+01 5.524607849121093750e+01
1.728560638427733807e+02 3.431317520141594457e+01 3.961672973632812500e+01 5.882547760009765625e+01
1.759564094543456463e+02 3.558597183227531957e+01 3.695493316650390625e+01 5.548406219482421875e+01
1.249321022033690838e+02 4.024598312377922582e+01 4.367591094970703125e+01 5.253461456298828125e+01
1.242978858947753338e+02 3.975363922119133520e+01 4.044074249267578125e+01 5.590869140625000000e+01
1.318858375549315838e+02 3.802853393554680395e+01 4.409209442138671875e+01 5.897801208496093750e+01
1.294572105407714275e+02 2.764726829528801488e+01 5.430736541748046875e+01 6.383653640747070312e+01
1.211313247680663494e+02 4.154541778564446020e+01 4.538488769531250000e+01 5.697090148925781250e+01
1.282301006317138103e+02 4.602168464660637426e+01 4.057605361938476562e+01 5.336271286010742188e+01
1.216578521728515057e+02 3.099962615966789770e+01 4.003538513183593750e+01 5.144865417480468750e+01
1.280433864593505291e+02 4.281945991516106176e+01 3.713222122192382812e+01 5.783395004272460938e+01
1.377176284790038494e+02 2.892033004760736503e+01 5.867024230957031250e+01 5.828865814208984375e+01
1.313465652465819744e+02 2.569658279418941049e+01 4.917012023925781250e+01 6.261103057861328125e+01
1.305759696960448650e+02 3.002702713012691049e+01 5.351908111572265625e+01 6.623126983642578125e+01
1.293915424346923260e+02 3.713398361206049003e+01 4.071290206909179688e+01 5.157106781005859375e+01
1.821556797027587322e+02 3.788540649414056816e+01 3.162514877319335938e+01 5.576820373535156250e+01
1.750300159454345135e+02 3.584679985046381034e+01 4.026481246948242188e+01 5.598929214477539062e+01
1.818510665893554119e+02 3.601404953002924003e+01 3.153663635253906250e+01 5.507614898681640625e+01
1.766312999725341228e+02 3.616061210632318534e+01 3.693544387817382812e+01 5.644308853149414062e+01
1.770588645935058025e+02 3.834812545776361503e+01 3.549713897705078125e+01 5.425768280029296875e+01
1.808748245239257244e+02 3.884436607360834159e+01 3.013546752929687500e+01 5.438281631469726562e+01
1.778992605209350018e+02 4.126853942871088066e+01 3.183307075500488281e+01 5.094479370117187500e+01
1.791135845184325603e+02 3.606094360351556816e+01 3.355781936645507812e+01 5.726933288574218750e+01
1.773492031097411541e+02 3.486441802978509941e+01 3.370605850219726562e+01 5.905113220214843750e+01
1.789205417633056072e+02 3.466905593872064628e+01 3.451925277709960938e+01 5.866043853759765625e+01
1.793678512573241619e+02 3.729061889648431816e+01 3.330645751953125000e+01 5.608439636230468750e+01
1.784417438507079510e+02 3.715000343322748222e+01 3.231382369995117188e+01 5.524381637573242188e+01
1.786057453155517010e+02 3.312521171569818534e+01 3.406933212280273438e+01 5.945482254028320312e+01
1.784631710052489666e+02 3.459492111206049003e+01 3.392984390258789062e+01 5.854239654541015625e+01
1.795296697616576580e+02 3.581301689147943534e+01 3.081711006164550781e+01 5.751771926879882812e+01
1.775495948791503338e+02 3.628845024108881034e+01 3.507917022705078125e+01 5.627904129028320312e+01
1.791889553070067791e+02 3.708294868469232597e+01 3.152785110473632812e+01 5.622451400756835938e+01
1.772061805725097088e+02 3.634459114074701347e+01 3.532494354248046875e+01 5.591059494018554688e+01
1.759962978363036541e+02 3.410149765014642753e+01 3.523210525512695312e+01 5.859838104248046875e+01
1.786774463653563885e+02 3.651442337036127128e+01 3.338398361206054688e+01 5.534014129638671875e+01
1.778791351318358807e+02 3.506625747680658378e+01 3.410899353027343750e+01 5.762204742431640625e+01
1.748504257202147869e+02 3.277407455444330253e+01 3.644560241699218750e+01 5.950923919677734375e+01
1.769593276977538494e+02 3.500357246398920097e+01 3.636895751953125000e+01 5.925411605834960938e+01
1.766743011474608807e+02 3.264107894897456674e+01 3.761682128906250000e+01 5.919001007080078125e+01
1.792257843017577557e+02 3.890341949462886362e+01 3.316839599609375000e+01 5.647947692871093750e+01
1.782621841430663494e+02 3.592265510559077768e+01 3.508815002441406250e+01 5.643638229370117188e+01
1.811352682113646893e+02 3.751038932800288705e+01 3.158502388000488281e+01 5.643809890747070312e+01
1.777733211517333416e+02 3.797038459777827768e+01 3.646129226684570312e+01 5.539692306518554688e+01
1.788463039398192791e+02 3.825877571105952768e+01 3.419141006469726562e+01 5.544038009643554688e+01
1.783316822052001385e+02 3.766539192199702768e+01 3.464628219604492188e+01 5.705575180053710938e+01
1.788757171630858807e+02 3.945982933044429330e+01 3.458023071289062500e+01 5.429776382446289062e+01
1.743498344421386150e+02 3.418095016479487924e+01 3.956250762939453125e+01 5.775048065185546875e+01
1.783317165374755291e+02 3.356736755371089487e+01 3.653998184204101562e+01 5.843022155761718750e+01
1.777571449279784588e+02 3.473456573486323862e+01 3.498053741455078125e+01 5.873472595214843750e+01
1.751202163696288494e+02 3.334117889404292612e+01 3.616276550292968750e+01 6.025997924804687500e+01
1.786567764282225994e+02 3.275851440429683237e+01 3.358731079101562500e+01 5.811489868164062500e+01
1.684777011871337322e+02 2.992621994018550424e+01 4.717339706420898438e+01 6.468523406982421875e+01
1.775081863403319744e+02 3.434486198425290127e+01 3.531278991699218750e+01 5.883130264282226562e+01
1.760004997253417400e+02 3.382133293151852627e+01 3.797422027587890625e+01 5.856192398071289062e+01
1.801033792495726971e+02 3.544753074645993252e+01 3.192700004577636719e+01 5.726443862915039062e+01
1.773018207550048260e+02 3.562508773803708095e+01 3.403791427612304688e+01 5.662529754638671875e+01
1.721083679199218182e+02 3.114891433715817470e+01 3.867138671875000000e+01 6.225814056396484375e+01
1.663299446105956463e+02 2.822179222106929330e+01 4.625778961181640625e+01 6.322464370727539062e+01
1.681435871124267010e+02 3.546346473693843393e+01 4.601704025268554688e+01 6.222919845581054688e+01
1.604809436798095135e+02 2.739751434326167612e+01 4.786410140991210938e+01 6.535737609863281250e+01
1.192758865356444744e+02 4.529472923278804330e+01 3.445208740234375000e+01 6.281151199340820312e+01
1.198840503692626385e+02 5.430278015136714487e+01 3.375175094604492188e+01 5.390106201171875000e+01
1.188998832702636150e+02 4.470809173583980112e+01 3.401789093017578125e+01 6.639378356933593750e+01
1.203917121887206463e+02 4.845409584045405893e+01 3.347406768798828125e+01 6.021517562866210938e+01
1.171813373565673260e+02 4.941907310485835580e+01 3.667412948608398438e+01 5.954515457153320312e+01
1.181006317138671307e+02 4.776887130737300424e+01 3.505181884765625000e+01 6.275612640380859375e+01
1.182133655548095135e+02 4.587647628784175424e+01 3.477816390991210938e+01 6.408086395263671875e+01
1.180058765411376385e+02 5.139174842834468393e+01 3.516209030151367188e+01 5.787141036987304688e+01
1.190394535064696697e+02 4.558921623229976205e+01 3.402425765991210938e+01 6.380917739868164062e+01
1.179639816284179119e+02 4.555712699890132455e+01 3.443814086914062500e+01 6.385184097290039062e+01
1.182521228790282635e+02 4.529739761352534799e+01 3.361437606811523438e+01 6.571984100341796875e+01
1.176810550689696697e+02 4.489319992065425424e+01 3.245194625854492188e+01 6.460330963134765625e+01
1.178236274719237713e+02 4.559655761718745737e+01 3.302393341064453125e+01 6.480305480957031250e+01
1.182960681915282635e+02 4.518109512329098720e+01 3.258936691284179688e+01 6.595067596435546875e+01
1.176805219650267986e+02 4.605788421630857954e+01 3.145035743713378906e+01 6.476554870605468750e+01
1.167711582183837322e+02 4.578768539428709516e+01 3.229372787475585938e+01 6.705318450927734375e+01
1.163080444335936932e+02 4.554070663452147016e+01 3.268728637695312500e+01 6.629364776611328125e+01
1.158772296905517010e+02 4.690084838867186079e+01 3.266677474975585938e+01 6.547448730468750000e+01
1.146655063629149822e+02 4.592100524902342329e+01 3.250078964233398438e+01 6.674589538574218750e+01
1.146706123352050213e+02 4.551370239257811079e+01 3.298657989501953125e+01 6.630264282226562500e+01
1.132972774505614666e+02 4.648083496093748579e+01 3.357942581176757812e+01 6.567137145996093750e+01
1.125399551391600994e+02 4.709422302246092329e+01 3.301383972167968750e+01 6.533999633789062500e+01
1.121808986663817791e+02 4.719786071777343750e+01 3.244986343383789062e+01 6.567515563964843750e+01
1.105573501586913494e+02 4.732774734497070312e+01 3.354010009765625000e+01 6.527211761474609375e+01
1.103620777130126385e+02 4.901400756835937500e+01 3.359334945678710938e+01 6.445292663574218750e+01
1.080312557220458416e+02 4.812012481689453125e+01 3.309962844848632812e+01 6.560037231445312500e+01
1.074713802337645916e+02 4.950447082519531250e+01 3.388193130493164062e+01 6.540869140625000000e+01
1.074258480072020916e+02 4.895653915405273438e+01 3.299527359008789062e+01 6.582595062255859375e+01
1.066087169647216228e+02 5.013778305053710938e+01 3.356969070434570312e+01 6.594991302490234375e+01
1.057645988464354900e+02 4.978823471069335938e+01 3.214612579345703125e+01 6.550725555419921875e+01
1.049475784301757244e+02 5.005498123168945312e+01 3.296392822265625000e+01 6.559406280517578125e+01
1.056649112701415589e+02 5.130498886108399859e+01 3.157456588745115766e+01 6.551433563232421875e+01
1.051534137725829510e+02 5.256983947753907671e+01 3.145772933959960938e+01 6.459133911132812500e+01
1.045818281173705486e+02 5.400675582885743609e+01 3.116843605041503906e+01 6.428978729248046875e+01
1.035761852264403728e+02 5.415949058532716265e+01 3.187669754028320312e+01 6.361952590942382812e+01
1.037160253524779705e+02 5.455503463745118609e+01 3.181492805480957031e+01 6.385746002197265625e+01
1.035703029632567791e+02 5.434206199645997515e+01 3.258490371704101562e+01 6.395582962036132812e+01
1.032994432449340252e+02 5.461720085144044390e+01 3.097650718688964844e+01 6.394107437133789062e+01
1.045589923858642010e+02 5.469966506958009234e+01 3.107123947143554688e+01 6.371813201904296875e+01
1.026542835235595135e+02 5.429493713378907671e+01 3.156484603881835938e+01 6.393194580078125000e+01
1.051078758239745525e+02 5.608030128479005327e+01 3.107143402099609375e+01 6.246236801147460938e+01
1.026343717575072674e+02 5.460204505920411577e+01 3.160418128967285156e+01 6.339931869506835938e+01
1.036905307769774822e+02 5.609683036804200640e+01 3.278774642944335938e+01 6.312172317504882812e+01
1.013424930572509197e+02 5.415256881713868609e+01 3.291149520874023438e+01 6.457265472412109375e+01
1.018434085845946697e+02 5.546401977539063921e+01 3.346342086791992188e+01 6.455493164062500000e+01
1.004625988006591371e+02 5.548341560363772373e+01 3.316336441040037641e+01 6.362372970581054688e+01
1.020118522644042400e+02 5.616504669189455967e+01 3.363179779052734375e+01 6.361570739746093750e+01
1.003201541900634339e+02 5.588525772094730826e+01 3.322587203979490766e+01 6.418805694580078125e+01
1.019194087982177166e+02 5.674859619140629263e+01 3.091244888305664062e+01 6.425834655761718750e+01
9.983224010467523613e+01 5.663942718505863638e+01 3.130990028381347656e+01 6.477804565429687500e+01
1.010177459716796307e+02 5.791288375854496451e+01 2.964283752441406250e+01 6.292353057861328125e+01
1.019480981826781658e+02 5.768073081970219107e+01 2.849017143249511719e+01 6.326012039184570312e+01
9.994649219512933769e+01 5.829903030395512076e+01 3.041353416442871094e+01 6.309323883056640625e+01
1.000888891220092205e+02 5.835628128051762076e+01 2.849432563781738281e+01 6.248430633544921875e+01
9.903847217559808769e+01 5.852671051025394888e+01 2.679636192321777344e+01 6.231733703613281250e+01
1.003929185867309002e+02 5.929354286193851920e+01 2.883794212341308594e+01 6.179888534545898438e+01
9.889521884918207206e+01 5.894401168823246451e+01 2.753394889831542969e+01 6.212049102783203125e+01
9.606892204284662284e+01 6.036348152160648795e+01 2.893515396118164062e+01 6.127343368530273438e+01
9.669368076324457206e+01 5.926401329040531607e+01 3.176864433288574219e+01 6.359238052368164062e+01
9.692688083648675956e+01 6.037913703918461295e+01 2.845301628112792969e+01 6.261161422729492188e+01
9.766076087951654472e+01 6.047394752502445670e+01 2.945853805541992188e+01 6.256084823608398438e+01
9.894947338104242363e+01 5.992206382751469107e+01 2.988651466369628906e+01 6.225658035278320312e+01
9.736970710754388847e+01 5.881836128234867545e+01 2.947404098510742188e+01 6.346761703491210938e+01
9.825958633422845878e+01 5.880393600463871451e+01 3.019762420654296875e+01 6.367546844482421875e+01
9.838887500762933769e+01 5.973365592956547232e+01 2.907817649841308594e+01 6.161969375610351562e+01
9.655414295196527519e+01 5.906374549865726920e+01 3.161090660095214844e+01 6.130717086791992188e+01
9.625970458984369316e+01 5.830282592773441763e+01 3.111599731445312500e+01 6.323811340332031250e+01
9.568022918701166191e+01 5.845771026611332388e+01 3.223558044433593750e+01 6.257766723632812500e+01
9.512033462524408378e+01 5.660954093933109732e+01 3.248326873779296875e+01 6.397859573364257812e+01
9.257631778717035331e+01 5.642674064636234732e+01 3.194538688659667969e+01 6.314863967895507812e+01
9.165415000915521659e+01 5.716920852661137076e+01 3.373234939575195312e+01 6.167069244384765625e+01
9.041377639770502128e+01 5.614936065673832388e+01 3.366356658935546875e+01 6.131680297851562500e+01
8.825395202636713066e+01 5.595065116882328482e+01 3.569404602050781250e+01 6.308348464965820312e+01
8.835215950012201347e+01 5.663480758666996451e+01 3.466720199584960938e+01 6.298329925537109375e+01
8.845322799682611503e+01 5.461215591430668326e+01 3.248744964599609375e+01 6.509075164794921875e+01
8.814280891418451347e+01 5.443048858642582388e+01 3.350648117065429688e+01 6.443283081054687500e+01
8.720794486999507455e+01 5.385989761352544747e+01 3.294725418090820312e+01 6.471613311767578125e+01
8.534305572509761362e+01 5.348873901367193184e+01 3.518443298339843750e+01 6.583720397949218750e+01
8.498575401306148080e+01 5.353286743164068184e+01 3.510341262817382812e+01 6.584442138671875000e+01
8.394399642944331674e+01 5.376823043823247872e+01 3.428968048095703125e+01 6.598429107666015625e+01
8.253251266479487924e+01 5.440901565551763497e+01 3.335344696044921875e+01 6.465099334716796875e+01
8.326245689392087002e+01 5.239049530029303980e+01 3.338148880004882812e+01 6.493501281738281250e+01
8.272546577453610439e+01 5.272037887573249293e+01 3.323958969116210938e+01 6.448889923095703125e+01
8.179134941101072798e+01 5.183048248291024152e+01 3.140666580200195312e+01 6.487046813964843750e+01
8.007475376129148970e+01 5.172265243530281964e+01 3.171130180358886719e+01 6.405579376220703125e+01
7.902670478820799360e+01 5.135452270507821027e+01 3.247808456420898438e+01 6.344645690917968750e+01
7.733274269104002485e+01 5.070607566833504620e+01 3.260805892944335938e+01 6.341078567504882812e+01
7.588203430175779829e+01 5.046762466430672589e+01 3.269615173339843750e+01 6.424968719482421875e+01
7.535206604003904829e+01 4.929025459289559308e+01 3.187327575683593750e+01 6.353799057006835938e+01
7.334774398803709516e+01 4.880718040466317120e+01 3.270171356201171875e+01 6.337186050415039062e+01
7.223368358612059126e+01 4.914792251586922589e+01 3.184690284729003906e+01 6.358525848388671875e+01
7.089146232604979048e+01 4.990763664245613995e+01 3.256082534790039062e+01 6.357052993774414062e+01
6.814613533020018110e+01 4.962855148315438214e+01 3.610030746459960938e+01 6.454787445068359375e+01
6.680288505554197798e+01 5.715057754516610089e+01 3.289462661743164062e+01 5.679418182373046875e+01
6.518224525451658735e+01 5.251265335083016339e+01 3.323334884643554688e+01 6.297258758544921875e+01
6.513891696929930220e+01 5.386713409423836652e+01 3.046105766296386719e+01 6.025137329101562500e+01
6.410603332519529829e+01 5.271456146240242902e+01 3.163510131835937500e+01 6.238529968261718750e+01
6.409113502502439985e+01 5.712752723693856183e+01 3.035445785522460938e+01 5.502741622924804688e+01
6.497368621826170454e+01 5.151937866210946027e+01 3.104986572265625000e+01 6.222875976562500000e+01
6.517929553985594282e+01 5.293606567382821027e+01 3.120059776306152344e+01 5.926084899902343750e+01
6.527346420288084516e+01 5.329990768432625714e+01 3.163523101806640625e+01 5.915700531005859375e+01
6.618180179595945845e+01 5.241608238220223370e+01 3.155430412292480469e+01 6.019508743286132812e+01
6.617957115173338423e+01 5.429441642761238995e+01 3.030292129516601562e+01 5.783823013305664062e+01
6.556082916259764204e+01 5.744454002380379620e+01 3.083580017089843750e+01 5.511104202270507812e+01
6.565516376495359907e+01 5.121868705749520245e+01 3.153915977478027344e+01 6.094441604614257812e+01
6.632871627807615766e+01 5.065836334228524152e+01 3.196964263916015625e+01 5.988531494140625000e+01
6.692374038696287641e+01 5.341839790344246808e+01 2.974108123779296875e+01 5.691622543334960938e+01
6.623915672302244673e+01 5.023071098327645245e+01 3.115768814086914062e+01 6.168396377563476562e+01
6.552947616577147016e+01 5.400039863586434308e+01 3.058440399169921875e+01 5.470441818237304688e+01
6.544246101379393110e+01 5.188175964355477277e+01 3.076211166381835938e+01 5.681800842285156250e+01
6.562308502197264204e+01 4.833561134338387433e+01 3.244029235839843750e+01 6.132465744018554688e+01
6.520385456085203657e+01 5.480535316467293683e+01 3.071861839294433594e+01 5.065917587280273438e+01
6.403063106536863813e+01 4.873444366455086652e+01 3.127345466613769531e+01 5.980177307128906250e+01
6.416324615478514204e+01 5.008733367919930402e+01 3.218925476074218750e+01 5.826466369628906250e+01
6.432760047912596235e+01 4.968130874633797589e+01 3.146097946166992188e+01 5.791027069091796875e+01
6.383613872528074751e+01 4.764981651306160870e+01 3.149605751037597656e+01 5.984810256958007812e+01
6.219798469543455610e+01 4.754783439636238995e+01 3.049143600463867188e+01 5.944313430786132812e+01
6.183259391784666548e+01 4.743897247314461652e+01 3.180530166625976562e+01 6.078285217285156250e+01
5.988835144042967329e+01 4.763576126098641339e+01 3.226657104492187500e+01 6.027187347412109375e+01
5.815308189392088423e+01 4.755866622924813214e+01 3.220494461059570312e+01 6.076349639892578125e+01
5.764119720458982954e+01 4.782741928100594464e+01 3.290956115722656250e+01 6.068999481201171875e+01
5.613486576080320845e+01 4.891923141479500714e+01 3.186849784851074219e+01 5.855030059814453125e+01
5.544603347778318891e+01 4.635133552551278058e+01 3.173191070556640625e+01 6.093122482299804688e+01
5.465840530395506391e+01 4.620831871032723370e+01 3.216854095458984375e+01 6.148724746704101562e+01
5.275527763366697798e+01 4.716394042968758527e+01 3.228172683715820312e+01 6.050549316406250000e+01
5.250837707519529829e+01 4.662617111206063214e+01 3.223989868164062500e+01 6.082735443115234375e+01
5.035667705535887251e+01 4.641604232788094464e+01 3.170644569396972656e+01 6.125609588623046875e+01
4.908994960784910688e+01 4.508591842651375714e+01 3.176762580871582031e+01 6.202431488037109375e+01
4.873078155517576704e+01 4.559122276306160870e+01 3.232546997070312500e+01 6.065562820434570312e+01
4.683400344848631391e+01 4.553441429138192120e+01 3.426418304443359375e+01 6.031265640258789062e+01
4.588813781738279829e+01 4.528724670410164777e+01 3.430374145507812500e+01 6.106787109375000000e+01
4.566597175598143110e+01 4.446957778930672589e+01 3.342429733276367188e+01 6.210642242431640625e+01
4.535449218749998579e+01 4.431960678100594464e+01 3.336483764648437500e+01 6.222254180908203125e+01
4.433515357971189985e+01 4.481033325195321027e+01 3.371430587768554688e+01 6.205073547363281250e+01
4.335596656799314985e+01 4.605741500854500714e+01 3.420502853393554688e+01 6.117259979248046875e+01
4.321338653564451704e+01 4.692076683044442120e+01 3.306929016113281250e+01 6.030607986450195312e+01
4.209024238586424360e+01 4.591716957092293683e+01 3.405709457397460938e+01 6.185142135620117188e+01
4.107437705993650923e+01 4.708016586303719464e+01 3.392798233032226562e+01 6.056400299072265625e+01
4.113486289978025923e+01 4.734824180603035870e+01 3.316939163208007812e+01 6.187791824340820312e+01
4.053001213073729048e+01 4.711108207702645245e+01 3.336734390258789062e+01 6.225856399536132812e+01
