1.440000000000000000e+02 2.800000000000000000e+01 2.400000000000000000e+01 2.900000000000000000e+01
1.449093837738037109e+02 2.721190738677978516e+01 2.306117630004882812e+01 2.969009971618652344e+01
1.448560209274291992e+02 2.829636764526367898e+01 2.341058540344238281e+01 2.962512207031250000e+01
1.445550880432128906e+02 2.894908809661865945e+01 2.361299133300781250e+01 2.999402809143066406e+01
1.453214101791381836e+02 2.976000118255615234e+01 2.346708869934082031e+01 2.967689704895019531e+01
1.457004728317260742e+02 2.914380359649658203e+01 2.335593605041503906e+01 2.953558158874511719e+01
1.461715164184570312e+02 2.975664806365966797e+01 2.366300964355468750e+01 2.980285835266113281e+01
1.452944049835205078e+02 2.975644207000731711e+01 2.352536392211914062e+01 3.021562385559082031e+01
1.453011198043823242e+02 3.011482524871824751e+01 2.359346961975097656e+01 3.013698768615722656e+01
1.451228246688842773e+02 2.906633758544919743e+01 2.333779335021972656e+01 3.027284240722656250e+01
1.451254091262817383e+02 2.915702629089352627e+01 2.319871330261230469e+01 2.947754287719726562e+01
1.437527513504028320e+02 2.955236721038816228e+01 2.322730064392089844e+01 2.950585365295410156e+01
1.425653486251831055e+02 2.805343532562254438e+01 2.302541542053222656e+01 3.000130653381347656e+01
1.415385618209838867e+02 2.789454364776609907e+01 2.284167671203613281e+01 2.954972648620605469e+01
1.401244821548461914e+02 2.708415985107420454e+01 2.303301811218261719e+01 2.935622406005859375e+01
1.396713552474975586e+02 2.702327156066893821e+01 2.318211555480957031e+01 2.958592605590820312e+01
1.386581792831420898e+02 2.676562404632568359e+01 2.295191383361816406e+01 2.946233558654785156e+01
1.379125995635986328e+02 2.607622241973877664e+01 2.330735397338867188e+01 2.944939231872558594e+01
1.381100654602050781e+02 2.582480335235597124e+01 2.301673126220703125e+01 2.992085838317871094e+01
1.377686595916748047e+02 2.561641311645509944e+01 2.331460952758789062e+01 2.982739257812500000e+01
1.379521074295043945e+02 2.443358039855959163e+01 2.324553489685058594e+01 2.962897872924804688e+01
1.371315383911132812e+02 2.453854846954348545e+01 2.310454559326171875e+01 2.970727348327636719e+01
1.370432491302490234e+02 2.468951416015628553e+01 2.323218154907226562e+01 2.939503479003906250e+01
1.367493543624877930e+02 2.452388000488285513e+01 2.384700202941894531e+01 2.975832366943359375e+01
1.370385236740112305e+02 2.448560619354251600e+01 2.329644203186035156e+01 3.014421272277832031e+01
1.377244596481323242e+02 2.504098606109621983e+01 2.324513435363769531e+01 3.040538597106933594e+01
1.380455904006958008e+02 2.505224037170412288e+01 2.301280784606933594e+01 2.997131729125976562e+01
1.388950443267822266e+02 2.579720211029054866e+01 2.355250167846679688e+01 3.022430610656738281e+01
1.404973192214965820e+02 2.658156204223634234e+01 2.303072929382324219e+01 3.064441680908203125e+01
1.407940340042114258e+02 2.666830635070801492e+01 2.300227165222167969e+01 3.083351516723632812e+01
1.419781494140625000e+02 2.683063316345214844e+01 2.308142089843750000e+01 3.011093521118164062e+01
1.426143808364868164e+02 2.730685138702392578e+01 2.324149894714355469e+01 3.032571220397949219e+01
1.436552963256835938e+02 2.760609722137450461e+01 2.318657684326171875e+01 3.084229469299316406e+01
1.445107431411743164e+02 2.752449226379393110e+01 2.260897636413574219e+01 3.055722427368164062e+01
1.452552833557128906e+02 2.796511077880857954e+01 2.292055511474609375e+01 3.050235748291015625e+01
1.461496057510375977e+02 2.842467308044432173e+01 2.299741935729980469e+01 3.047767257690429688e+01
1.467037019729614258e+02 2.838705921173094282e+01 2.314498710632324219e+01 2.984294700622558594e+01
1.484978713989257812e+02 2.915465545654295454e+01 2.305904388427734375e+01 2.991201019287109375e+01
1.487823247909545898e+02 2.913364410400389204e+01 2.314804267883300781e+01 3.007225799560546875e+01
1.502142238616943359e+02 2.962544631958006391e+01 2.269279098510742188e+01 2.951386260986328125e+01
1.502687435150146484e+02 2.950769710540770063e+01 2.281736373901367188e+01 3.008244514465332031e+01
1.517666244506835938e+02 2.952058124542235618e+01 2.280081939697265625e+01 2.990094566345214844e+01
1.521714763641357422e+02 2.911138534545898438e+01 2.278657150268554688e+01 3.017018890380859375e+01
1.533711891174316406e+02 2.907087135314942117e+01 2.293187713623046875e+01 3.021255874633789062e+01
1.543137521743774414e+02 2.947900104522705789e+01 2.275906944274902344e+01 3.015229606628417969e+01
1.556415376663208008e+02 2.958080959320069780e+01 2.284904289245605469e+01 2.999479866027832031e+01
1.560774984359741211e+02 2.967677402496340022e+01 2.309918403625488281e+01 2.985194206237792969e+01
1.574451866149902344e+02 2.935755062103273616e+01 2.285411071777343750e+01 2.973681831359863281e+01
1.594977512359619141e+02 2.973516464233401280e+01 2.268828201293945312e+01 2.982581329345703125e+01
1.607264041900634766e+02 3.025986957550052381e+01 2.259081649780273438e+01 3.016739463806152344e+01
1.610304889678955078e+02 3.015047645568851920e+01 2.279913711547851562e+01 3.008101272583007812e+01
1.626859664916992188e+02 3.038646507263188568e+01 2.277355194091796875e+01 2.965520095825195312e+01
1.640419998168945312e+02 3.109645843505864349e+01 2.269985961914062500e+01 2.984102630615234375e+01
1.649616994857788086e+02 3.024216651916509591e+01 2.302899360656738281e+01 3.023121261596679688e+01
1.665965785980224609e+02 3.132422256469732247e+01 2.289506912231445312e+01 3.000100708007812500e+01
1.668011236190795898e+02 3.046279811859137254e+01 2.340281105041503906e+01 3.079789924621582031e+01
1.677269611358642578e+02 3.072359752655035692e+01 2.341944503784179688e+01 3.057802009582519531e+01
1.694899759292602539e+02 3.111540889739996629e+01 2.345721244812011719e+01 3.080971717834472656e+01
1.703153467178344727e+02 3.053915691375738817e+01 2.347833824157714844e+01 3.154580116271972656e+01
1.702050886154174805e+02 3.119345188140875536e+01 2.400099372863769531e+01 3.164551353454589844e+01
1.704714622497558594e+02 3.121923637390143114e+01 2.480708312988281250e+01 3.176269149780273438e+01
1.711531305313110352e+02 3.157379055023199754e+01 2.526885795593261719e+01 3.173494148254394531e+01
1.709073553085327148e+02 3.262154197692877489e+01 2.421790504455566406e+01 3.158289718627928977e+01
1.697770957946777344e+02 3.186148452758794747e+01 2.421540069580078125e+01 3.206326293945312500e+01
1.692662687301635742e+02 3.219414138793950997e+01 2.444477272033691406e+01 3.169908142089843750e+01
1.689663810729980469e+02 3.193966865539556466e+01 2.447089385986328125e+01 3.203387832641601562e+01
1.669054975509643555e+02 3.161672878265386544e+01 2.483922004699707031e+01 3.193132972717285156e+01
1.651269359588623047e+02 3.160722732543950997e+01 2.467016220092773438e+01 3.137404632568359375e+01
1.640301256179809570e+02 3.186484622955327950e+01 2.391607475280761719e+01 3.132391166687011719e+01
1.616295804977416992e+02 3.036779403686529122e+01 2.384762763977050781e+01 3.098163604736328125e+01
1.602688407897949219e+02 4.238566493988042794e+01 2.260476684570312500e+01 1.963218116760253906e+01
1.578639440536499023e+02 3.019185733795171700e+01 2.236814308166503906e+01 2.995667839050292969e+01
1.561258611679077148e+02 3.011082744598394356e+01 2.286107826232910156e+01 3.004624366760253906e+01
1.546588411331176758e+02 2.897464847564703661e+01 2.293413352966308594e+01 3.034779930114746094e+01
1.530803585052490234e+02 2.864883232116705614e+01 2.313587570190429688e+01 3.040253067016601562e+01
1.520513286590576172e+02 2.822107791900640450e+01 2.347536849975585938e+01 3.069019889831542969e+01
1.510870809555053711e+02 2.711592483520513497e+01 2.351207923889160156e+01 3.105688476562500000e+01
1.513477993011474609e+02 2.702256870269781075e+01 2.353087997436523438e+01 3.125417137145996094e+01
1.502880725860595703e+02 2.668287658691411934e+01 2.373810958862304688e+01 3.114308166503906250e+01
1.501632862091064453e+02 2.593256759643560372e+01 2.419955062866210938e+01 3.168839263916015625e+01
1.508759298324584961e+02 2.609956741333013497e+01 2.362087440490722656e+01 3.165251159667968750e+01
1.512221565246582031e+02 2.543808555603033028e+01 2.405111694335937500e+01 3.191440963745117188e+01
1.521032018661499023e+02 2.497417831420904122e+01 2.388999366760253906e+01 3.229595184326171875e+01
1.531802282333374023e+02 2.536503601074224434e+01 2.370525550842285156e+01 3.212629699707031250e+01
1.537764492034912109e+02 2.516204738616949044e+01 2.339200210571289062e+01 3.181884193420410156e+01
1.557305316925048828e+02 2.534881877899175606e+01 2.378166580200195312e+01 3.181887245178222656e+01
1.561829099655151367e+02 2.553042697906499825e+01 2.422532844543457031e+01 3.199485588073730469e+01
1.576473083496093750e+02 2.590290069580083809e+01 2.409142303466796875e+01 3.138081359863281250e+01
1.580485439300537109e+02 2.704559135437017403e+01 2.449649429321289062e+01 3.085219955444335938e+01
1.593589410781860352e+02 2.796054458618169747e+01 2.440199089050292969e+01 3.102828216552734375e+01
1.595143327713012695e+02 2.725539588928228341e+01 2.433740806579589844e+01 3.128433609008789062e+01
1.597652702331542969e+02 2.790102195739751778e+01 2.385690307617187500e+01 3.120016860961914062e+01
1.593169660568237305e+02 2.680345726013189278e+01 2.348896980285644531e+01 3.153461837768554688e+01
1.595850267410278320e+02 2.710058116912847481e+01 2.317757225036621094e+01 3.191109657287597656e+01
1.598681306838989258e+02 2.659142303466802559e+01 2.280160331726074219e+01 3.183134460449218750e+01
1.604258193969726562e+02 2.640753936767583809e+01 2.261461639404296875e+01 3.209118652343750000e+01
1.591931648254394531e+02 2.769221878051763497e+01 2.321328735351562500e+01 3.188700866699218750e+01
1.599178991317749023e+02 2.691427993774419747e+01 2.307760810852050781e+01 3.145212554931640625e+01
1.596605806350708008e+02 2.592434215545659981e+01 2.300881004333496094e+01 3.195256996154785156e+01
1.585823860168457031e+02 2.590509986877447091e+01 2.340064239501953125e+01 3.232902145385742188e+01
1.586177062988281250e+02 2.513541889190679512e+01 2.302310943603515625e+01 3.140980339050292969e+01
1.583646545410156250e+02 2.581732368469243966e+01 2.338896942138671875e+01 3.071414566040039062e+01
1.576989879608154297e+02 2.592033004760747872e+01 2.393507766723632812e+01 3.087086486816406250e+01
1.586566877365112305e+02 2.511126899719243966e+01 2.351071357727050781e+01 3.154719924926757812e+01
1.586275720596313477e+02 2.623093795776372872e+01 2.372785758972167969e+01 3.128031921386718750e+01
1.594368610382080078e+02 2.639199352264409981e+01 2.351139450073242188e+01 3.123172187805175781e+01
1.593438539505004883e+02 2.529924011230474434e+01 2.352757072448730469e+01 3.208219146728515625e+01
1.598157930374145508e+02 2.595257377624517403e+01 2.349449729919433594e+01 3.216498947143554688e+01
1.597533206939697266e+02 2.602999496459966622e+01 2.305512619018554688e+01 3.163662719726562500e+01
1.600075187683105469e+02 2.670986938476568184e+01 2.341336059570312500e+01 3.124871826171875000e+01
1.607896471023559570e+02 2.608087921142583809e+01 2.340324974060058594e+01 3.146301269531250000e+01
1.603641510009765625e+02 2.632647895812993966e+01 2.348745727539062500e+01 3.178609085083007812e+01
1.607325410842895508e+02 2.658688354492193184e+01 2.343858909606933594e+01 3.164810180664062500e+01
1.604586772918701172e+02 2.628181362152105294e+01 2.325333023071289062e+01 3.123848915100097656e+01
1.611725082397460938e+02 2.714844417572027169e+01 2.280170440673828125e+01 3.050048255920410156e+01
1.598758058547973633e+02 2.692481708526617012e+01 2.314089775085449219e+01 3.163872337341308594e+01
1.607170047760009766e+02 2.733092689514165841e+01 2.312354660034179688e+01 3.071239852905273438e+01
1.604095697402954102e+02 2.702888584136967864e+01 2.309863853454589844e+01 3.142770957946777344e+01
1.604078807830810547e+02 2.651950740814213958e+01 2.314267349243164062e+01 3.113372230529785156e+01
1.604484491348266602e+02 2.678934192657475677e+01 2.290446281433105469e+01 3.172497367858886719e+01
1.604342031478881836e+02 2.648810482025151458e+01 2.309915351867675781e+01 3.167961311340332031e+01
1.616417732238769531e+02 2.741286087036137786e+01 2.241815948486328125e+01 3.107575988769531250e+01
1.608592557907104492e+02 2.706073856353764739e+01 2.308741188049316406e+01 3.181106376647949219e+01
1.617603082656860352e+02 2.809786796569829193e+01 2.307552146911621094e+01 3.183382034301757812e+01
1.617383346557617188e+02 2.726680946350102630e+01 2.309772491455078125e+01 3.173873519897460938e+01
1.613032321929931641e+02 2.757297039031987396e+01 2.337934494018554688e+01 3.138784217834472656e+01
1.623322610855102539e+02 2.763346195220952239e+01 2.349944877624511719e+01 3.149864768981933594e+01
1.611524000167846680e+02 2.777958774566655364e+01 2.331124305725097656e+01 3.124940299987792969e+01
1.613481035232543945e+02 2.816364765167241302e+01 2.354878807067871094e+01 3.129602622985839844e+01
1.612212114334106445e+02 2.798450374603276458e+01 2.303485679626464844e+01 3.132742500305175781e+01
1.612860527038574219e+02 2.739896011352544036e+01 2.256494903564453125e+01 3.125636291503906250e+01
1.618806114196777344e+02 2.709654808044437857e+01 2.225742340087890625e+01 3.130419540405273438e+01
1.614835376739501953e+02 2.736847686767582388e+01 2.212620925903320312e+01 3.113098144531250000e+01
1.612212610244750977e+02 2.780745601654057708e+01 2.225475883483886719e+01 3.151194953918457031e+01
1.613947601318359375e+02 2.656416416168217864e+01 2.210618591308593750e+01 3.185358238220214844e+01
1.607315769195556641e+02 2.708722877502445670e+01 2.259728622436523438e+01 3.215453720092773438e+01
1.604745044708251953e+02 2.766639137268070670e+01 2.319059371948242188e+01 3.236063766479492188e+01
1.600935363769531250e+02 2.725162887573246451e+01 2.374504089355468750e+01 3.257010650634765625e+01
1.603642492294311523e+02 2.734736442565922232e+01 2.349134254455566406e+01 3.219425582885742188e+01
1.601008644104003906e+02 2.758644104003910513e+01 2.355960845947265625e+01 3.269077301025390625e+01
1.602474346160888672e+02 2.774074363708500357e+01 2.400666427612304688e+01 3.263734817504882812e+01
1.607821979522705078e+02 2.820799064636234732e+01 2.442808151245117188e+01 3.242968368530273438e+01
1.610285253524780273e+02 2.815560340881351920e+01 2.450477790832519531e+01 3.294847488403320312e+01
1.607724237442016602e+02 2.785973358154301138e+01 2.468204307556152344e+01 3.289102935791015625e+01
1.606692762374877930e+02 2.828730964660648795e+01 2.461274909973144531e+01 3.340999221801757812e+01
1.611433897018432617e+02 2.824989318847660513e+01 2.417901802062988281e+01 3.327279663085937500e+01
1.608516130447387695e+02 2.755200576782230826e+01 2.467444419860839844e+01 3.326104736328125000e+01
1.602128086090087891e+02 2.719147872924808951e+01 2.415981674194335938e+01 3.291963195800781250e+01
1.603847541809082031e+02 2.762117767333988638e+01 2.407933044433593750e+01 3.287307739257812500e+01
1.602705383300781250e+02 2.640180778503422232e+01 2.409199523925781250e+01 3.323340988159179688e+01
1.612232160568237305e+02 2.684753417968754263e+01 2.366029548645019531e+01 3.293818664550781250e+01
1.609814710617065430e+02 2.635452842712406607e+01 2.355042457580566406e+01 3.362944412231445312e+01
1.609497575759887695e+02 2.554162979125980826e+01 2.354778099060058594e+01 3.343294525146484375e+01
1.608279838562011719e+02 2.616347312927250357e+01 2.316622161865234375e+01 3.246132278442382812e+01
1.609921417236328125e+02 2.666878700256351920e+01 2.283885192871093750e+01 3.245739364624023438e+01
1.601172828674316406e+02 2.636093330383305045e+01 2.310429382324218750e+01 3.251955032348632812e+01
1.597351989746093750e+02 2.580814552307133170e+01 2.294734191894531250e+01 3.208320999145507812e+01
1.598009080886840820e+02 2.664729499816898795e+01 2.272592735290527344e+01 3.156971359252929688e+01
1.605771780014038086e+02 2.630578804016117545e+01 2.290059089660644531e+01 3.219456863403320312e+01
1.592322721481323242e+02 2.603159713745121451e+01 2.345383644104003906e+01 3.180389404296875000e+01
1.601364803314208984e+02 2.581689071655277701e+01 2.299012374877929688e+01 3.246935272216796875e+01
1.597984800338745117e+02 2.605410766601566763e+01 2.289949989318847656e+01 3.218197631835937500e+01
1.599796466827392578e+02 2.537827491760258170e+01 2.265208053588867188e+01 3.272449874877929688e+01
1.598626317977905273e+02 2.602273559570316763e+01 2.291958045959472656e+01 3.246104431152343750e+01
1.607160758972167969e+02 2.633566093444828482e+01 2.293283081054687500e+01 3.262783432006835938e+01
1.602745418548583984e+02 2.538617515563969107e+01 2.291218185424804688e+01 3.265252304077148438e+01
1.596810245513916016e+02 2.579872322082523795e+01 2.317121505737304688e+01 3.232186508178710938e+01
1.600611972808837891e+02 2.589014053344730826e+01 2.330894088745117188e+01 3.266741943359375000e+01
1.599337501525878906e+02 2.568791580200199576e+01 2.318324279785156250e+01 3.271186065673828125e+01
1.598727045059204102e+02 2.543999481201176138e+01 2.288532829284667969e+01 3.315241241455078125e+01
1.596874809265136719e+02 2.561457633972172232e+01 2.305886077880859375e+01 3.274850845336914062e+01
1.601939086914062500e+02 2.554076385498051138e+01 2.297651672363281250e+01 3.338509368896484375e+01
1.598868465423583984e+02 2.592662239074711295e+01 2.327336502075195312e+01 3.295995712280273438e+01
1.597873210906982422e+02 2.656605720520023795e+01 2.281129837036132812e+01 3.258564376831054688e+01
1.601107616424560547e+02 2.628329849243168326e+01 2.260610580444335938e+01 3.253534698486328125e+01
1.594752359390258789e+02 2.674721145629887076e+01 2.284100914001464844e+01 3.245674896240234375e+01
1.600485496520996094e+02 2.700977516174320670e+01 2.321224975585937500e+01 3.239331436157226562e+01
1.593198823928833008e+02 2.641866302490238638e+01 2.303492546081542969e+01 3.265720367431640625e+01
1.594088621139526367e+02 2.623355293273930045e+01 2.284845924377441406e+01 3.245634841918945312e+01
1.601560707092285156e+02 2.688919830322269888e+01 2.279638671875000000e+01 3.212040710449218750e+01
1.594365816116333008e+02 2.731596183776859732e+01 2.252024650573730469e+01 3.231195449829101562e+01
1.590778083801269531e+02 2.737781524658207388e+01 2.282983398437500000e+01 3.215773773193359375e+01
1.595283937454223633e+02 2.673439216613773795e+01 2.228596305847167969e+01 3.214301681518554688e+01
1.592481241226196289e+02 2.675992584228519888e+01 2.234470939636230469e+01 3.181611633300781250e+01
1.592703390121459961e+02 2.702152442932132459e+01 2.246200752258300781e+01 3.198508834838867188e+01
1.589156150817871094e+02 2.672997951507571912e+01 2.186687469482421875e+01 3.159869575500488281e+01
1.592156352996826172e+02 2.631987285614017225e+01 2.183572769165039062e+01 3.104847908020019531e+01
1.590469398498535156e+02 2.695002365112308951e+01 2.170491027832031250e+01 3.128815460205078125e+01
1.598758764266967773e+02 2.672765541076665130e+01 2.185907173156738281e+01 3.129383468627929688e+01
1.600912456512451172e+02 2.646512031555181466e+01 2.131425094604492188e+01 3.184150314331054688e+01
1.600356035232543945e+02 2.665692996978766161e+01 2.168231010437011719e+01 3.193798637390136719e+01
1.599453306198120117e+02 2.628656768798834520e+01 2.183301734924316406e+01 3.260395812988281250e+01
1.603910245895385742e+02 2.670413780212408028e+01 2.182129096984863281e+01 3.238508224487304688e+01
1.596224565505981445e+02 2.741011047363286224e+01 2.235733604431152344e+01 3.194328308105468750e+01
1.605615892410278320e+02 2.692867660522465201e+01 2.243150138854980469e+01 3.238987731933593750e+01
1.601501531600952148e+02 2.746582221984867545e+01 2.226311683654785156e+01 3.259326553344726562e+01
1.611009473800659180e+02 2.740580177307133170e+01 2.201478004455566406e+01 3.223044967651367188e+01
1.606486768722534180e+02 2.790675735473636365e+01 2.203946113586425781e+01 3.272480010986328125e+01
1.609902572631835938e+02 2.800958061218265271e+01 2.197718048095703125e+01 3.273402786254882812e+01
1.613306283950805664e+02 2.830858039855960584e+01 2.219771385192871094e+01 3.262047195434570312e+01
1.619392576217651367e+02 2.757746696472171521e+01 2.213353157043457031e+01 3.245335769653320312e+01
1.612149906158447266e+02 2.741410636901859021e+01 2.275856399536132812e+01 3.295685958862304688e+01
1.608105564117431641e+02 2.755940246582034803e+01 2.284660720825195312e+01 3.268407440185546875e+01
1.616194496154785156e+02 2.726856994628909803e+01 2.204931640625000000e+01 3.252757263183593750e+01
1.607103414535522461e+02 2.681069183349612928e+01 2.259455299377441406e+01 3.266685485839843750e+01
1.605522108078002930e+02 2.696435356140140271e+01 2.212967872619628906e+01 3.263768386840820312e+01
1.603726329803466797e+02 2.757355880737308240e+01 2.224077987670898438e+01 3.317539215087890625e+01
1.610452842712402344e+02 2.696706581115726209e+01 2.208448028564453125e+01 3.221082687377929688e+01
1.604639081954956055e+02 2.664424324035647373e+01 2.201539039611816406e+01 3.322682571411132812e+01
1.606526584625244141e+02 2.688691520690920811e+01 2.244933700561523438e+01 3.294303512573242188e+01
1.609739198684692383e+02 2.702857589721682530e+01 2.223808860778808594e+01 3.290609741210937500e+01
1.601250381469726562e+02 2.693189811706545811e+01 2.279766082763671875e+01 3.330607223510742188e+01
1.606584386825561523e+02 2.750608062744143467e+01 2.279414558410644531e+01 3.234318542480468750e+01
1.601827716827392578e+02 2.726095962524416905e+01 2.302739334106445312e+01 3.291420745849609375e+01
1.607566823959350586e+02 2.748553085327151280e+01 2.317958259582519531e+01 3.252249145507812500e+01
1.611764936447143555e+02 2.682041168212893467e+01 2.274251747131347656e+01 3.280216979980468750e+01
1.603672275543212891e+02 2.745336341857912998e+01 2.274938583374023438e+01 3.267957687377929688e+01
1.606661138534545898e+02 2.706029129028323155e+01 2.283316230773925781e+01 3.257204437255859375e+01
1.612172517776489258e+02 2.776753044128420811e+01 2.231509971618652344e+01 3.183074569702148438e+01
1.610257024765014648e+02 2.729258346557619319e+01 2.220566749572753906e+01 3.237306976318359375e+01
1.611997060775756836e+02 2.730622673034670100e+01 2.235436439514160156e+01 3.215127182006835938e+01
1.614089155197143555e+02 2.679690933227541194e+01 2.250155067443847656e+01 3.258108520507812500e+01
1.609644813537597656e+02 2.583153152465822444e+01 2.266651153564453125e+01 3.180735778808593750e+01
1.608256778717041016e+02 2.577005672454836116e+01 2.277940750122070312e+01 3.151127052307128906e+01
1.606298141479492188e+02 2.477096939086916194e+01 2.286772155761718750e+01 3.149784851074218750e+01
1.603631525039672852e+02 2.337440967559816585e+01 2.257299613952636719e+01 3.171396446228027344e+01
1.594391002655029297e+02 2.251061248779299007e+01 2.250934219360351562e+01 3.194036102294921875e+01
1.592192401885986328e+02 2.102354049682619319e+01 2.240101242065429688e+01 3.137937927246093750e+01
1.590716953277587891e+02 1.883525943756104937e+01 2.226625442504882812e+01 3.129425621032714844e+01
1.590906791687011719e+02 1.708303928375245562e+01 2.257354736328125000e+01 3.180932426452636719e+01
1.592409019470214844e+02 1.491046905517579546e+01 2.298383331298828125e+01 3.125177001953125000e+01
1.586541948318481445e+02 1.256679344177247515e+01 2.262100791931152344e+01 3.132963180541992188e+01
1.587779483795166016e+02 9.600431442260749293e+00 2.339981460571289062e+01 3.241218948364257812e+01
1.579869565963745117e+02 8.736670494079596949e+00 2.343499946594238281e+01 3.164447975158691406e+01
1.578153562545776367e+02 5.716073989868171168e+00 2.345795631408691406e+01 3.336017227172851562e+01
1.569546403884887695e+02 4.842485427856452418e+00 2.408196067810058594e+01 3.330512619018554688e+01
1.576790618896484375e+02 3.603380203247077418e+00 2.396282958984375000e+01 3.314858627319335938e+01
1.578595695495605469e+02 3.121301651000983668e+00 2.387995910644531250e+01 3.242233657836914062e+01
1.576886119842529297e+02 4.203615188598639918e+00 2.401332473754882812e+01 3.237184524536132812e+01
1.576529512405395508e+02 4.231969833374030543e+00 2.385121726989746094e+01 3.366669082641601562e+01
1.576274070739746094e+02 5.465677261352546168e+00 2.390609741210937500e+01 3.349625778198242188e+01
1.582593803405761719e+02 7.648031234741218043e+00 2.330116271972656250e+01 3.305249404907226562e+01
1.587142057418823242e+02 1.013251304626465554e+01 2.351481056213378906e+01 3.248693466186523438e+01
1.589333848953247070e+02 1.194548225402832742e+01 2.352934837341308594e+01 3.273584365844726562e+01
1.588614139556884766e+02 1.508557510375977273e+01 2.339201736450195312e+01 3.238105773925781250e+01
1.591040143966674805e+02 1.634370422363281961e+01 2.372436714172363281e+01 3.280431365966796875e+01
1.592225017547607422e+02 1.845440864562988992e+01 2.341214370727539062e+01 3.255696487426757812e+01
1.597090902328491211e+02 2.069637680053711648e+01 2.345673561096191406e+01 3.191566467285156250e+01
1.600203132629394531e+02 2.096908664703369851e+01 2.309230041503906250e+01 3.179228782653808594e+01
1.598201084136962891e+02 2.322803306579590554e+01 2.298830795288085938e+01 3.144894027709960938e+01
1.599459619522094727e+02 2.355350208282471414e+01 2.355033683776855469e+01 3.169250297546386719e+01
1.595289230346679688e+02 2.421924209594727273e+01 2.327388763427734375e+01 3.233818054199218750e+01
1.598164119720458984e+02 2.410991287231446023e+01 2.379002761840820312e+01 3.245881652832031250e+01
1.590511398315429688e+02 2.306665992736817117e+01 2.368410491943359375e+01 3.312472915649414062e+01
1.597853393554687500e+02 2.243928718566895242e+01 2.349171447753906250e+01 3.260952377319335938e+01
1.591052436828613281e+02 2.191080856323242898e+01 2.360398864746093750e+01 3.311760711669921875e+01
1.587648410797119141e+02 2.195940208435059304e+01 2.328313064575195312e+01 3.249950790405273438e+01
1.583916387557983398e+02 2.085444831848145242e+01 2.342810249328613281e+01 3.209205245971679688e+01
1.583648920059204102e+02 2.121440887451172586e+01 2.332242393493652344e+01 3.155254364013671875e+01
1.574397010803222656e+02 2.140422344207764382e+01 2.381124114990234375e+01 3.169019508361816406e+01
1.584119567871093750e+02 2.112363815307617898e+01 2.348349761962890625e+01 3.204674530029296875e+01
1.584500465393066406e+02 2.130969238281250711e+01 2.299182891845703125e+01 3.211180877685546875e+01
1.589403266906738281e+02 2.070610809326172586e+01 2.281764984130859375e+01 3.213240051269531250e+01
1.579297084808349609e+02 2.138369464874268289e+01 2.332423019409179688e+01 3.172929191589355469e+01
1.582904644012451172e+02 2.052260971069336648e+01 2.299304580688476562e+01 3.188264465332031250e+01
1.586099948883056641e+02 2.130052089691162820e+01 2.292679977416992188e+01 3.128855323791503906e+01
1.584674339294433594e+02 2.192640590667725320e+01 2.273236083984375000e+01 3.098718452453613281e+01
1.594706888198852539e+02 2.180465793609619141e+01 2.188001060485839844e+01 3.161538505554199219e+01
1.607264795303344727e+02 2.257046222686767578e+01 2.027470970153808594e+01 3.057075309753417969e+01
1.603967418670654297e+02 2.302096176147460938e+01 1.977183151245117188e+01 3.066957092285156250e+01
1.610581979751586914e+02 2.418458175659180398e+01 1.902832603454589844e+01 2.934438323974609375e+01
1.622226629257202148e+02 2.492375278472901101e+01 1.809530830383300781e+01 2.948982810974121094e+01
1.625959892272949219e+02 2.502340984344483843e+01 1.748297119140625000e+01 2.936104774475097656e+01
1.631728324890136719e+02 2.501245689392091265e+01 1.669067382812500000e+01 2.986985397338867188e+01
1.631948585510253906e+02 2.607133293151856890e+01 1.637746429443359375e+01 2.830427932739257812e+01
1.649849672317504883e+02 2.486600017547608843e+01 1.447775840759277344e+01 2.823526954650878906e+01
1.646098732948303223e+02 2.543210220336915484e+01 1.486207103729248047e+01 2.808204650878906250e+01
1.662453165054321289e+02 2.576569747924806109e+01 1.324744224548339844e+01 2.802144622802734375e+01
1.666875119209289551e+02 2.473411941528321734e+01 1.278206539154052734e+01 2.577092742919921875e+01
1.670586547851562500e+02 2.586635684967042437e+01 1.235922241210937500e+01 2.471726799011230469e+01
1.678420257568359375e+02 2.594228076934815874e+01 1.211407470703125000e+01 2.694745445251464844e+01
1.681961402893066406e+02 2.525641727447511187e+01 1.197640228271484375e+01 2.709417533874511719e+01
1.670899128913879395e+02 2.577305984497071734e+01 1.229800319671630859e+01 2.625341033935546875e+01
1.675800809860229492e+02 2.600364971160890093e+01 1.190459632873535156e+01 2.515799140930175781e+01
1.659027123451232910e+02 2.489640617370606890e+01 1.286835002899169922e+01 2.636879348754882812e+01
1.670937294960021973e+02 2.618865585327149859e+01 1.216026592254638672e+01 2.508856201171875000e+01
1.669500002861022949e+02 2.486846256256104937e+01 1.272202396392822266e+01 2.790871238708496094e+01
1.670964646339416504e+02 2.545061588287354937e+01 1.328842449188232422e+01 2.638591575622558594e+01
1.668297233581542969e+02 2.468671989440919390e+01 1.386787414550781250e+01 2.908358383178710938e+01
1.669045739173889160e+02 2.407037925720216265e+01 1.443896770477294922e+01 2.867525100708007812e+01
1.659572100639343262e+02 2.508035945892335405e+01 1.594915866851806641e+01 2.852739143371582031e+01
1.641508121490478516e+02 2.373207569122315874e+01 1.690475845336914062e+01 3.010528373718261719e+01
1.623539314270019531e+02 2.312427902221681109e+01 1.898001861572265625e+01 3.095053863525390625e+01
1.608572826385498047e+02 2.263038921356202593e+01 2.061524581909179688e+01 3.086178779602050781e+01
1.587266464233398438e+02 2.170918178558351030e+01 2.290769958496093750e+01 3.115357398986816406e+01
1.579210510253906250e+02 2.173170566558838601e+01 2.351425933837890625e+01 3.166639518737792969e+01
1.570665216445922852e+02 2.148702621459961648e+01 2.427331352233886719e+01 3.202263641357421875e+01
1.571133108139038086e+02 2.208397102355957742e+01 2.500818061828613281e+01 3.246610641479492188e+01
1.559685115814208984e+02 2.174216461181641336e+01 2.536733627319335938e+01 3.275163269042968750e+01
1.551202869415283203e+02 2.189115333557129617e+01 2.607811355590820312e+01 3.288100814819335938e+01
1.544253082275390625e+02 2.164506149291992898e+01 2.743522644042968750e+01 3.335608673095703125e+01
1.544172983169555664e+02 2.180988502502442117e+01 2.705839347839355469e+01 3.370539474487304688e+01
1.542913961410522461e+02 2.137216567993164773e+01 2.769288063049316406e+01 3.367417144775390625e+01
1.534475135803222656e+02 2.006676292419435015e+01 2.752129364013671875e+01 3.489087295532226562e+01
1.537788190841674805e+02 2.020316123962403765e+01 2.818833351135253906e+01 3.476904678344726562e+01
1.532937450408935547e+02 2.001569557189942827e+01 2.804452133178710938e+01 3.480424118041992188e+01
1.528364992141723633e+02 2.072240829467774859e+01 2.808028221130371094e+01 3.390110015869140625e+01
1.540326480865478516e+02 2.049465370178224077e+01 2.691788864135742188e+01 3.331374740600585938e+01
1.535898895263671875e+02 1.971193313598634234e+01 2.873314666748046875e+01 3.499636840820312500e+01
1.538191518783569336e+02 1.903611946105958452e+01 2.833307838439941406e+01 3.509182357788085938e+01
1.529593944549560547e+02 1.904325294494630327e+01 2.975271224975585938e+01 3.510391616821289062e+01
1.521746959686279297e+02 1.786850357055665484e+01 2.997130966186523438e+01 3.542274475097656250e+01
1.515196619033813477e+02 1.806012535095216265e+01 2.996256065368652344e+01 3.622831344604492188e+01
1.510653934478759766e+02 1.835893630981446734e+01 3.119223403930664062e+01 3.549667358398437500e+01
1.516201515197753906e+02 1.823463249206544390e+01 2.958055114746093750e+01 3.599485397338867188e+01
1.525898942947387695e+02 1.773528099060060015e+01 2.801363945007324219e+01 3.642507553100585938e+01
1.527963666915893555e+02 1.848504638671876421e+01 2.689554786682128906e+01 3.562226104736328125e+01
1.534666938781738281e+02 1.855504417419435015e+01 2.644682312011718750e+01 3.534351730346679688e+01
1.539249343872070312e+02 1.886316871643068538e+01 2.564994049072265625e+01 3.396626663208007812e+01
1.543534078598022461e+02 1.985581016540529475e+01 2.413936042785644531e+01 3.333034133911132812e+01
1.546463689804077148e+02 1.973609924316408382e+01 2.334070777893066406e+01 3.197469329833984375e+01
1.553855791091918945e+02 2.019693756103517757e+01 2.237172508239746094e+01 3.155867767333984375e+01
1.555051469802856445e+02 2.187042236328126421e+01 2.165387535095214844e+01 3.068785858154296875e+01
1.565537376403808594e+02 2.391508674621583452e+01 2.023370361328125000e+01 2.782139968872070312e+01
1.572504415512084961e+02 2.372015285491944780e+01 1.912913703918457031e+01 2.878791999816894531e+01
1.577128829956054688e+02 2.357507228851319780e+01 1.813474273681640625e+01 2.863416481018066406e+01
1.586732206344604492e+02 2.337715339660645952e+01 1.716996192932128906e+01 2.931768417358398438e+01
1.587808990478515625e+02 2.464688110351563921e+01 1.690998077392578125e+01 2.786769866943359375e+01
1.577606983184814453e+02 2.515164184570313921e+01 1.746701431274414062e+01 2.726912689208984375e+01
1.580507545471191406e+02 2.450172615051270952e+01 1.746504211425781250e+01 2.692164993286132812e+01
1.568537225723266602e+02 2.469067955017091265e+01 1.858247947692871094e+01 2.797667312622070312e+01
1.563567876815795898e+02 2.393996429443360796e+01 1.899453926086425781e+01 2.751039123535156250e+01
1.558573551177978516e+02 2.209763336181642046e+01 2.153724288940429688e+01 2.943881988525390625e+01
1.554473133087158203e+02 2.108895874023438921e+01 2.295943069458007812e+01 3.267742156982421875e+01
1.544486732482910156e+02 1.934296607971192827e+01 2.572530364990234375e+01 3.491363906860351562e+01
1.537918672561645508e+02 1.781424331665040484e+01 2.807510185241699219e+01 3.650004577636718750e+01
1.534259929656982422e+02 1.767793083190919390e+01 2.825045394897460938e+01 3.627102279663085938e+01
1.530821428298950195e+02 1.882470703125001421e+01 2.858030509948730469e+01 3.606012725830078125e+01
1.535416669845581055e+02 1.887130928039552202e+01 2.714973640441894531e+01 3.548822402954101562e+01
1.533701686859130859e+02 1.886638641357423296e+01 2.748128128051757812e+01 3.525217437744140625e+01
1.532540931701660156e+02 1.887393760681153765e+01 2.740844726562500000e+01 3.517386245727539062e+01
1.541752805709838867e+02 1.871303176879884234e+01 2.768297004699707031e+01 3.491629791259765625e+01
1.533198680877685547e+02 1.904325675964356890e+01 2.716337203979492188e+01 3.366641616821289062e+01
1.544843358993530273e+02 2.008399391174317827e+01 2.648854255676269531e+01 3.316016006469726562e+01
1.546504602432250977e+02 1.958377075195313921e+01 2.600322532653808594e+01 3.319004821777343750e+01
1.561144142150878906e+02 2.031437492370606890e+01 2.407154846191406250e+01 3.198704910278320312e+01
1.568130035400390625e+02 2.003249454498292437e+01 2.359857177734375000e+01 3.161384391784667969e+01
1.573158521652221680e+02 1.943039131164552202e+01 2.395881843566894531e+01 3.236381912231445312e+01
1.586402683258056641e+02 1.944790267944337359e+01 2.368084335327148438e+01 3.243036651611328125e+01
1.586367740631103516e+02 2.059160804748536577e+01 2.395830917358398438e+01 3.183444595336914062e+01
1.586374521255493164e+02 2.129024600982667437e+01 2.409020042419433594e+01 3.066544151306152344e+01
1.586310253143310547e+02 2.012468528747560015e+01 2.416382217407226562e+01 3.250658035278320312e+01
1.594898614883422852e+02 2.059124660491944780e+01 2.403690147399902344e+01 3.163682746887207031e+01
1.593994216918945312e+02 2.101980876922608843e+01 2.420436859130859375e+01 3.163827705383300781e+01
1.597247457504272461e+02 2.135864257812501421e+01 2.413526344299316406e+01 3.193233489990234375e+01
1.597024879455566406e+02 2.145118141174317827e+01 2.381262207031250000e+01 3.225985336303710938e+01
1.601117515563964844e+02 2.165487670898438921e+01 2.331240844726562500e+01 3.201760101318359375e+01
1.601870822906494141e+02 2.113066291809083452e+01 2.256612777709960938e+01 3.231708908081054688e+01
1.605957651138305664e+02 2.104919815063477984e+01 2.177314567565917969e+01 3.263091278076171875e+01
1.614512662887573242e+02 2.151965141296387429e+01 2.060915565490722656e+01 3.148868942260742188e+01
1.620513820648193359e+02 2.183159446716309304e+01 1.957983779907226562e+01 3.114003372192382812e+01
1.624940986633300781e+02 2.134289169311524859e+01 1.995182037353515625e+01 3.056288146972656250e+01
1.613907690048217773e+02 2.069919967651369319e+01 2.036633491516113281e+01 3.195831298828125000e+01
1.607569274902343750e+02 2.055267620086671343e+01 2.102124786376953125e+01 3.143367958068847656e+01
1.597647485733032227e+02 1.991357707977295632e+01 2.168485069274902344e+01 3.190204811096191406e+01
1.593127593994140625e+02 1.991059494018555398e+01 2.184152984619140625e+01 3.184366607666015625e+01
1.596878137588500977e+02 1.965105247497559304e+01 2.180322074890136719e+01 3.201263046264648438e+01
1.587155771255493164e+02 1.943083763122559304e+01 2.201353263854980469e+01 3.230096817016601562e+01
1.592785243988037109e+02 1.982351493835449219e+01 2.184325790405273438e+01 3.210936355590820312e+01
1.592886009216308594e+02 1.985723209381103516e+01 2.194712829589843750e+01 3.189733695983886719e+01
1.593218955993652344e+02 1.961290740966796875e+01 2.209137725830078125e+01 3.228789520263671875e+01
1.593033571243286133e+02 2.022064971923827414e+01 2.191614341735839844e+01 3.247418975830078125e+01
1.595599870681762695e+02 1.990144157409666548e+01 2.149333000183105469e+01 3.211106491088867188e+01
1.602536592483520508e+02 1.966751098632811079e+01 2.159360313415527344e+01 3.265859985351562500e+01
1.590141820907592773e+02 2.028496170043943181e+01 2.205188941955566406e+01 3.205219268798828125e+01
1.595067329406738281e+02 1.935170745849606533e+01 2.123824310302734375e+01 3.223600769042968750e+01
1.596600599288940430e+02 1.993288040161130681e+01 2.101944160461425781e+01 3.176278686523437500e+01
1.604271268844604492e+02 1.960662841796872868e+01 2.051542854309082031e+01 3.176949310302734375e+01
1.602468128204345703e+02 1.977781009674069423e+01 2.037169265747070312e+01 3.198979759216308594e+01
1.604833364486694336e+02 2.087421321868892932e+01 1.968777656555175781e+01 3.108194160461425781e+01
1.605769433975219727e+02 1.975653934478756923e+01 1.924843406677246094e+01 3.157736778259277344e+01
1.606080818176269531e+02 2.052027320861814275e+01 1.909548950195312500e+01 3.117056655883789062e+01
1.617715768814086914e+02 2.042705631256100673e+01 1.850048637390136719e+01 3.112002372741699219e+01
1.619243726730346680e+02 2.032000160217282314e+01 1.886106300354003906e+01 3.114673995971679688e+01
1.622004013061523438e+02 2.052237224578854580e+01 1.857564544677734375e+01 3.159770393371582031e+01
1.627156763076782227e+02 1.954985618591305752e+01 1.827190971374511719e+01 3.211872482299804688e+01
1.629764633178710938e+02 2.005258655548092861e+01 1.840514373779296875e+01 3.160878562927246094e+01
1.620531187057495117e+02 1.992337799072262783e+01 1.849111366271972656e+01 3.194257354736328125e+01
1.625790357589721680e+02 1.968636798858639025e+01 1.881943702697753906e+01 3.171961021423339844e+01
1.614072237014770508e+02 1.922340393066401987e+01 2.060444450378417969e+01 3.206018829345703125e+01
1.613782491683959961e+02 1.955719375610346589e+01 2.089583015441894531e+01 3.268994903564453125e+01
1.612222776412963867e+02 2.061183357238765268e+01 2.182143592834472656e+01 3.229010391235351562e+01
1.602549943923950195e+02 1.990578460693354401e+01 2.196695518493652344e+01 3.313112640380859375e+01
1.605859422683715820e+02 2.058471012115473542e+01 2.240869712829589844e+01 3.195234489440917969e+01
1.600821619033813477e+02 2.018638038635248932e+01 2.205082511901855469e+01 3.222491073608398438e+01
1.590314159393310547e+02 2.064040851593011894e+01 2.345086288452148438e+01 3.194023704528808594e+01
1.592160701751708984e+02 2.049248313903802909e+01 2.345798873901367188e+01 3.165113449096679688e+01
1.584560394287109375e+02 2.111908340454095878e+01 2.480706787109375000e+01 3.142324066162109375e+01
1.568767080307006836e+02 2.081103897094720878e+01 2.566942787170410156e+01 3.226264953613281250e+01
1.543382272720336914e+02 2.041479110717767753e+01 2.848711967468261719e+01 3.221740722656250000e+01
1.529812784194946289e+02 1.956713485717767753e+01 2.949657249450683594e+01 3.341979217529296875e+01
1.562017316818237305e+02 2.050774765014642753e+01 2.674746894836425781e+01 3.343916320800781250e+01
1.579259204864501953e+02 2.071559715270990409e+01 2.449639511108398438e+01 3.252112197875976562e+01
1.596011638641357422e+02 2.125322341918939628e+01 2.290087509155273438e+01 3.242852783203125000e+01
1.607811079025268555e+02 2.164990615844720878e+01 2.207933998107910156e+01 3.144980621337890625e+01
1.585672054290771484e+02 2.115829658508295097e+01 2.374203109741210938e+01 3.301114273071289062e+01
1.595076351165771484e+02 1.991267204284662284e+01 2.306961441040039062e+01 3.217425155639648438e+01
1.582977590560913086e+02 2.157185268402093925e+01 2.277960395812988281e+01 3.170264625549316406e+01
1.586750049591064453e+02 2.077693080902093925e+01 2.126637649536132812e+01 3.155121803283691406e+01
1.598117036819458008e+02 2.004899978637689628e+01 2.137556266784667969e+01 3.173443603515625000e+01
1.599529609680175781e+02 2.086003684997553620e+01 2.113706207275390625e+01 3.241411209106445312e+01
1.604134702682495117e+02 2.017015647888179330e+01 2.086200904846191406e+01 3.223239517211914062e+01
1.605389928817749023e+02 2.144172096252437143e+01 2.138503456115722656e+01 3.215941238403320312e+01
1.613427524566650391e+02 2.136728477478023791e+01 2.048248672485351562e+01 3.242313003540039062e+01
1.621576366424560547e+02 2.128163528442379260e+01 2.005729293823242188e+01 3.191564178466796875e+01
1.640271987915039062e+02 2.241577720642086291e+01 1.872312927246093750e+01 3.095136642456054688e+01
1.635266914367675781e+02 2.243669223785396838e+01 1.963119506835937500e+01 3.184413719177246094e+01
1.638904323577880859e+02 2.178695964813228869e+01 2.007254409790039062e+01 3.178858375549316406e+01
1.639535522460937500e+02 2.194882965087887072e+01 2.110104370117187500e+01 3.200685882568359375e+01
1.633013229370117188e+02 2.208843231201168322e+01 2.138627624511718750e+01 3.288585662841796875e+01
1.640840339660644531e+02 2.188179016113276987e+01 2.121963500976562500e+01 3.286814880371093750e+01
1.632839031219482422e+02 2.220689964294429330e+01 2.031722640991210938e+01 3.258061599731445312e+01
1.631616687774658203e+02 2.179927253723139557e+01 1.992806625366210938e+01 3.227771377563476562e+01
1.628856315612792969e+02 2.186158370971674714e+01 2.035148620605468750e+01 3.205635833740234375e+01
1.617804317474365234e+02 2.280716133117670097e+01 2.064240646362304688e+01 3.125572586059570312e+01
1.622831125259399414e+02 2.228905487060541191e+01 2.070870780944824219e+01 3.171710205078125000e+01
1.622944765090942383e+02 2.199883842468255324e+01 2.066942405700683594e+01 3.089223861694335938e+01
1.620278644561767578e+02 2.333843612670892043e+01 2.034988021850585938e+01 3.124990081787109375e+01
1.624009799957275391e+02 2.338378715515130324e+01 2.035844802856445312e+01 3.109526443481445312e+01
1.634035911560058594e+02 2.298728942871087355e+01 1.980337524414062500e+01 3.216152191162109375e+01
1.633119468688964844e+02 2.245646858215325636e+01 1.971974945068359375e+01 3.129559707641601562e+01
1.643126430511474609e+02 2.279247188568108839e+01 1.900679397583007812e+01 3.145004463195800781e+01
1.637881145477294922e+02 2.217317581176750707e+01 1.929542160034179688e+01 3.205036163330078125e+01
1.648731269836425781e+02 2.328256511688225316e+01 1.910202026367187500e+01 3.165323066711425781e+01
1.640580577850341797e+02 2.307874679565423293e+01 1.943057632446289062e+01 3.067030334472656250e+01
1.642474775314331055e+02 2.396892833709709691e+01 1.963930702209472656e+01 3.021531105041503906e+01
1.638103618621826172e+02 2.263909721374503903e+01 2.061703109741210938e+01 3.189078903198242188e+01
1.623509397506713867e+02 2.213508224487296161e+01 2.181691169738769531e+01 3.275465393066406250e+01
1.620528612136840820e+02 2.340199756622305216e+01 2.212325096130371094e+01 3.179082298278808594e+01
1.613288984298706055e+02 2.373983287811269349e+01 2.274611854553222656e+01 3.124373817443847656e+01
1.622850875854492188e+02 2.368403434753407311e+01 2.333943176269531250e+01 3.114586257934570312e+01
1.616752872467041016e+02 2.443820381164540123e+01 2.286010360717773438e+01 3.120700454711914062e+01
1.609093418121337891e+02 2.261327552795398788e+01 2.264030075073242188e+01 3.083825302124023438e+01
1.613891277313232422e+02 2.303828620910633163e+01 2.279918289184570312e+01 2.978709793090820312e+01
1.611583414077758789e+02 2.310998630523670982e+01 2.173515129089355469e+01 3.066283226013183594e+01
1.600922441482543945e+02 2.230244064331044029e+01 2.262209129333496094e+01 3.222140502929687500e+01
1.602615947723388672e+02 2.237794017791737389e+01 2.215400314331054688e+01 3.155877876281738281e+01
1.602179975509643555e+02 2.174370002746571373e+01 2.196135139465332031e+01 3.195758438110351562e+01
1.605534791946411133e+02 2.163895416259754967e+01 2.196087455749511719e+01 3.282336425781250000e+01
1.608425579071044922e+02 2.188215255737294029e+01 2.189521408081054688e+01 3.254376220703125000e+01
1.620369768142700195e+02 2.139181709289539413e+01 2.151716423034667969e+01 3.352841567993164062e+01
1.620910940170288086e+02 2.231274890899646834e+01 2.143149757385253906e+01 3.199963951110839844e+01
1.626201620101928711e+02 2.171797370910633873e+01 2.172355079650878906e+01 3.278680801391601562e+01
1.627211389541625977e+02 2.136670303344715194e+01 2.145848655700683594e+01 3.264485168457031250e+01
1.631980333328247070e+02 2.155744743347156600e+01 2.121021080017089844e+01 3.262755203247070312e+01
1.630785093307495117e+02 2.170680427551258163e+01 2.065639686584472656e+01 3.264441299438476562e+01
1.633856172561645508e+02 2.190515899658191756e+01 2.078390312194824219e+01 3.265233612060546875e+01
1.629781837463378906e+02 2.171180725097645592e+01 2.088877105712890625e+01 3.212325286865234375e+01
1.628327274322509766e+02 2.206512832641590904e+01 2.093263626098632812e+01 3.176888275146484375e+01
1.625762996673583984e+02 2.239692306518544029e+01 2.085833358764648438e+01 3.126152038574218750e+01
1.612701511383056641e+02 2.188219833374012069e+01 2.101171493530273438e+01 3.091001129150390625e+01
1.615831575393676758e+02 2.235695075988758163e+01 2.065188407897949219e+01 3.119710159301757812e+01
1.615514545440673828e+02 2.154775333404529647e+01 2.037439346313476562e+01 3.144850730895996094e+01
1.614482345581054688e+02 2.197519683837879256e+01 1.985257720947265625e+01 3.152325439453125000e+01
1.615412054061889648e+02 2.168879985809314803e+01 2.007160377502441406e+01 3.180012702941894531e+01
1.613709325790405273e+02 2.082974815368640975e+01 1.967865180969238281e+01 3.177173995971679688e+01
1.620971078872680664e+02 2.191021156311023788e+01 1.854092216491699219e+01 3.105011367797851562e+01
1.632092695236206055e+02 2.218476486206043319e+01 1.912756538391113281e+01 3.101206970214843750e+01
1.633689651489257812e+02 2.158725547790515265e+01 1.817990875244140625e+01 3.233047103881835938e+01
1.636255416870117188e+02 2.230219459533679327e+01 1.835152435302734375e+01 3.058694839477539062e+01
1.637388143539428711e+02 2.236176490783679327e+01 1.847743415832519531e+01 2.959972763061523438e+01
1.616715669631958008e+02 2.241243839263903936e+01 2.013752555847167969e+01 3.069690513610839844e+01
1.602219438552856445e+02 2.133616447448718390e+01 2.091357231140136719e+01 2.890223312377929688e+01
1.596629533767700195e+02 2.124186801910389022e+01 2.123628044128417969e+01 3.006055259704589844e+01
1.600207672119140625e+02 2.098488616943348006e+01 2.096331024169921875e+01 2.905534362792968750e+01
1.597404289245605469e+02 1.998133563995350670e+01 2.138372039794921875e+01 3.107207298278808594e+01
1.605941019058227539e+02 1.924605655670155357e+01 2.273621177673339844e+01 3.138108634948730469e+01
1.605048923492431641e+02 2.041945171356189803e+01 2.274010848999023438e+01 3.150306129455566406e+01
1.599237232208251953e+02 1.996461486816394881e+01 2.269932174682617188e+01 3.148287963867187500e+01
1.603108053207397461e+02 2.028709220886218390e+01 2.159955787658691406e+01 3.030434799194335938e+01
1.600004882812500000e+02 1.976155948638903226e+01 2.166033935546875000e+01 3.033836174011230469e+01
1.606607017517089844e+02 2.046631526947007984e+01 2.147426605224609375e+01 3.001901435852050781e+01
1.604170894622802734e+02 1.995529365539537281e+01 2.184310531616210938e+01 3.020885086059570312e+01
1.598990287780761719e+02 1.855116367340073680e+01 2.236895751953125000e+01 3.024104118347167969e+01
1.595782756805419922e+02 1.909118366241441578e+01 2.328853225708007812e+01 3.068115806579589844e+01
1.594742441177368164e+02 1.838025379180893992e+01 2.328904533386230469e+01 3.115296745300292969e+01
1.601176691055297852e+02 1.776162338256821727e+01 2.334676933288574219e+01 3.180181121826171875e+01
1.602066555023193359e+02 1.841531372070298289e+01 2.334447860717773438e+01 3.132275390625000000e+01
1.602571048736572266e+02 1.705571937561020945e+01 2.351249313354492188e+01 3.172378158569335938e+01
1.597213869094848633e+02 1.712389469146714305e+01 2.386209678649902344e+01 3.179562950134277344e+01
1.593372879028320312e+02 1.640898513793931102e+01 2.390203857421875000e+01 3.153652954101562500e+01
1.586453933715820312e+02 1.697119617462143992e+01 2.449009704589843750e+01 3.151798057556152344e+01
1.573100461959838867e+02 1.538179779052720164e+01 2.511409187316894531e+01 3.298899078369140625e+01
1.563613672256469727e+02 1.644315338134751414e+01 2.507730674743652344e+01 3.251940917968750000e+01
1.557069816589355469e+02 1.685706138610825633e+01 2.645756530761718750e+01 3.311605453491210938e+01
1.552279777526855469e+02 1.642118072509751414e+01 2.680192565917968750e+01 3.393879699707031250e+01
1.545691604614257812e+02 1.625147628784165477e+01 2.628894042968750000e+01 3.472652435302734375e+01
1.543797111511230469e+02 1.763128852844224070e+01 2.620848846435546875e+01 3.349784469604492188e+01
1.550718135833740234e+02 1.773707962036118602e+01 2.480759811401367188e+01 3.222430419921875000e+01
1.571232204437255859e+02 1.811998462676987742e+01 2.199727249145507812e+01 3.060944175720214844e+01
1.574275665283203125e+02 1.913442230224595164e+01 1.994973754882812500e+01 2.901062774658203125e+01
1.578533477783203125e+02 1.902021217346177195e+01 1.892282104492187500e+01 2.819547653198242188e+01
1.592316751480102539e+02 1.955208492279039234e+01 1.735920524597167969e+01 2.653011512756347656e+01
1.599830312728881836e+02 1.983422565460191578e+01 1.622910499572753906e+01 2.523567008972167969e+01
1.598012170791625977e+02 1.906882286071763843e+01 1.702216148376464844e+01 2.722272109985351562e+01
1.601661901473999023e+02 1.827344894409166187e+01 1.734958839416503906e+01 2.793088531494140625e+01
1.612477970123291016e+02 1.669863796234117359e+01 1.796171188354492188e+01 2.978068733215332031e+01
1.614797754287719727e+02 1.575987148284899320e+01 1.851711082458496094e+01 3.090164375305175781e+01
1.617529907226562500e+02 1.598836231231676663e+01 2.123096466064453125e+01 3.142841148376464844e+01
1.621654796600341797e+02 1.351079559326159085e+01 2.232041549682617188e+01 3.233211517333984375e+01
1.620458660125732422e+02 1.323966979980455960e+01 2.210933303833007812e+01 3.309005737304687500e+01
1.612368030548095703e+02 1.238001441955553616e+01 2.219519424438476562e+01 3.502902603149414062e+01
1.615361356735229492e+02 1.137503623962389554e+01 2.348900794982910156e+01 3.503584671020507812e+01
1.608109912872314453e+02 1.032496261596666898e+01 2.489600753784179688e+01 3.617935180664062500e+01
1.601415891647338867e+02 1.056053733825670804e+01 2.529817390441894531e+01 3.523903274536132812e+01
1.604062700271606445e+02 1.017950057983385648e+01 2.629597282409667969e+01 3.664579010009765625e+01
1.606818990707397461e+02 1.175817871093737210e+01 2.581466865539550781e+01 3.399725341796875000e+01
1.610676393508911133e+02 1.059220504760729398e+01 2.679098320007324219e+01 3.594338989257812500e+01
1.601665554046630859e+02 1.035537338256823148e+01 2.677339553833007812e+01 3.520177459716796875e+01
1.606054286956787109e+02 1.066584014892566046e+01 2.719876480102539062e+01 3.630767822265625000e+01
1.590008554458618164e+02 1.033423805236804327e+01 2.872910881042480469e+01 3.457880020141601562e+01
1.581768035888671875e+02 8.731336593627808895e+00 2.997763824462890625e+01 3.732591629028320312e+01
1.576573553085327148e+02 1.037417984008776983e+01 3.056026649475097656e+01 3.634716033935546875e+01
1.575309991836547852e+02 1.160884094238269171e+01 3.031554222106933594e+01 3.379241943359375000e+01
1.571819381713867188e+02 1.243998718261706671e+01 3.060565948486328125e+01 3.269471740722656250e+01
1.569753942489624023e+02 1.262540054321276983e+01 3.062320137023925781e+01 3.208733367919921875e+01
1.570336351394653320e+02 1.202433967590319952e+01 3.082700920104980469e+01 3.202302932739257812e+01
1.571739778518676758e+02 1.182221794128405890e+01 3.080723381042480469e+01 3.239128494262695312e+01
1.566653146743774414e+02 1.071278381347644171e+01 3.108753013610839844e+01 3.218011474609375000e+01
1.555569190979003906e+02 1.110788726806628546e+01 3.253583526611328125e+01 3.244383239746093750e+01
1.551819057464599609e+02 1.160426330566394171e+01 3.268738174438476562e+01 3.125997924804687500e+01
1.541698360443115234e+02 1.056402683258044561e+01 3.295684432983398438e+01 3.073740959167480469e+01
1.542041320800781250e+02 9.890723228454469051e+00 3.326366424560546875e+01 3.017936134338378906e+01
1.548737277984619141e+02 1.103094673156726202e+01 3.232497787475585938e+01 2.982739639282226562e+01
1.549387531280517578e+02 1.195666599273669561e+01 3.286824417114257812e+01 2.905274009704589844e+01
1.557049827575683594e+02 1.397956562042224249e+01 3.269031524658203125e+01 2.705873680114746094e+01
1.555996856689453125e+02 1.299341106414782843e+01 3.138568878173828125e+01 2.666914558410644531e+01
1.562272377014160156e+02 1.422010326385485968e+01 3.065386199951171875e+01 2.631247138977050781e+01
1.551996173858642578e+02 1.457887935638415655e+01 3.094379043579101562e+01 2.597372627258300781e+01
1.556996746063232422e+02 1.492613220214831671e+01 3.029267501831054688e+01 2.522348785400390625e+01
1.565124864578247070e+02 1.495434188842761358e+01 3.005338096618652344e+01 2.604933929443359375e+01
1.561165142059326172e+02 1.512455081939685186e+01 3.005441665649414062e+01 2.639026451110839844e+01
1.555756349563598633e+02 1.604761695861804327e+01 3.046481132507324219e+01 2.547858810424804688e+01
1.563424816131591797e+02 1.637414264678942999e+01 3.062845230102539062e+01 2.596570396423339844e+01
1.557712488174438477e+02 1.720506095886218390e+01 3.132793235778808594e+01 2.644047164916992188e+01
1.563730783462524414e+02 1.703181552886950811e+01 3.120631980895996094e+01 2.781471824645996094e+01
1.545047130584716797e+02 1.660515213012683233e+01 3.290056228637695312e+01 2.926960754394531250e+01
1.559115943908691406e+02 1.714836502075183233e+01 3.207152557373046875e+01 2.897694396972656250e+01
1.545739364624023438e+02 1.698358821868884405e+01 3.275350189208984375e+01 2.962870216369628906e+01
1.552413711547851562e+02 1.785064029693591436e+01 3.305331420898437500e+01 2.951541709899902344e+01
1.548263893127441406e+02 1.860499286651599249e+01 3.335572052001953125e+01 2.899838829040527344e+01
1.549563617706298828e+02 1.799206829071032843e+01 3.300631332397460938e+01 2.977160835266113281e+01
1.555012722015380859e+02 1.828572559356677374e+01 3.325893020629882812e+01 2.975697898864746094e+01
1.546366119384765625e+02 1.869670009613025030e+01 3.374227905273437500e+01 3.035877418518066406e+01
1.545379734039306641e+02 1.915210342407214483e+01 3.404810714721679688e+01 3.103114318847656250e+01
1.556519680023193359e+02 1.920383548736560186e+01 3.337146377563476562e+01 3.103108787536621094e+01
1.547503890991210938e+02 1.957355690002429327e+01 3.382472229003906250e+01 3.128433609008789062e+01
1.561634941101074219e+02 1.931586360931384405e+01 3.355838775634765625e+01 3.116561317443847656e+01
1.558333225250244141e+02 1.969256782531726202e+01 3.415845870971679688e+01 3.199686050415039062e+01
1.569819526672363281e+02 2.024122810363757452e+01 3.348749542236328125e+01 3.300046157836914062e+01
1.569560012817382812e+02 2.002716636657702765e+01 3.354565429687500000e+01 3.321862411499023438e+01
1.559878101348876953e+02 2.058595466613757452e+01 3.476636886596679688e+01 3.190623855590820312e+01
1.568766536712646484e+02 1.954171562194812140e+01 3.457207107543945312e+01 3.305746078491210938e+01
1.569512767791748047e+02 2.031937026977526983e+01 3.413202285766601562e+01 3.257136535644531250e+01
1.569871616363525391e+02 1.945548439025866827e+01 3.442393112182617188e+01 3.349426651000976562e+01
1.569033012390136719e+02 1.984665298461901983e+01 3.360478973388671875e+01 3.271580505371093750e+01
1.569167919158935547e+02 1.874167823791491827e+01 3.410123062133789062e+01 3.244250869750976562e+01
1.547752876281738281e+02 1.858940124511706671e+01 3.549602508544921875e+01 3.197629547119140625e+01
1.549396038055419922e+02 1.826251983642566046e+01 3.456892776489257812e+01 3.273004913330078125e+01
1.545284557342529297e+02 1.764183044433581671e+01 3.503642654418945312e+01 3.294440460205078125e+01
1.550321807861328125e+02 1.764420890808093390e+01 3.502661132812500000e+01 3.297571945190429688e+01
1.557064952850341797e+02 1.830145072936999640e+01 3.392306900024414062e+01 3.240874862670898438e+01
1.547712478637695312e+02 1.848839759826648077e+01 3.495809936523437500e+01 3.293919754028320312e+01
1.555948619842529297e+02 1.834731674194323858e+01 3.405064773559570312e+01 3.278968811035156250e+01
1.545447540283203125e+02 1.741775512695300421e+01 3.482920837402343750e+01 3.348923492431640625e+01
1.551557483673095703e+02 1.676868629455554327e+01 3.537334823608398438e+01 3.417911148071289062e+01
1.546027965545654297e+02 1.773394584655749640e+01 3.393777847290039062e+01 3.311849594116210938e+01
1.551722526550292969e+02 1.781257057189929327e+01 3.560591888427734375e+01 3.422121047973632812e+01
1.555084056854248047e+02 1.770461845397937140e+01 3.422610855102539062e+01 3.577868270874023438e+01
1.551727428436279297e+02 1.694432449340808233e+01 3.373456192016601562e+01 3.563017272949218750e+01
1.543714199066162109e+02 1.807065010070788702e+01 3.418819046020507812e+01 3.554883193969726562e+01
1.546941299438476562e+02 1.745021629333484015e+01 3.632646179199218750e+01 3.517081832885742188e+01
1.544495639801025391e+02 1.675414657592761358e+01 3.473426437377929688e+01 3.522222900390625000e+01
1.543375835418701172e+02 1.781381416320788702e+01 3.510704421997070312e+01 3.690533828735351562e+01
1.546473922729492188e+02 1.709822654724109015e+01 3.687434387207031250e+01 3.706333541870117188e+01
1.544978389739990234e+02 1.697935867309558233e+01 3.384741592407226562e+01 3.794238281250000000e+01
1.548504981994628906e+02 1.718534278869616827e+01 3.363774871826171875e+01 3.752284622192382812e+01
1.549697017669677734e+02 1.750103378295886358e+01 3.308470535278320312e+01 3.750196838378906250e+01
1.553333683013916016e+02 1.699299430847155890e+01 3.199265670776367188e+01 3.657830429077148438e+01
1.545604438781738281e+02 1.666017341613757452e+01 3.262335968017578125e+01 3.629097366333007812e+01
1.542968864440917969e+02 1.642344093322741827e+01 3.236237335205078125e+01 3.574231338500976562e+01
1.542991657257080078e+02 1.607829856872546515e+01 3.236960983276367188e+01 3.618050765991210938e+01
1.540394058227539062e+02 1.583005142211901983e+01 3.296281433105468750e+01 3.570014953613281250e+01
1.540156679153442383e+02 1.591107177734362921e+01 3.091666221618652344e+01 3.563164520263671875e+01
1.543424205780029297e+02 1.598129463195788702e+01 3.250087356567382812e+01 3.466760635375976562e+01
1.544245996475219727e+02 1.509884452819812140e+01 3.047369194030761719e+01 3.531173324584960938e+01
1.542115650177001953e+02 1.470405578613269171e+01 3.132931137084960938e+01 3.518231964111328125e+01
1.558616838455200195e+02 1.522824859619128546e+01 2.946849632263183594e+01 3.457973480224609375e+01
1.557009696960449219e+02 1.485850715637194952e+01 2.835135650634765625e+01 3.426844406127929688e+01
1.567999982833862305e+02 1.606707382202136358e+01 2.785494422912597656e+01 3.395701599121093750e+01
1.579118623733520508e+02 1.537220573425280890e+01 2.658305931091308594e+01 3.360756301879882812e+01
