4.000000000000000000e+00 8.200000000000000000e+01 1.700000000000000000e+01 2.700000000000000000e+01
4.131282806396484375e+00 8.356570625305175781e+01 1.950877380371093750e+01 2.519450759887695312e+01
6.855455398559570312e+00 8.070333290100097656e+01 2.080154037475585938e+01 2.795261001586914062e+01
5.713798522949218750e+00 8.138764476776123047e+01 2.456507110595703125e+01 2.636175727844238281e+01
1.248259925842285156e+01 7.917580795288085938e+01 2.007645797729492188e+01 2.910147094726562500e+01
1.567369174957275391e+01 8.097065544128417969e+01 2.020026206970214844e+01 2.629484176635742188e+01
1.946229171752930398e+01 7.938331794738769531e+01 1.955782318115234375e+01 2.799264144897460938e+01
2.206859207153321023e+01 8.082184982299804688e+01 2.070296478271484375e+01 2.668803405761718750e+01
2.495942974090576882e+01 7.966665077209472656e+01 2.034480476379394531e+01 2.559140396118164062e+01
2.618573570251465554e+01 7.939829063415527344e+01 2.166595077514648438e+01 2.694957351684570312e+01
2.912075328826905007e+01 7.864411544799804688e+01 2.138119697570800781e+01 2.774212646484375000e+01
3.339316654205322266e+01 7.716884899139404297e+01 2.195461845397949219e+01 2.843004035949707031e+01
3.597257709503173828e+01 7.872174739837646484e+01 2.081614494323730469e+01 2.720629310607910156e+01
3.633108425140380859e+01 7.890671539306640625e+01 2.310906410217285156e+01 2.638150787353515625e+01
3.972771453857422586e+01 7.784806060791015625e+01 2.254969787597656250e+01 2.529330444335937500e+01
4.347189807891846414e+01 7.735567665100097656e+01 2.205002403259276633e+01 2.796203231811523438e+01
4.536868476867675781e+01 7.696010780334472656e+01 2.282772445678710938e+01 2.621644973754882812e+01
4.822835159301757102e+01 7.805626296997070312e+01 2.197135162353516336e+01 2.357503509521484375e+01
5.209844493865966797e+01 7.626286697387695312e+01 2.087117958068847656e+01 2.610568237304687500e+01
5.387819480895996094e+01 7.592492675781250000e+01 2.013602828979492188e+01 2.736238861083984375e+01
5.783197593688964844e+01 7.662391471862792969e+01 2.110319137573242188e+01 2.434384536743164062e+01
6.137233829498291016e+01 7.677262020111083984e+01 1.956741142272949219e+01 2.562465858459472656e+01
6.289306926727294922e+01 7.640534782409667969e+01 1.920613288879394531e+01 2.410153579711914062e+01
6.515404987335205078e+01 7.667521572113037109e+01 1.954571342468261719e+01 2.321358680725097656e+01
6.676861381530761719e+01 7.731887817382812500e+01 2.092692947387695312e+01 2.499346160888671875e+01
7.028504180908203125e+01 7.645919418334960938e+01 1.909257507324218750e+01 2.577941131591796875e+01
7.211692333221435547e+01 7.607123947143554688e+01 2.013154029846191406e+01 2.537136840820312500e+01
7.348121643066406250e+01 7.585197734832763672e+01 2.025233459472656250e+01 2.544886970520019531e+01
7.729865837097167969e+01 7.723076438903808594e+01 1.906407546997070312e+01 2.374660110473632812e+01
8.075018024444580078e+01 7.748581314086914062e+01 1.764850425720214844e+01 2.482778167724609375e+01
8.125464916229248047e+01 7.601849079132080078e+01 1.983870887756347656e+01 2.436321067810058594e+01
8.286501502990722656e+01 7.629902267456054688e+01 2.047785568237304688e+01 2.447533416748046875e+01
8.426511859893798828e+01 7.503415679931640625e+01 2.164281272888183594e+01 2.377716064453125000e+01
8.993657970428466797e+01 7.552282905578613281e+01 1.686168098449707031e+01 2.577296066284179688e+01
9.325640487670898438e+01 7.499625015258789062e+01 1.704460144042968750e+01 2.469720458984375000e+01
9.466406154632568359e+01 7.512060260772705078e+01 1.778524208068847656e+01 2.364951133728027344e+01
9.595568466186523438e+01 7.516041469573974609e+01 1.861885833740234375e+01 2.384097480773925781e+01
9.671421909332275391e+01 7.408435058593750000e+01 1.977227592468261719e+01 2.301074218750000000e+01
9.935756587982177734e+01 7.463799095153808594e+01 1.944289588928222656e+01 2.308235549926757812e+01
1.012531843185424805e+02 7.400703334808349609e+01 1.969655036926269531e+01 2.331371498107910156e+01
1.041115951538085938e+02 7.405582427978515625e+01 1.877432250976562500e+01 2.406317138671875000e+01
1.068854217529296875e+02 7.415681838989257812e+01 1.903298187255859375e+01 2.464806365966796875e+01
1.076840019226074219e+02 7.410393619537353516e+01 1.988378143310546875e+01 2.318920707702636719e+01
1.098744792938232422e+02 7.353775596618652344e+01 1.927428054809570312e+01 2.399809646606445312e+01
1.123762578964233398e+02 7.346388816833496094e+01 1.915240669250488281e+01 2.397353744506835938e+01
1.141431941986083984e+02 7.401776504516601562e+01 1.915233993530273438e+01 2.379722595214843750e+01
1.157672100067138672e+02 7.333638286590576172e+01 1.951969528198242188e+01 2.322955513000488281e+01
1.178245096206665039e+02 7.360913944244384766e+01 1.897060966491699219e+01 2.315057945251464844e+01
1.210481786727905273e+02 7.405299472808837891e+01 1.889762306213378906e+01 2.241937828063964844e+01
1.225881385803222656e+02 7.346816825866699219e+01 1.920720672607421875e+01 2.196768569946289062e+01
1.250222215652465820e+02 7.284089946746826172e+01 1.777214622497558594e+01 2.245730018615722656e+01
1.266941804885864258e+02 7.347634029388427734e+01 1.815941429138183594e+01 2.125461769104003906e+01
1.289545412063598633e+02 7.334643363952636719e+01 1.868835258483886719e+01 2.136892318725585938e+01
1.301024255752563477e+02 7.307965660095214844e+01 1.964844322204589844e+01 2.125038528442382812e+01
1.319134016036987305e+02 7.242484188079833984e+01 1.938047981262207031e+01 2.107519721984863281e+01
1.343254957199096680e+02 7.215206623077392578e+01 1.820070838928222656e+01 2.292322349548339844e+01
1.364565696716308594e+02 7.137995147705078125e+01 1.847148132324218750e+01 2.229407501220703125e+01
1.373384952545166016e+02 7.110664272308349609e+01 1.842567062377929688e+01 2.190042304992675781e+01
1.398109884262084961e+02 7.140946388244628906e+01 1.821187019348144531e+01 2.373558425903320312e+01
1.414486923217773438e+02 7.250958538055419922e+01 1.883763122558593750e+01 2.145630073547363281e+01
1.436443634033203125e+02 7.156789016723632812e+01 1.865892028808593750e+01 2.181340026855468750e+01
1.454336585998535156e+02 7.229765033721923828e+01 1.933648681640625000e+01 2.159097099304199219e+01
1.470317430496215820e+02 7.183917808532714844e+01 1.905399131774902344e+01 2.181429672241210938e+01
1.484137344360351562e+02 7.194763469696044922e+01 1.874356079101562500e+01 2.120815467834472656e+01
1.503189716339111328e+02 7.155904579162597656e+01 1.860938644409179688e+01 2.098541641235351562e+01
1.521410903930664062e+02 7.141473579406738281e+01 1.790586090087890625e+01 2.164368820190429688e+01
1.538073749542236328e+02 7.088697147369384766e+01 1.805272293090820312e+01 2.160494804382324219e+01
1.563447818756103516e+02 7.197388553619384766e+01 1.763824081420898438e+01 2.116306877136230469e+01
1.579317455291748047e+02 7.121879196166992188e+01 1.792598342895507812e+01 2.100598907470703125e+01
1.599317550659179688e+02 7.146557426452636719e+01 1.742867279052734375e+01 2.096522140502929688e+01
1.616815137863159180e+02 7.208707427978515625e+01 1.766378974914550781e+01 2.168529510498046875e+01
1.631634931564331055e+02 7.187952709197998047e+01 1.770865821838378906e+01 2.062973976135253906e+01
1.638130855560302734e+02 7.063476753234863281e+01 1.791513442993164062e+01 1.999590682983398438e+01
1.661315708160400391e+02 7.041160774230957031e+01 1.702412033081054688e+01 2.146684646606445312e+01
1.677333059310913086e+02 6.990251636505126953e+01 1.733381843566894531e+01 2.026670646667480469e+01
1.691252870559692383e+02 7.042649841308593750e+01 1.738044548034667969e+01 2.005828094482421875e+01
1.713860588073730469e+02 7.088748645782470703e+01 1.685834503173828125e+01 2.176798057556152344e+01
1.724505662918090820e+02 7.083691406250000000e+01 1.771094322204589844e+01 1.941157531738281250e+01
1.741697883605957031e+02 7.055824756622314453e+01 1.701716613769531250e+01 2.000053215026855469e+01
1.752908220291137695e+02 7.043944549560546875e+01 1.756053733825683594e+01 1.952468109130859375e+01
1.764267816543579102e+02 7.054044628143310547e+01 1.760354423522949219e+01 1.935740852355957031e+01
1.784127082824707031e+02 7.079934215545654297e+01 1.706144714355468750e+01 2.096802711486816406e+01
1.789043216705322266e+02 7.057748413085937500e+01 1.841245651245117188e+01 1.940464782714843750e+01
1.812901163101196289e+02 7.029830360412597656e+01 1.722939872741699219e+01 1.934561538696289062e+01
1.824054136276245117e+02 7.004398727416992188e+01 1.778238868713378906e+01 2.061320495605468750e+01
1.836611232757568359e+02 6.947953701019287109e+01 1.797221755981445312e+01 1.980475044250488281e+01
1.850477533340454102e+02 6.975118827819824219e+01 1.737793540954589844e+01 2.248161697387695312e+01
1.866960535049438477e+02 6.904973125457763672e+01 1.716047477722167969e+01 2.077066230773925781e+01
1.891113243103027344e+02 6.911252975463867188e+01 1.654310607910156250e+01 2.389856719970703125e+01
1.902410497665405273e+02 6.890777778625488281e+01 1.752411842346191406e+01 2.056568527221679688e+01
1.914584007263183594e+02 6.902100086212158203e+01 1.711771392822265625e+01 2.046356010437011719e+01
1.922118787765502930e+02 6.912158679962158203e+01 1.690862464904785156e+01 1.943301963806152344e+01
1.945166940689086914e+02 6.919697475433349609e+01 1.666406059265136719e+01 2.141359138488769531e+01
1.947840623855590820e+02 6.862046051025390625e+01 1.760045433044433594e+01 1.958999633789062500e+01
1.964017639160156250e+02 6.874639415740966797e+01 1.746157836914062500e+01 2.008267402648925781e+01
1.972277173995971680e+02 6.900199222564697266e+01 1.803429603576660156e+01 2.089987754821777344e+01
1.987288360595703125e+02 6.870211029052734375e+01 1.803301239013671875e+01 2.049504089355468750e+01
2.005879564285278320e+02 6.902276706695556641e+01 1.737492179870605469e+01 1.978999900817871094e+01
2.015443716049194336e+02 6.982361221313476562e+01 1.725300025939941406e+01 1.828552246093750000e+01
2.031338729858398438e+02 6.918795204162597656e+01 1.731897735595703125e+01 1.869826889038085938e+01
2.034040250778198242e+02 6.855033397674560547e+01 1.757917976379394531e+01 1.978806495666503906e+01
2.044250888824462891e+02 6.816949462890625000e+01 1.791994094848632812e+01 2.024430084228515625e+01
2.059649524688720703e+02 6.697355270385742188e+01 1.763025283813476562e+01 2.220391082763671875e+01
2.067069826126098633e+02 6.803969573974609375e+01 1.780097770690917969e+01 2.023439788818359375e+01
2.075782318115234375e+02 6.837230682373046875e+01 1.795503997802734375e+01 1.993047332763671875e+01
2.086690282821655273e+02 6.812598133087158203e+01 1.826513099670410156e+01 1.998715782165527344e+01
2.107057065963745117e+02 6.675070285797119141e+01 1.785284614562988281e+01 2.080968284606933594e+01
2.108028774261474609e+02 6.799400615692138672e+01 1.789816665649414062e+01 2.021428108215332031e+01
2.126899719238281250e+02 6.689890766143798828e+01 1.763030242919921875e+01 1.986995506286621094e+01
2.145016164779663086e+02 6.815231037139892578e+01 1.776490974426269531e+01 1.953062248229980469e+01
2.155254955291748047e+02 6.867033290863037109e+01 1.701094436645507812e+01 1.940962409973144531e+01
2.158430147171020508e+02 6.746269989013671875e+01 1.673077964782714844e+01 1.869119262695312500e+01
2.176361370086669922e+02 6.856937980651855469e+01 1.723638534545898438e+01 1.918175125122070312e+01
2.181100435256958008e+02 6.694473743438720703e+01 1.679472923278808594e+01 1.873924064636230469e+01
2.200004796981811523e+02 6.799240112304687500e+01 1.718657112121582031e+01 1.963787841796875000e+01
2.193996381759643555e+02 6.826971530914306641e+01 1.783958625793457031e+01 1.790639305114746094e+01
2.222399969100952148e+02 6.754747295379638672e+01 1.803622627258300781e+01 2.119378852844238281e+01
2.228806905746459961e+02 6.646131420135498047e+01 1.731098365783691406e+01 2.406245613098144531e+01
2.230257863998413086e+02 6.695306777954101562e+01 1.705978584289550781e+01 2.153231048583984375e+01
2.248571453094482422e+02 6.751640224456787109e+01 1.850131607055664062e+01 2.180262184143066406e+01
2.259648532867431641e+02 6.655946540832519531e+01 1.661580276489257812e+01 2.231160354614257812e+01
2.272750253677368164e+02 6.671553707122802734e+01 1.697329521179199219e+01 2.190390968322753906e+01
2.278538541793823242e+02 6.585245704650878906e+01 1.649837684631347656e+01 1.948008346557617188e+01
2.288106527328491211e+02 6.565045261383056641e+01 1.705630683898925781e+01 2.234429740905761719e+01
2.297799005508422852e+02 6.737497329711914062e+01 1.912922477722167969e+01 2.064455413818359375e+01
2.308803291320800781e+02 6.546732425689697266e+01 1.705017852783203125e+01 2.083186149597167969e+01
2.317295141220092773e+02 6.627822208404541016e+01 1.783953285217285156e+01 2.107739067077636719e+01
2.332291135787963867e+02 6.739053249359130859e+01 2.061206245422363281e+01 1.898806190490722656e+01
2.316878337860107422e+02 6.775907611846923828e+01 1.794723892211914062e+01 1.932429313659667969e+01
2.337097549438476562e+02 6.674172592163085938e+01 1.844770812988281250e+01 1.850073242187500000e+01
2.340097246170043945e+02 6.729666996002197266e+01 1.840927696228027344e+01 1.821568107604980469e+01
