5.400000000000000000e+01 1.900000000000000000e+01 8.500000000000000000e+01 9.200000000000000000e+01
5.439519119262695312e+01 1.942905044555664062e+01 8.410387420654296875e+01 9.140251922607421875e+01
5.634153747558593750e+01 1.947160720825195312e+01 8.307595825195312500e+01 9.067028045654296875e+01
5.543949127197265625e+01 1.963037872314453125e+01 8.343775939941406250e+01 9.018540954589843750e+01
5.548553466796875000e+01 2.017286300659179688e+01 8.265127563476562500e+01 8.980411529541015625e+01
5.785398101806640625e+01 2.019783020019531250e+01 8.141697692871093750e+01 8.923275756835937500e+01
5.860633087158203125e+01 2.143503570556640625e+01 8.010237121582031250e+01 8.807548522949218750e+01
5.764582443237304688e+01 2.166105270385742188e+01 8.065372467041015625e+01 8.794873809814453125e+01
5.971133804321289062e+01 2.183115386962890625e+01 8.016085052490234375e+01 8.677888488769531250e+01
5.859864425659179688e+01 2.225238037109375000e+01 8.000434112548828125e+01 8.592306518554687500e+01
5.901220321655273438e+01 2.209743118286132812e+01 7.924225616455078125e+01 8.579894256591796875e+01
6.042349624633789062e+01 2.203751373291015625e+01 7.772618865966796875e+01 8.520652770996093750e+01
6.103425598144531250e+01 2.208350372314453125e+01 7.798266601562500000e+01 8.425285339355468750e+01
6.027662277221679688e+01 2.301081848144531250e+01 7.789206695556640625e+01 8.344613647460937500e+01
6.182024002075195312e+01 2.439868927001953125e+01 7.679405975341796875e+01 8.261097717285156250e+01
6.265071868896484375e+01 2.409216308593750000e+01 7.562574768066406250e+01 8.145870971679687500e+01
6.444854354858398438e+01 2.448169708251953125e+01 7.480155181884765625e+01 8.119364929199218750e+01
6.434019088745117188e+01 2.480439758300781250e+01 7.450882720947265625e+01 8.032659912109375000e+01
6.373685073852539062e+01 2.512248229980468750e+01 7.493898773193359375e+01 8.040002441406250000e+01
6.505375289916992188e+01 2.562468338012695312e+01 7.390467071533203125e+01 7.904793548583984375e+01
6.590513610839843750e+01 2.644696807861328125e+01 7.342053222656250000e+01 7.848710632324218750e+01
6.526041030883789062e+01 2.626282501220703125e+01 7.328990936279296875e+01 7.888954162597656250e+01
6.613255691528320312e+01 2.760192108154296875e+01 7.260485076904296875e+01 7.746717834472656250e+01
6.668150329589843750e+01 2.837420654296875000e+01 7.150241088867187500e+01 7.622323608398437500e+01
6.737669372558593750e+01 2.828826522827148438e+01 7.126965332031250000e+01 7.619647979736328125e+01
6.648937606811523438e+01 2.826145935058593750e+01 7.138684844970703125e+01 7.631915283203125000e+01
6.740227127075195312e+01 2.898511505126953125e+01 7.082613372802734375e+01 7.536149597167968750e+01
6.783864212036132812e+01 2.955009078979492188e+01 7.037404632568359375e+01 7.455872344970703125e+01
6.822962951660156250e+01 2.917837142944335938e+01 6.944464111328125000e+01 7.449396514892578125e+01
6.859138870239257812e+01 3.082050323486328125e+01 6.867372894287109375e+01 7.372276306152343750e+01
6.929102706909179688e+01 3.075457382202148438e+01 6.782816314697265625e+01 7.352829742431640625e+01
6.920683670043945312e+01 3.145561218261718750e+01 6.665142059326171875e+01 7.221249389648437500e+01
6.941046142578125000e+01 3.150254440307617188e+01 6.672900390625000000e+01 7.226749420166015625e+01
6.957770156860351562e+01 3.214639663696289062e+01 6.649684906005859375e+01 7.148522186279296875e+01
6.938431167602539062e+01 3.258576202392578125e+01 6.651647186279296875e+01 7.127098083496093750e+01
6.945806884765625000e+01 3.385972976684570312e+01 6.597082519531250000e+01 6.989601898193359375e+01
7.031952667236328125e+01 3.359042358398437500e+01 6.541255187988281250e+01 6.976626586914062500e+01
6.959853744506835938e+01 3.407304000854492188e+01 6.478983306884765625e+01 7.010446929931640625e+01
7.064481353759765625e+01 3.475606536865234375e+01 6.432798767089843750e+01 6.956614685058593750e+01
7.021078491210937500e+01 3.483882522583007812e+01 6.392532348632812500e+01 6.878441619873046875e+01
7.090373802185058594e+01 3.625985336303710938e+01 6.380366897583007812e+01 6.770069122314453125e+01
7.112610435485839844e+01 3.615225982666015625e+01 6.344475173950195312e+01 6.782313537597656250e+01
7.093862533569335938e+01 3.667404174804687500e+01 6.337235260009765625e+01 6.724331665039062500e+01
7.128014183044433594e+01 3.814839935302734375e+01 6.189119338989257812e+01 6.648973083496093750e+01
7.067765617370605469e+01 3.787168502807617188e+01 6.269714736938476562e+01 6.707129669189453125e+01
7.105119705200195312e+01 3.939453125000000000e+01 6.243083953857421875e+01 6.544833374023437500e+01
7.074712371826171875e+01 3.918032836914062500e+01 6.222122192382812500e+01 6.501339721679687500e+01
6.971471595764160156e+01 4.088994979858398438e+01 6.339394760131835938e+01 6.365320587158203125e+01
7.020415687561035156e+01 4.021438217163085938e+01 6.230002975463867188e+01 6.455970001220703125e+01
7.053947830200195312e+01 4.154774856567382812e+01 6.129637908935546875e+01 6.320825958251953125e+01
6.834202766418455610e+01 4.084618377685545454e+01 6.254287338256837359e+01 6.340711975097656250e+01
6.888308143615722656e+01 4.132347869873045454e+01 6.019784164428710938e+01 6.311665344238281250e+01
7.016390609741210938e+01 4.307913589477537641e+01 6.078641510009765625e+01 6.174979400634765625e+01
6.858470344543458452e+01 4.259024047851562500e+01 6.032520675659178266e+01 6.203909301757812500e+01
6.908271217346192827e+01 4.374353599548341265e+01 6.100208663940428266e+01 6.166220474243164062e+01
6.659298324584962359e+01 4.236292266845705967e+01 6.241464996337889204e+01 6.242553710937500000e+01
6.881870841979980469e+01 4.275992584228518467e+01 6.100734329223632812e+01 6.172860717773437500e+01
6.797116851806642046e+01 4.327742195129398795e+01 6.095846557617186079e+01 6.190122604370117188e+01
6.597101593017579546e+01 4.436238861083990059e+01 6.360833740234373579e+01 6.104479980468750000e+01
6.552620315551757812e+01 4.453476905822759591e+01 6.253031158447265625e+01 6.077222824096679688e+01
6.701789855957031250e+01 4.583856582641607247e+01 6.158752441406250000e+01 6.001485443115234375e+01
6.355204010009765625e+01 4.698978996276861153e+01 6.402040100097656250e+01 5.813759231567382812e+01
6.516745376586915484e+01 4.506957626342780543e+01 6.213588714599609375e+01 5.988545989990234375e+01
6.358201599121096592e+01 4.555742454528817120e+01 6.227592468261718750e+01 5.946562576293945312e+01
6.582518768310549717e+01 4.735512924194344464e+01 5.974014282226562500e+01 5.811666107177734375e+01
6.384218406677248936e+01 4.758486366271981183e+01 6.042410659790039062e+01 5.807142257690429688e+01
6.315676498413087359e+01 4.715623474121100855e+01 6.124076080322265625e+01 5.805281066894531250e+01
6.782144355773925781e+01 4.730896186828618966e+01 5.740490341186523438e+01 5.772005844116210938e+01
6.621622657775878906e+01 4.732419013977056466e+01 5.686902999877929688e+01 5.766544723510742188e+01
6.440060424804687500e+01 4.843338394165044747e+01 5.733197021484375000e+01 5.688765716552734375e+01
6.262558555603027344e+01 4.843833732604986153e+01 5.692709732055664062e+01 5.811507034301757812e+01
6.758159065246582031e+01 4.833936119079595528e+01 5.366514205932617188e+01 5.675322341918945312e+01
6.404376029968263140e+01 4.948580169677741480e+01 5.608664321899414062e+01 5.630513000488281250e+01
6.791668128967286577e+01 5.001539611816413355e+01 5.238726425170898438e+01 5.522595214843750000e+01
6.077440261840821734e+01 4.872814178466803980e+01 5.937148284912109375e+01 5.688757324218750000e+01
6.357769775390626421e+01 4.890348243713386012e+01 5.639553833007812500e+01 5.607519149780273438e+01
6.381996917724610796e+01 5.103387260437018824e+01 5.508314514160156250e+01 5.350412368774414062e+01
6.233393287658692827e+01 5.099601745605475855e+01 5.506393051147460938e+01 5.411193847656250000e+01
6.419647598266602984e+01 4.944313240051276637e+01 5.398995208740234375e+01 5.548698043823242188e+01
5.834355926513673296e+01 5.005939483642585230e+01 5.911946105957031250e+01 5.515995788574218750e+01
6.017436599731446734e+01 5.047848701477057887e+01 5.638085174560546875e+01 5.490171432495117188e+01
6.043103027343751421e+01 5.093879318237311793e+01 5.445538330078125000e+01 5.475833892822265625e+01
6.178633499145509234e+01 4.986911964416511012e+01 5.502696990966796875e+01 5.522388839721679688e+01
6.258031463623049717e+01 5.049583816528328839e+01 5.167239379882812500e+01 5.360851287841796875e+01
5.820477104187015982e+01 5.065448379516611510e+01 5.358459854125976562e+01 5.460643768310546875e+01
5.962118339538578482e+01 5.062718963623056823e+01 5.529906082153320312e+01 5.567100524902343750e+01
5.599545478820805045e+01 5.133098220825205260e+01 5.892837142944335938e+01 5.463632965087890625e+01
5.751474571228033028e+01 5.102534484863292619e+01 5.792074966430664062e+01 5.395606994628906250e+01
6.157116317749029122e+01 5.186381340026866837e+01 5.377426910400390625e+01 5.317750930786132812e+01
6.021823310852055045e+01 5.217379760742197448e+01 5.300992965698242188e+01 5.358898925781250000e+01
6.137303924560549717e+01 5.155898094177254620e+01 5.000032043457031250e+01 5.315399551391601562e+01
5.943581581115725498e+01 5.144747734069832745e+01 5.225280380249023438e+01 5.321829605102539062e+01
5.466851043701176138e+01 5.133076858520517760e+01 5.659539794921875000e+01 5.293131256103515625e+01
5.458292007446293326e+01 5.227566909790049010e+01 5.714582061767578125e+01 5.307822418212890625e+01
5.312948608398443184e+01 5.314176368713390275e+01 5.809402465820312500e+01 5.121647262573242188e+01
5.300178909301763497e+01 5.252538108825694962e+01 5.673299407958984375e+01 5.247900772094726562e+01
5.317703056335454903e+01 5.260641479492198869e+01 5.705919265747070312e+01 5.298580932617187500e+01
5.591351318359380684e+01 5.296538162231456681e+01 5.310649108886718750e+01 5.201055145263671875e+01
5.757021713256843043e+01 5.353609085083020602e+01 5.168787384033203125e+01 5.215579986572265625e+01
6.063832664489753199e+01 5.281368827819837009e+01 4.906439590454101562e+01 5.149753189086914062e+01
5.352342987060553980e+01 5.291957664489758884e+01 5.512594604492187500e+01 5.115813064575195312e+01
5.730724906921393824e+01 5.350085830688489352e+01 5.133044815063476562e+01 5.017003631591796875e+01
5.529741477966315699e+01 5.361635208129895602e+01 5.384451675415039062e+01 5.029506683349609375e+01
5.336277961730964137e+01 5.362453460693372165e+01 5.406307601928710938e+01 5.099256896972656250e+01
5.341887092590340558e+01 5.269955825805678273e+01 5.435879135131835938e+01 5.121620941162109375e+01
5.241341972351082745e+01 5.370553970336928273e+01 5.436590957641601562e+01 5.039640045166015625e+01
5.826714324951181823e+01 5.434107398986832038e+01 4.813780212402343750e+01 4.931657028198242188e+01
6.012967300415049010e+01 5.516102218627945319e+01 4.542142486572265625e+01 4.827060699462890625e+01
5.142285919189463073e+01 5.481314086914078132e+01 5.352871704101562500e+01 4.930357360839843750e+01
5.946521759033211652e+01 5.482702255249037648e+01 4.576313781738281250e+01 4.923838043212890625e+01
5.009783554077156964e+01 5.470620918273939992e+01 5.477402496337890625e+01 4.889789962768554688e+01
5.720868301391610089e+01 5.413174438476576711e+01 4.755782318115234375e+01 4.939437866210937500e+01
4.860056304931649152e+01 5.436142730712904836e+01 5.520571899414062500e+01 4.920834350585937500e+01
5.504994010925301495e+01 5.440302085876479055e+01 4.820911026000976562e+01 4.944824600219726562e+01
5.282005119323737574e+01 5.446994781494153415e+01 5.022212600708007812e+01 4.868386840820312500e+01
4.712617492675789777e+01 5.438715553283705617e+01 5.530786132812500000e+01 4.809598922729492188e+01
4.844361305236824933e+01 5.460263061523451711e+01 5.455460739135742188e+01 4.809680175781250000e+01
4.518653678894051495e+01 5.501204109191908742e+01 5.674351882934570312e+01 4.706245040893554688e+01
4.707212829589852277e+01 5.565412330627455617e+01 5.525453186035156250e+01 4.668815231323242188e+01
4.801007270812996808e+01 5.565400695800795461e+01 5.295328903198242188e+01 4.687913513183593750e+01
4.777781677246102277e+01 5.635841751098647023e+01 5.348350524902343750e+01 4.581671905517578125e+01
5.203375816345223370e+01 5.644536590576186086e+01 4.905746841430664062e+01 4.495666503906250000e+01
4.317596435546883527e+01 5.500506401062025930e+01 5.470350646972656250e+01 4.780426406860351562e+01
4.498315429687508527e+01 5.589700889587416555e+01 5.511666870117187500e+01 4.647224807739257812e+01
5.112402343750008527e+01 5.668709373474135305e+01 4.780363464355468750e+01 4.478714370727539062e+01
4.646653938293466979e+01 5.611546516418472663e+01 5.162681198120117188e+01 4.638055038452148438e+01
4.501404953002938214e+01 5.513995933532729055e+01 5.426943206787109375e+01 4.687765884399414062e+01
4.275577735900887433e+01 5.492604255676283742e+01 5.545336532592773438e+01 4.652827072143554688e+01
4.278603172302254620e+01 5.566777038574232961e+01 5.499942398071289062e+01 4.640026855468750000e+01
4.156394386291512433e+01 5.609402084350600148e+01 5.515011215209960938e+01 4.576468658447265625e+01
4.283016777038582745e+01 5.618446922302260305e+01 5.379956436157226562e+01 4.667879104614257812e+01
4.158816146850594464e+01 5.557594490051283742e+01 5.474272918701171875e+01 4.651855087280273438e+01
4.143359756469735089e+01 5.601359176635756398e+01 5.364720916748046875e+01 4.572924041748046875e+01
4.071688652038582745e+01 5.677887916564955617e+01 5.477429580688476562e+01 4.468395614624023438e+01
4.079561614990244323e+01 5.617974090576187507e+01 5.478170776367187500e+01 4.561878967285156250e+01
4.135971260070810729e+01 5.625676345825210944e+01 5.280300521850585938e+01 4.599501800537109375e+01
3.953648948669444962e+01 5.682892799377458459e+01 5.340469741821289062e+01 4.478051376342773438e+01
4.082161903381357604e+01 5.613301277160660163e+01 5.320739364624023438e+01 4.488576889038085938e+01
3.987113952636727277e+01 5.589014434814467336e+01 5.319850158691406250e+01 4.503472900390625000e+01
3.983492088317878199e+01 5.685630416870129977e+01 5.252971267700195312e+01 4.474071502685546875e+01
3.849588584899909449e+01 5.592982482910169040e+01 5.401404190063476562e+01 4.621908569335937500e+01
3.800010490417487574e+01 5.667529869079602634e+01 5.386917495727539062e+01 4.487617874145507812e+01
3.829864692687993966e+01 5.545099449157726212e+01 5.451626205444335938e+01 4.593237686157226562e+01
3.848550224304204903e+01 5.690421295166026994e+01 5.381052017211914062e+01 4.430299377441406250e+01
3.781686782836918326e+01 5.717567253112802916e+01 5.363555145263671875e+01 4.459514236450195312e+01
3.688994598388674717e+01 5.721218490600594464e+01 5.272459411621093750e+01 4.454347991943359375e+01
3.897908973693850498e+01 5.738363265991219464e+01 5.290179061889648438e+01 4.554627227783203125e+01
3.700220298767091265e+01 5.593782615661628199e+01 5.291954421997070312e+01 4.365585708618164062e+01
3.648762512207032671e+01 5.694526481628425074e+01 5.298715209960937500e+01 4.482963943481445312e+01
3.684650039672852984e+01 5.637429237365729762e+01 5.418378448486328125e+01 4.526304244995117188e+01
3.609106826782227984e+01 5.623709487915046168e+01 5.426567840576171875e+01 4.382602691650390625e+01
3.629330062866210938e+01 5.700034713745122872e+01 5.309325408935546875e+01 4.378070831298828125e+01
3.760674667358398438e+01 5.743452644348150216e+01 5.200113677978515625e+01 4.424551010131835938e+01
3.556980895996093750e+01 5.590430259704595528e+01 5.313102722167968750e+01 4.444574356079101562e+01
3.508466720581054688e+01 5.654996681213384591e+01 5.234172821044921875e+01 4.449334335327148438e+01
3.543890762329101562e+01 5.679477691650396309e+01 5.324997711181640625e+01 4.404266357421875000e+01
3.497859764099121094e+01 5.677621650695806466e+01 5.212784194946289062e+01 4.482265853881835938e+01
3.559919929504394531e+01 5.777916336059575997e+01 5.162485885620117188e+01 4.336322784423828125e+01
3.687797164916992188e+01 5.758352661132818184e+01 5.162248992919921875e+01 4.400984191894531250e+01
3.542288208007812500e+01 5.703371429443365059e+01 5.195097351074218750e+01 4.465756225585937500e+01
3.466229820251464844e+01 5.706634902954107247e+01 5.233330154418945312e+01 4.432659149169921875e+01
3.570651817321777344e+01 5.723021507263189278e+01 5.202194595336914062e+01 4.383559036254882812e+01
3.237277221679687500e+01 5.780904197692876778e+01 5.383070373535156250e+01 4.408588027954101562e+01
3.656739425659179688e+01 5.799110984802251778e+01 5.089871978759765625e+01 4.306604385375976562e+01
4.587615966796875000e+01 5.724007987976079903e+01 4.119538879394531250e+01 4.257217788696289062e+01
4.817853927612304688e+01 5.777021598815923653e+01 3.817607879638671875e+01 4.191154861450195312e+01
4.879505348205566406e+01 5.882927894592290841e+01 3.647547531127929688e+01 4.036265182495117188e+01
4.768926239013671875e+01 5.867590141296392403e+01 3.833161926269531250e+01 4.044420242309570312e+01
4.776670837402343750e+01 5.892606925964361153e+01 3.812567138671875000e+01 4.008575820922851562e+01
4.756359481811523438e+01 5.929478836059575997e+01 3.886440277099609375e+01 4.002315521240234375e+01
4.813178634643554688e+01 5.893451690673833809e+01 3.726233673095703125e+01 4.039489746093750000e+01
4.433159446716308594e+01 5.842534828186040841e+01 4.114076614379882812e+01 4.138360214233398438e+01
4.173206901550292969e+01 5.845666503906255684e+01 4.366012954711914062e+01 4.224789428710937500e+01
3.082593727111816406e+01 5.776612854003911934e+01 5.289855575561523438e+01 4.209304809570312500e+01
3.250837135314941406e+01 5.824563980102544747e+01 5.235921859741210938e+01 4.219213104248046875e+01
3.206075096130371094e+01 5.783981704711919747e+01 5.268448257446289062e+01 4.174575042724609375e+01
3.083588600158691406e+01 5.771218109130865059e+01 5.344147872924804688e+01 4.286763000488281250e+01
3.233437347412109375e+01 5.820625877380376778e+01 5.206950378417968750e+01 4.255778884887695312e+01
3.323377609252929688e+01 5.839443778991704903e+01 5.075031280517578125e+01 4.066666030883789062e+01
2.876790237426757812e+01 5.778690528869634591e+01 5.420092010498046875e+01 4.324189376831054688e+01
3.136596107482910156e+01 5.860843276977544747e+01 5.220380783081054688e+01 4.253968048095703125e+01
3.226685523986816406e+01 5.820251274108892403e+01 5.149628829956054688e+01 4.235573196411132812e+01
3.169689559936523438e+01 5.811068153381353341e+01 5.101367950439453125e+01 4.092972946166992188e+01
3.046202659606933594e+01 5.786900711059575997e+01 5.188858413696289062e+01 4.250225067138671875e+01
3.272236061096191406e+01 5.818192291259771309e+01 5.075442123413085938e+01 4.191996765136718750e+01
3.073411560058593750e+01 5.784128570556646309e+01 5.090939331054687500e+01 4.124153137207031250e+01
3.442134094238281250e+01 5.873280715942388497e+01 4.842024230957031250e+01 4.131227874755859375e+01
2.926386833190917969e+01 5.810896301269536934e+01 5.179462051391601562e+01 4.231169128417968750e+01
3.158629608154296875e+01 5.832040786743169747e+01 5.093338012695312500e+01 4.132457733154296875e+01
2.930445098876953125e+01 5.819128608703618966e+01 5.108784484863281250e+01 4.207807540893554688e+01
2.946361160278321734e+01 5.845219802856452418e+01 5.220146942138671875e+01 4.079132843017578125e+01
3.138153839111329546e+01 5.863700675964362574e+01 5.097233581542968750e+01 4.185403823852539062e+01
3.128416633605958452e+01 5.869405174255378199e+01 5.009740829467773438e+01 4.052527236938476562e+01
3.313520240783692827e+01 5.876520156860358668e+01 4.800208663940429688e+01 4.072066497802734375e+01
3.643678474426270952e+01 5.827703094482428980e+01 4.444646835327148438e+01 4.031912231445312500e+01
3.740964126586915484e+01 5.927552413940436793e+01 4.435132598876953125e+01 3.981427764892578125e+01
3.977600669860841265e+01 5.843665122985846949e+01 4.046924209594726562e+01 3.984715652465820312e+01
3.947732543945313921e+01 5.886692619323737574e+01 4.082731628417968750e+01 3.973714065551757812e+01
3.727051544189454546e+01 5.881296539306647730e+01 4.333699035644531250e+01 3.975596618652343750e+01
3.814775466918946734e+01 5.918248939514167262e+01 4.297806549072265625e+01 3.982618331909179688e+01
4.211685943603517046e+01 5.943704986572272730e+01 3.695379638671875000e+01 3.888357543945312500e+01
3.729914474487306109e+01 5.922983932495124293e+01 4.110160064697265625e+01 3.932112884521484375e+01
4.068273162841798296e+01 5.928333663940436793e+01 4.011959838867187500e+01 3.978168487548828125e+01
3.005246353149415484e+01 5.896439552307136012e+01 4.887096405029296875e+01 4.021781539916992188e+01
3.098585128784181109e+01 5.901162528991706324e+01 4.815380096435546875e+01 3.938798904418945312e+01
3.114719200134278765e+01 5.905584526062018824e+01 4.746860122680664062e+01 4.005659866333007812e+01
2.918549537658692827e+01 5.835902404785163355e+01 4.910435104370117188e+01 3.970681762695312500e+01
3.455335998535157671e+01 5.863087463378913355e+01 4.436936950683593750e+01 3.963024902343750000e+01
2.954833030700685015e+01 5.948654937744147730e+01 4.856393814086914062e+01 4.008488464355468750e+01
2.982980155944825640e+01 5.870131683349616480e+01 4.789915847778320312e+01 3.956208801269531250e+01
2.896399307250977984e+01 5.856837463378913355e+01 4.865604400634765625e+01 4.065148925781250000e+01
2.829362869262696734e+01 5.881801605224616480e+01 4.910488128662109375e+01 3.992877197265625000e+01
2.928498840332032671e+01 5.834365081787116480e+01 4.782504272460937500e+01 3.979260253906250000e+01
3.041791725158692827e+01 5.851744842529303980e+01 4.624085617065429688e+01 3.926046752929687500e+01
3.173761749267579546e+01 5.847196578979499293e+01 4.536354064941406250e+01 3.821942901611328125e+01
2.761354827880860796e+01 5.871393394470221949e+01 4.841830444335937500e+01 3.964931106567382812e+01
2.744815635681153765e+01 5.783414649963386012e+01 4.958523941040039062e+01 3.975259017944335938e+01
2.748277091979981890e+01 5.811597442626960230e+01 4.914577102661132812e+01 3.961981201171875000e+01
2.542267227172852984e+01 5.896222305297858668e+01 4.978626251220703125e+01 3.923885345458984375e+01
2.764566230773927202e+01 5.856156539916999293e+01 4.833735275268554688e+01 3.953485870361328125e+01
2.757129478454591265e+01 5.848616790771491480e+01 4.912773513793945312e+01 3.934268188476562500e+01
2.546766281127931109e+01 5.887828445434577418e+01 4.983156585693359375e+01 3.974779510498046875e+01
2.748005294799806109e+01 5.947964096069343043e+01 4.852922821044921875e+01 3.964337921142578125e+01
2.560552215576173296e+01 5.945458984375007105e+01 4.959747314453125000e+01 3.975044250488281250e+01
3.135871124267579546e+01 5.986801528930671168e+01 4.416459655761718750e+01 3.918006134033203125e+01
2.993182373046876421e+01 5.915011405944831324e+01 4.379360961914062500e+01 3.936143875122070312e+01
3.099047088623048296e+01 5.976690673828132105e+01 4.368818664550781250e+01 3.862573242187500000e+01
2.879055786132813921e+01 5.901988601684577418e+01 4.582136535644531250e+01 3.904082489013671875e+01
2.725996780395509234e+01 5.890081405639655543e+01 4.708933258056640625e+01 3.844808197021484375e+01
2.915974617004395952e+01 5.883341026306159449e+01 4.583912277221679688e+01 3.892886734008789062e+01
2.749985313415528765e+01 5.900157737731940699e+01 4.670289993286132812e+01 3.830583572387695312e+01
2.790664100646974077e+01 5.954257202148444605e+01 4.664602279663085938e+01 3.858087158203125000e+01
3.306571197509767046e+01 5.906702041625983668e+01 4.146934509277343750e+01 3.835729217529296875e+01
3.632613563537599077e+01 5.972651290893561793e+01 3.746358871459960938e+01 3.825025177001953125e+01
3.563953208923341265e+01 5.988627052307136012e+01 3.705397415161132812e+01 3.786408615112304688e+01
3.489166831970216265e+01 5.951685714721686793e+01 3.874501419067382812e+01 3.778992462158203125e+01
3.567885780334474077e+01 6.036800193786628199e+01 3.692153549194335938e+01 3.737063980102539062e+01
3.573409461975099077e+01 5.961377906799323512e+01 3.666114425659179688e+01 3.728545761108398438e+01
3.657318115234376421e+01 6.034425544738776637e+01 3.642306518554687500e+01 3.694518661499023438e+01
3.687773895263673296e+01 6.042857933044440699e+01 3.584298706054687500e+01 3.729353713989257812e+01
3.797098541259767046e+01 5.971489715576178980e+01 3.466947937011718750e+01 3.713754272460937500e+01
3.671948432922364702e+01 6.050010681152350855e+01 3.514031600952148438e+01 3.725184631347656250e+01
3.713807106018067827e+01 5.969227600097663355e+01 3.493836593627929688e+01 3.715718078613281250e+01
3.783983039855958452e+01 6.008156013488776637e+01 3.365250778198242188e+01 3.695138168334960938e+01
3.590747833251954546e+01 5.966340637207038355e+01 3.565153503417968750e+01 3.745280456542968750e+01
2.378159332275392046e+01 5.950541114807136012e+01 4.795832824707031250e+01 3.907398605346679688e+01
2.747954177856446734e+01 5.932458305358893824e+01 4.601708221435546875e+01 3.941647720336914062e+01
2.743474960327149859e+01 5.894141197204596949e+01 4.577979278564453125e+01 3.846025466918945312e+01
2.340120697021485796e+01 5.946756935119636012e+01 4.931455993652343750e+01 3.950600814819335938e+01
2.307125473022462359e+01 5.892872810363776637e+01 4.938471221923828125e+01 3.955770492553710938e+01
2.307406425476075640e+01 5.948980903625495387e+01 4.996571731567382812e+01 3.963022994995117188e+01
2.376261329650880327e+01 5.963937568664557887e+01 4.887403488159179688e+01 3.920731735229492188e+01
2.797060775756837359e+01 5.956419944763190699e+01 4.533948516845703125e+01 3.869534683227539062e+01
3.558297729492188921e+01 5.962569236755378199e+01 3.573703002929687500e+01 3.804249954223632812e+01
3.605025672912599077e+01 6.016279411315925074e+01 3.572565841674804688e+01 3.713588333129882812e+01
3.565033531188966265e+01 5.989970207214362574e+01 3.494011306762695312e+01 3.798172378540039062e+01
3.469949340820313921e+01 6.047864913940436793e+01 3.615090942382812500e+01 3.719373321533203125e+01
3.564925384521485796e+01 6.027075004577643824e+01 3.607386779785156250e+01 3.687811660766601562e+01
3.527492141723634234e+01 6.017096328735358668e+01 3.465450286865234375e+01 3.734430694580078125e+01
3.565068626403810015e+01 6.050735473632819605e+01 3.453044509887695312e+01 3.707058715820312500e+01
3.590900802612306109e+01 6.067557334899909449e+01 3.410536956787109375e+01 3.738788223266601562e+01
3.190144348144532671e+01 5.969733619689948512e+01 3.834156799316406250e+01 3.826931381225585938e+01
3.848493003845216265e+01 6.040599632263190699e+01 3.248389053344726562e+01 3.657019424438476562e+01
3.553999900817872515e+01 6.013868904113776637e+01 3.482573318481445312e+01 3.671952438354492188e+01
3.704408645629884234e+01 6.113308715820319605e+01 3.240694427490234375e+01 3.621757507324218750e+01
3.207732009887696734e+01 6.047341728210456324e+01 3.750905609130859375e+01 3.725101089477539062e+01
3.392935180664063921e+01 6.040393447875983668e+01 3.712980651855468750e+01 3.686054229736328125e+01
3.102110481262208452e+01 6.018797683715827418e+01 3.929774093627929688e+01 3.735802459716796875e+01
3.723010063171388140e+01 6.027809333801276637e+01 3.335441970825195312e+01 3.671184921264648438e+01
3.487905693054200640e+01 5.964937973022468043e+01 3.479202651977539062e+01 3.754146575927734375e+01
3.654632377624513140e+01 6.032840538024909449e+01 3.258232498168945312e+01 3.714821243286132812e+01
3.639316177368165484e+01 6.038291358947761012e+01 3.238680267333984375e+01 3.663917160034179688e+01
3.535403442382813921e+01 5.983891105651862574e+01 3.337179565429687500e+01 3.659498977661132812e+01
3.654052925109864702e+01 6.081099319458014918e+01 3.329661178588867188e+01 3.531551361083984375e+01
3.529918861389161577e+01 6.094461631774909449e+01 3.379554367065429688e+01 3.620262527465820312e+01
3.341630363464356890e+01 6.014679336547858668e+01 3.528162002563476562e+01 3.689528656005859375e+01
3.214404678344727984e+01 6.030240631103522730e+01 3.672327423095703125e+01 3.765826416015625000e+01
3.566197204589845171e+01 6.010362625122077418e+01 3.492778015136718750e+01 3.632248687744140625e+01
3.499852752685548296e+01 6.044060325622565699e+01 3.337786865234375000e+01 3.606961441040039062e+01
3.173174858093263140e+01 6.054494094848639918e+01 3.734984207153320312e+01 3.614545440673828125e+01
3.748035621643067827e+01 6.061629295349128199e+01 3.206261825561523438e+01 3.663293838500976562e+01
2.531068420410157671e+01 5.990782356262214137e+01 4.196013641357421875e+01 3.781664657592773438e+01
3.419423866271974077e+01 5.994152832031257105e+01 3.641434097290039062e+01 3.745602416992187500e+01
3.342563056945802202e+01 6.002286338806159449e+01 3.551805496215820312e+01 3.738626480102539062e+01
3.572459030151368609e+01 6.010930061340339137e+01 3.445401000976562500e+01 3.680193710327148438e+01
3.414970779418946734e+01 6.026007270812995387e+01 3.436010742187500000e+01 3.732488632202148438e+01
3.675210571289063921e+01 6.058097839355475855e+01 3.327138519287109375e+01 3.669903564453125000e+01
3.638394355773927202e+01 6.015119743347175074e+01 3.188058853149414062e+01 3.760486221313476562e+01
3.373900222778321734e+01 6.077614593505866480e+01 3.422117614746093750e+01 3.656590270996093750e+01
3.633827781677247515e+01 6.124063873291022730e+01 3.278176498413085938e+01 3.594934082031250000e+01
3.447952461242677202e+01 6.052993774414069605e+01 3.311238479614257812e+01 3.719995117187500000e+01
3.560751152038575640e+01 6.022278404235846949e+01 3.203055953979492188e+01 3.671025466918945312e+01
3.476586723327638140e+01 5.982961654663093043e+01 3.333611679077148438e+01 3.708051300048828125e+01
3.607873535156251421e+01 6.059916305541999293e+01 3.199437713623046875e+01 3.605031585693359375e+01
3.538594245910645952e+01 5.990513801574714137e+01 3.190314102172851562e+01 3.662908554077148438e+01
3.474619293212892046e+01 6.020767211914069605e+01 3.268891143798828125e+01 3.646588134765625000e+01
3.424627876281739702e+01 6.087058067321784449e+01 3.245695877075195312e+01 3.561281204223632812e+01
3.638507461547852984e+01 6.048937225341803980e+01 3.198594665527343750e+01 3.599647521972656250e+01
3.291331481933595171e+01 6.118338966369636012e+01 3.450530242919921875e+01 3.636800765991210938e+01
3.527342414855958452e+01 6.135295677185065699e+01 3.319954299926757812e+01 3.616649246215820312e+01
3.476266288757325640e+01 6.065788269042975855e+01 3.325596237182617188e+01 3.665788269042968750e+01
3.409052848815919390e+01 6.104336166381843043e+01 3.352251815795898438e+01 3.625850677490234375e+01
3.323021316528321734e+01 6.074235343933112574e+01 3.416702270507812500e+01 3.672929763793945312e+01
3.142711448669435015e+01 6.073503303527839137e+01 3.637145614624023438e+01 3.693038558959960938e+01
3.389017486572267046e+01 6.008534812927253199e+01 3.468955230712890625e+01 3.692583084106445312e+01
3.369377899169923296e+01 6.048064804077155543e+01 3.401082611083984375e+01 3.651007843017578125e+01
2.977918052673341265e+01 6.060046005249030543e+01 3.749543380737304688e+01 3.704302215576171875e+01
3.213579559326173296e+01 6.018488883972175074e+01 3.547737884521484375e+01 3.692039871215820312e+01
2.907295417785645952e+01 6.044357490539557887e+01 3.789970779418945312e+01 3.684516525268554688e+01
3.143122482299806109e+01 5.997858428955085230e+01 3.695393371582031250e+01 3.752885437011718750e+01
3.186876296997071734e+01 6.042051887512214137e+01 3.470771789550781250e+01 3.741630172729492188e+01
2.758205795288087359e+01 5.960684394836432887e+01 3.808282470703125000e+01 3.763340377807617188e+01
3.056503295898438921e+01 6.065445518493659449e+01 3.735980987548828125e+01 3.689189529418945312e+01
3.138558197021485796e+01 5.972014236450202418e+01 3.517685699462890625e+01 3.732231903076171875e+01
3.427249145507813921e+01 6.036405372619636012e+01 3.251419830322265625e+01 3.603902816772460938e+01
3.316656875610352984e+01 6.090235328674323512e+01 3.233683776855468750e+01 3.572248458862304688e+01
3.399170875549317827e+01 6.100193786621100855e+01 3.222150039672851562e+01 3.575315856933593750e+01
3.450065422058106890e+01 6.139736557006843043e+01 3.055738449096679688e+01 3.536125946044921875e+01
3.413445472717286577e+01 6.159892654418952418e+01 3.071208572387695312e+01 3.498960113525390625e+01
3.419591712951661577e+01 6.151886558532721949e+01 3.185005569458007812e+01 3.492103958129882812e+01
3.436894607543946734e+01 6.253373718261725855e+01 3.086674499511718750e+01 3.374940490722656250e+01
3.464375877380372515e+01 6.195223617553718043e+01 3.011466598510742188e+01 3.457132720947265625e+01
3.400000762939454546e+01 6.147025489807136012e+01 3.077684783935546875e+01 3.578779220581054688e+01
3.394116020202638140e+01 6.115133476257331324e+01 3.007734298706054688e+01 3.573195266723632812e+01
3.381916236877442827e+01 6.125114440917975855e+01 3.055307388305664062e+01 3.571752929687500000e+01
3.359636974334718218e+01 6.105704116821296168e+01 2.997223091125488281e+01 3.572255706787109375e+01
