6.100000000000000000e+01 3.200000000000000000e+01 1.100000000000000000e+01 3.500000000000000000e+01
6.079556274414062500e+01 3.133021354675292969e+01 1.151428222656250000e+01 3.661060714721679688e+01
6.176203823089599609e+01 3.177837181091308594e+01 1.169584083557128906e+01 3.614008712768554688e+01
6.277337121963500977e+01 3.184643745422363281e+01 1.172140026092529297e+01 3.633600234985351562e+01
6.371913051605224609e+01 3.107598304748535156e+01 1.114838600158691406e+01 3.699215316772460938e+01
6.514150762557983398e+01 3.079600143432617188e+01 1.069844532012939453e+01 3.804325866699218750e+01
6.515021324157714844e+01 3.180420494079589844e+01 1.062656784057617188e+01 3.695179367065429688e+01
6.628275203704833984e+01 3.191276168823242188e+01 1.073653602600097656e+01 3.627149200439453125e+01
6.686884927749633789e+01 3.138355827331542969e+01 1.099166393280029297e+01 3.652746200561523438e+01
6.668870306015014648e+01 3.198677253723144531e+01 1.138340473175048828e+01 3.631204605102539062e+01
6.797083234786987305e+01 3.253435707092285156e+01 1.152111911773681641e+01 3.600549697875976562e+01
6.719599199295043945e+01 3.226838111877441406e+01 1.287997341156005859e+01 3.644018936157226562e+01
6.809686517715454102e+01 3.315466880798339844e+01 1.304822826385498047e+01 3.544735336303710938e+01
6.888063764572143555e+01 3.364793014526367188e+01 1.307122898101806641e+01 3.526884460449218750e+01
6.970669555664062500e+01 3.311194038391113281e+01 1.413400268554687500e+01 3.599855422973632812e+01
6.991526937484741211e+01 3.260790252685546875e+01 1.434610462188720703e+01 3.512838745117187500e+01
7.123884344100952148e+01 3.283825683593750000e+01 1.405319690704345703e+01 3.671448516845703125e+01
7.279296445846557617e+01 3.275473594665527344e+01 1.288249301910400391e+01 3.710857772827148438e+01
7.535462999343872070e+01 3.405648422241210938e+01 1.201980495452880859e+01 3.688771820068359375e+01
7.646951627731323242e+01 3.613632202148437500e+01 1.302781009674072266e+01 3.524227905273437500e+01
7.690453577041625977e+01 3.967000102996826172e+01 1.305251598358154297e+01 3.156556129455566406e+01
7.806437873840332031e+01 3.919897460937500000e+01 1.188373947143554688e+01 3.393149566650390625e+01
7.754302597045898438e+01 3.759558486938476562e+01 1.229672241210937500e+01 3.523572540283203125e+01
7.776459741592407227e+01 3.829269599914550781e+01 1.342698955535888672e+01 3.287178421020507812e+01
7.792650699615478516e+01 4.039668655395507812e+01 1.433304405212402344e+01 3.139465332031250000e+01
7.813059806823730469e+01 4.024826622009277344e+01 1.269276809692382812e+01 3.141382980346679688e+01
8.045429658889770508e+01 4.129420471191406250e+01 1.301066493988037109e+01 2.942792510986328125e+01
8.155533456802368164e+01 3.982990837097167969e+01 1.237193584442138672e+01 3.115784072875976562e+01
8.255261754989624023e+01 3.817220306396484375e+01 1.208940601348876953e+01 3.422089385986328125e+01
8.360995817184448242e+01 3.672027969360351562e+01 1.218914127349853516e+01 3.518993377685546875e+01
8.464726877212524414e+01 3.653025627136230469e+01 1.220157146453857422e+01 3.560380172729492188e+01
8.640624332427978516e+01 3.669690322875976562e+01 1.170135307312011719e+01 3.563040924072265625e+01
8.748725509643554688e+01 3.178798675537109375e+01 1.228812408447265625e+01 3.971521759033203125e+01
8.807237005233764648e+01 3.406619071960449219e+01 1.318713092803955078e+01 3.809044265747070312e+01
8.861867284774780273e+01 2.939453506469726562e+01 1.233460712432861328e+01 4.291944885253906250e+01
8.950255203247070312e+01 2.890696525573731179e+01 1.399106597900390625e+01 4.346123886108397727e+01
8.949188995361328125e+01 3.426259803771973367e+01 1.591637420654296875e+01 3.738673782348632102e+01
8.991802501678466797e+01 3.399630165100096946e+01 1.571362495422363281e+01 3.770774459838867898e+01
8.983791065216064453e+01 3.659417724609374289e+01 1.658279228210449219e+01 3.543095397949219461e+01
9.004135227203369141e+01 3.702168655395507812e+01 1.735461235046386719e+01 3.479620361328125000e+01
9.226743412017822266e+01 3.677280426025391336e+01 1.645619773864746094e+01 3.564063262939452414e+01
9.344402503967285156e+01 3.438461494445800781e+01 1.642975234985351562e+01 3.847587203979492188e+01
9.584963274002075195e+01 3.229306030273437500e+01 1.463946437835693359e+01 4.154608917236328125e+01
9.618748664855957031e+01 3.119964790344238992e+01 1.491085433959960938e+01 4.294489669799803977e+01
9.700883102416992188e+01 3.525317382812500000e+01 1.554364013671875000e+01 3.833370971679687500e+01
9.893225669860839844e+01 3.299195098876952414e+01 1.752289962768554688e+01 4.216454315185547586e+01
9.879597759246826172e+01 3.789269065856933594e+01 2.035862159729003906e+01 3.578558731079101562e+01
1.009968557357788086e+02 2.847609329223632812e+01 1.823474311828613281e+01 4.670473480224609375e+01
1.003501682281494141e+02 3.475340461730957742e+01 1.805016708374023438e+01 4.137713241577147727e+01
1.018766269683837891e+02 3.221383094787597656e+01 1.865482711791992188e+01 4.564176559448242188e+01
1.005460863113403320e+02 3.589665603637696023e+01 1.959051322937011719e+01 3.988536834716796164e+01
1.032762098312377930e+02 3.313140869140625000e+01 1.799388313293457031e+01 4.345248413085937500e+01
1.026525487899780273e+02 3.918535995483398438e+01 1.848996925354003906e+01 3.722901916503906250e+01
1.034439458847045898e+02 3.970244216918946023e+01 1.793078041076660156e+01 3.745048522949218039e+01
1.047756929397583008e+02 4.063435173034667969e+01 1.724185752868652344e+01 3.588095474243164062e+01
1.063045568466186523e+02 3.580262756347656250e+01 1.582225227355957031e+01 3.965354919433593750e+01
1.071217379570007324e+02 3.802813720703125000e+01 1.548519229888916016e+01 3.832862854003906250e+01
1.076159586906433105e+02 4.138095855712889914e+01 1.471969699859619141e+01 3.594807434082031961e+01
1.092494406700134277e+02 3.977420616149903054e+01 1.481132221221923828e+01 3.658392715454100852e+01
1.073113708496093750e+02 4.305324935913085938e+01 1.683487701416015625e+01 3.332486724853515625e+01
1.109907269477844238e+02 4.228920936584472656e+01 1.548998928070068359e+01 3.441244888305664062e+01
1.110855455398559570e+02 3.990703010559082742e+01 1.728705406188964844e+01 3.716997146606444602e+01
1.079326601028442383e+02 4.366015434265136719e+01 1.966331291198730469e+01 3.343278884887695312e+01
1.124437170028686523e+02 4.499864482879637961e+01 1.839777565002441406e+01 3.028997230529785867e+01
1.156495919227600098e+02 4.255121803283691406e+01 1.512580394744873047e+01 3.395418930053710938e+01
1.158276209831237793e+02 4.388852882385253906e+01 1.537934207916259766e+01 3.199379348754882812e+01
1.175236644744873047e+02 3.932981872558593750e+01 1.455274581909179688e+01 3.607746124267578125e+01
1.180839319229125977e+02 3.582776832580566406e+01 1.568472862243652344e+01 4.026787948608398438e+01
1.203480920791625977e+02 3.442918014526367188e+01 1.623710441589355469e+01 4.166510772705078125e+01
1.208976454734802246e+02 3.515447044372559304e+01 1.515184497833251953e+01 4.069977951049803977e+01
1.223209414482116699e+02 3.342372512817382812e+01 1.482252597808837891e+01 4.182982635498046875e+01
1.223087983131408691e+02 3.507060432434082031e+01 1.420619487762451172e+01 4.046153640747070312e+01
1.239077806472778320e+02 3.601013946533203125e+01 1.349675559997558594e+01 3.838623809814453125e+01
1.227924728393554688e+02 3.421655082702636719e+01 1.432946777343750000e+01 4.250357437133789062e+01
1.245622572898864746e+02 3.606751441955567117e+01 1.448449420928955078e+01 3.984513473510741477e+01
1.249355769157409668e+02 3.871789741516113281e+01 1.458609104156494141e+01 3.809865188598632812e+01
1.255767450332641602e+02 3.854831123352050781e+01 1.489806175231933594e+01 3.821796035766601562e+01
1.262879786491394043e+02 3.774824142456054688e+01 1.496590518951416016e+01 3.847965240478515625e+01
1.266199817657470703e+02 3.892106628417968750e+01 1.485022354125976562e+01 3.726870727539062500e+01
1.274998431205749512e+02 3.644536209106445312e+01 1.417350101470947266e+01 3.953916931152343750e+01
1.293351216316223145e+02 3.619534492492675781e+01 1.365083217620849609e+01 3.980240249633789062e+01
1.299937248229980469e+02 3.803601646423339844e+01 1.397812652587890625e+01 3.817304611206054688e+01
1.330096721649169922e+02 3.866840934753418679e+01 1.244112014770507812e+01 3.622518539428710227e+01
1.339052486419677734e+02 3.825195693969726562e+01 1.282385635375976562e+01 3.783888244628906250e+01
1.342679715156555176e+02 3.701736068725585938e+01 1.287585353851318359e+01 3.912913513183593750e+01
1.348036494255065918e+02 3.668783187866210938e+01 1.309740543365478516e+01 3.957382202148437500e+01
1.356981425285339355e+02 3.780635261535644531e+01 1.346324253082275391e+01 3.811803054809570312e+01
1.360688114166259766e+02 3.843898010253906250e+01 1.399574661254882812e+01 3.800311279296875000e+01
1.358660635948181152e+02 3.994296455383301492e+01 1.414984607696533203e+01 3.710368728637694602e+01
1.369602923393249512e+02 3.967357444763183594e+01 1.524543094635009766e+01 3.830347824096679688e+01
1.368386993408203125e+02 3.854368019104003906e+01 1.648616027832031250e+01 3.937508773803710938e+01
1.368745965957641602e+02 3.950788879394531250e+01 1.767688560485839844e+01 3.723731994628906250e+01
1.382613449096679688e+02 3.454526519775389914e+01 1.776906585693359375e+01 4.279618072509766336e+01
1.394112234115600586e+02 4.256948852539062500e+01 1.899771308898925781e+01 3.490434265136718750e+01
1.397588329315185547e+02 3.824398422241210938e+01 1.707677841186523438e+01 3.930776214599609375e+01
1.435551161766052246e+02 3.712211799621582031e+01 1.472606372833251953e+01 3.990684890747070312e+01
1.444666123390197754e+02 3.720646667480468750e+01 1.475878429412841797e+01 3.859062957763671875e+01
1.441138830184936523e+02 3.671722412109375000e+01 1.361123085021972656e+01 4.093564605712890625e+01
1.463389267921447754e+02 3.874845886230468750e+01 1.338571453094482422e+01 3.747351074218750000e+01
1.469214644432067871e+02 3.942830276489257812e+01 1.305781269073486328e+01 3.786987304687500000e+01
1.468915057182312012e+02 3.770655822753906250e+01 1.447951602935791016e+01 4.151491546630859375e+01
1.476640515327453613e+02 3.942116165161133523e+01 1.422781276702880859e+01 3.830807495117186789e+01
1.479530553817749023e+02 3.896788024902343750e+01 1.607412147521972656e+01 3.982295989990234375e+01
1.479959764480590820e+02 3.999529457092285156e+01 1.612953758239746094e+01 3.799293136596679688e+01
1.489224472045898438e+02 4.020603370666503906e+01 1.740617370605468750e+01 3.873549270629882812e+01
1.493753271102905273e+02 4.055474853515625000e+01 1.630410194396972656e+01 3.701854705810546875e+01
1.512868657112121582e+02 3.999577331542969461e+01 1.538268184661865234e+01 3.788173675537108664e+01
1.535544753074645996e+02 4.077365684509277344e+01 1.360070514678955078e+01 3.819191360473632812e+01
1.543118467330932617e+02 4.100302886962890625e+01 1.324312019348144531e+01 3.767995452880859375e+01
1.560621113777160645e+02 4.036834907531738281e+01 1.191114711761474609e+01 3.835269546508789062e+01
1.572822771072387695e+02 4.001024627685546875e+01 1.129324913024902344e+01 3.840280914306640625e+01
1.575873851776123047e+02 4.116347312927246094e+01 1.191647720336914062e+01 3.812633895874023438e+01
1.582036776542663574e+02 4.035060310363769531e+01 1.262156772613525391e+01 3.865666580200195312e+01
1.588077354431152344e+02 4.064445304870605469e+01 1.332205200195312500e+01 3.880206680297851562e+01
1.589427032470703125e+02 4.008840751647949219e+01 1.402095794677734375e+01 3.875199508666992188e+01
1.591910357475280762e+02 4.139323425292968750e+01 1.515631198883056641e+01 3.905665588378906250e+01
1.598156919479370117e+02 4.080588340759276633e+01 1.509973335266113281e+01 3.795926284790039773e+01
1.599435205459594727e+02 4.088442802429199219e+01 1.577478599548339844e+01 3.773356246948242188e+01
1.600208225250244141e+02 4.165287780761718039e+01 1.602489852905273438e+01 3.691005706787110086e+01
1.604047679901123047e+02 4.174243164062499289e+01 1.602872085571289062e+01 3.756133270263672586e+01
1.609073152542114258e+02 4.174979019165039773e+01 1.631651878356933594e+01 3.738285827636718039e+01
1.615913333892822266e+02 4.110221290588379617e+01 1.616131210327148438e+01 3.792892837524413352e+01
1.626221103668212891e+02 4.141889762878417969e+01 1.459112930297851562e+01 3.786368942260742188e+01
1.641221966743469238e+02 4.159689521789550781e+01 1.381919765472412109e+01 3.744504928588867188e+01
1.625366325378417969e+02 4.128544235229492188e+01 1.487799072265625000e+01 3.763487243652343750e+01
1.643915162086486816e+02 4.090037918090820312e+01 1.444435405731201172e+01 3.760071563720703125e+01
1.625027861595153809e+02 4.077564620971679688e+01 1.565874195098876953e+01 3.917518615722656250e+01
1.628876476287841797e+02 4.148592948913574219e+01 1.575078201293945312e+01 3.902820205688476562e+01
1.624071016311645508e+02 4.046040153503417969e+01 1.676569938659667969e+01 3.997839736938476562e+01
1.618662176132202148e+02 4.161643218994140625e+01 1.678302192687988281e+01 3.909056091308593750e+01
1.624713087081909180e+02 4.069433403015136008e+01 1.651353645324707031e+01 3.977637100219727273e+01
1.624458246231079102e+02 4.150557899475096946e+01 1.570765495300292969e+01 3.880257797241211648e+01
1.622629122734069824e+02 4.160972976684571023e+01 1.549573612213134766e+01 3.891472625732421164e+01
1.623150758743286133e+02 4.150350952148438211e+01 1.490615653991699219e+01 3.883444976806639914e+01
1.629066452980041504e+02 4.201195907592773438e+01 1.409698772430419922e+01 3.859243011474609375e+01
1.625997438430786133e+02 4.142527770996093750e+01 1.377439689636230469e+01 3.917279815673828125e+01
1.629064216613769531e+02 4.096100807189942117e+01 1.308873748779296875e+01 3.812355422973632102e+01
1.631198306083679199e+02 4.211637115478515625e+01 1.279642581939697266e+01 3.696451568603515625e+01
1.617740182876586914e+02 4.125666427612304688e+01 1.296084403991699219e+01 3.888829040527343750e+01
1.611475372314453125e+02 4.059997940063476562e+01 1.352578735351562500e+01 3.993054199218750000e+01
1.606791472434997559e+02 4.124808311462403054e+01 1.358958911895751953e+01 3.876243972778319602e+01
1.599470973014831543e+02 4.155784797668457031e+01 1.401381015777587891e+01 3.819588088989257812e+01
1.589947810173034668e+02 4.127389144897461648e+01 1.458889865875244141e+01 3.832968139648436789e+01
1.567390789985656738e+02 4.115770339965820312e+01 1.592268276214599609e+01 3.797592163085937500e+01
1.559858131408691406e+02 4.057323837280274148e+01 1.641517639160156250e+01 3.774758911132811789e+01
1.553419179916381836e+02 4.138138961791992188e+01 1.614355659484863281e+01 3.751324462890625000e+01
1.541541748046875000e+02 4.061352157592774148e+01 1.634391021728515625e+01 3.754411315917968039e+01
1.537382149696350098e+02 4.056049346923828125e+01 1.577338695526123047e+01 3.802187347412109375e+01
1.531924686431884766e+02 4.066573333740233664e+01 1.464166641235351562e+01 3.711450195312500711e+01
1.527507643699645996e+02 4.090844917297363281e+01 1.326370716094970703e+01 3.833417892456054688e+01
1.518164615631103516e+02 3.845517158508300781e+01 1.296274948120117188e+01 4.010846328735351562e+01
1.510001907348632812e+02 3.918496131896972656e+01 1.288294982910156250e+01 3.860255050659179688e+01
1.497942996025085449e+02 4.063489532470703125e+01 1.345402622222900391e+01 3.927191925048828125e+01
1.471854667663574219e+02 4.036005592346191406e+01 1.471234893798828125e+01 3.920966720581054688e+01
1.478356618881225586e+02 4.042385482788085938e+01 1.398731422424316406e+01 3.907842254638671875e+01
1.470429544448852539e+02 3.874245071411132812e+01 1.457860374450683594e+01 4.043846130371093750e+01
1.463878927230834961e+02 3.987559509277343039e+01 1.460576820373535156e+01 3.879216003417969461e+01
1.443660354614257812e+02 4.069129943847656250e+01 1.589179229736328125e+01 3.867954254150390625e+01
1.443463826179504395e+02 4.013682174682617188e+01 1.558267879486083984e+01 3.979816436767578125e+01
1.429740095138549805e+02 3.719975852966308594e+01 1.606790351867675781e+01 4.218181228637695312e+01
1.416946673393249512e+02 3.905145072937012429e+01 1.590948581695556641e+01 3.962821578979491477e+01
1.414259662628173828e+02 3.550578498840332031e+01 1.554926681518554688e+01 4.364992904663085938e+01
1.398461885452270508e+02 3.536832046508789773e+01 1.568302726745605469e+01 4.204687499999999289e+01
1.407366008758544922e+02 3.598158645629882102e+01 1.440388870239257812e+01 4.200875091552735086e+01
1.400558395385742188e+02 3.742645835876465554e+01 1.393350982666015625e+01 4.050757217407225852e+01
1.387720794677734375e+02 3.834175682067871094e+01 1.254759979248046875e+01 4.026411819458007812e+01
1.377275357246398926e+02 4.022915267944335938e+01 1.326212978363037109e+01 3.824046325683593750e+01
1.366205153465270996e+02 3.667185783386230469e+01 1.362856769561767578e+01 4.022239303588867188e+01
1.352891268730163574e+02 3.654205894470214844e+01 1.550405979156494141e+01 3.950857162475585938e+01
1.328265905380249023e+02 3.556007003784180398e+01 1.602219581604003906e+01 4.059114074707030539e+01
1.326044282913208008e+02 3.710599327087401633e+01 1.637753105163574219e+01 3.934967422485352273e+01
1.316979193687438965e+02 3.753184890747070312e+01 1.558462238311767578e+01 3.868971252441406250e+01
1.307073750495910645e+02 3.720261383056641336e+01 1.529542446136474609e+01 3.939088439941405539e+01
1.287861981391906738e+02 3.313686561584473367e+01 1.561167812347412109e+01 4.368603897094725852e+01
1.278598146438598633e+02 3.612034797668457742e+01 1.522209739685058594e+01 4.047445297241210227e+01
1.274738516807556152e+02 3.574623680114746094e+01 1.479775714874267578e+01 4.108552169799804688e+01
1.277643256187438965e+02 3.389459609985352273e+01 1.394163227081298828e+01 4.221880340576171164e+01
1.260673861503601074e+02 3.728349304199218039e+01 1.397786045074462891e+01 3.688594818115235086e+01
1.260811810493469238e+02 3.972801589965820312e+01 1.244057369232177734e+01 3.624112701416015625e+01
1.251781716346740723e+02 3.820022583007812500e+01 1.286913585662841797e+01 3.904872894287109375e+01
1.239283609390258789e+02 3.803353691101074219e+01 1.340106010437011719e+01 3.800419235229492188e+01
1.230328950881958008e+02 3.580895423889160156e+01 1.432069206237792969e+01 3.978790664672851562e+01
1.211088657379150391e+02 3.396481704711914062e+01 1.627321243286132812e+01 4.181726837158203125e+01
1.198227825164794922e+02 3.798751640319824929e+01 1.654036331176757812e+01 3.779449081420897727e+01
1.190040016174316406e+02 3.587321472167968750e+01 1.657397460937500000e+01 4.110043334960937500e+01
1.188086261749267578e+02 3.682008743286133523e+01 1.611626815795898438e+01 3.886849975585936789e+01
1.188026199340820312e+02 3.647786521911621094e+01 1.603070068359375000e+01 3.898618698120117188e+01
1.163385725021362305e+02 3.877696037292480469e+01 1.422529792785644531e+01 3.647278976440429688e+01
1.154769344329833984e+02 4.055571746826171875e+01 1.420313644409179688e+01 3.400144195556640625e+01
1.143412322998046875e+02 3.947879791259765625e+01 1.283486938476562500e+01 3.504986572265625000e+01
1.139141392707824707e+02 3.485461235046386719e+01 1.302038478851318359e+01 4.144308853149414062e+01
1.091492528915405273e+02 3.600792312622071023e+01 1.593459510803222656e+01 4.299581909179686789e+01
1.072309818267822266e+02 4.143405151367188211e+01 1.760593032836914062e+01 3.569534301757811789e+01
1.080951528549194336e+02 3.771920394897460938e+01 1.669831275939941406e+01 3.920097351074218750e+01
1.072404127120971680e+02 4.090333557128905539e+01 1.723405647277832031e+01 3.548614501953125711e+01
1.070152406692504883e+02 4.138352584838867898e+01 1.695499229431152344e+01 3.568315887451171164e+01
1.057158412933349609e+02 4.005083847045899148e+01 1.742079544067382812e+01 3.658370971679686789e+01
1.045090990066528320e+02 3.493721389770507812e+01 1.714143943786621094e+01 4.270218658447265625e+01
1.032378225326538086e+02 3.504282760620117188e+01 1.719154548645019531e+01 4.126705169677734375e+01
1.035166397094726562e+02 3.334696197509764914e+01 1.812516784667968750e+01 4.404779815673828836e+01
1.032475752830505371e+02 4.266132736206054688e+01 1.593971729278564453e+01 3.738270568847656250e+01
1.026822872161865234e+02 4.177902221679686789e+01 1.645187759399414062e+01 3.638938140869141336e+01
1.020073127746582031e+02 3.447925186157225852e+01 1.727759552001953125e+01 4.126938629150391336e+01
1.016529884338378906e+02 3.127671051025389914e+01 1.726970672607421875e+01 4.340785217285156961e+01
9.848266410827636719e+01 3.632437515258789062e+01 1.778158950805664062e+01 3.829642486572265625e+01
9.736335897445678711e+01 3.688181686401367898e+01 1.541392993927001953e+01 3.597834777832030539e+01
9.564341831207275391e+01 3.824109840393066406e+01 1.650815391540527344e+01 3.564598464965820312e+01
9.480073451995849609e+01 3.372375869750975852e+01 1.728310585021972656e+01 3.978152465820313211e+01
9.471624088287353516e+01 3.675570297241211648e+01 1.528273582458496094e+01 3.577612304687499289e+01
9.447527170181274414e+01 3.763434219360351562e+01 1.454001903533935547e+01 3.355075836181640625e+01
9.364110994338989258e+01 3.776534080505371094e+01 1.429946041107177734e+01 3.472497940063476562e+01
9.308328580856323242e+01 3.820847511291503906e+01 1.369420719146728516e+01 3.415929794311523438e+01
9.262480354309082031e+01 3.646968460083007812e+01 1.336235427856445312e+01 3.595285034179687500e+01
9.191279029846191406e+01 3.670267105102539062e+01 1.246216201782226562e+01 3.656730651855468750e+01
9.093598318099975586e+01 3.657417488098144531e+01 1.102305316925048828e+01 3.586357498168945312e+01
9.014259481430053711e+01 3.556291961669921875e+01 1.188094043731689453e+01 3.566545867919921875e+01
8.850781917572021484e+01 3.531151580810546875e+01 1.200863075256347656e+01 3.605129241943359375e+01
8.874369668960571289e+01 3.806045150756835938e+01 1.156649303436279297e+01 3.338715362548828125e+01
8.656018209457397461e+01 3.586294937133789062e+01 1.434590625762939453e+01 3.494196319580078125e+01
8.358625364303588867e+01 3.745218658447265625e+01 1.589193820953369141e+01 3.363430023193359375e+01
8.232046413421630859e+01 3.778614997863770242e+01 1.573324012756347656e+01 3.285599136352538352e+01
8.152311325073242188e+01 3.826867485046386719e+01 1.546302795410156250e+01 3.138566970825195312e+01
8.101822566986083984e+01 4.150727653503417969e+01 1.453617286682128906e+01 2.993136215209960938e+01
7.974527168273925781e+01 4.582815265655517578e+01 1.450009536743164062e+01 2.663147544860839844e+01
7.890591430664062500e+01 4.421902942657470703e+01 1.463931274414062500e+01 2.685312461853027344e+01
7.909517383575439453e+01 3.917852783203125000e+01 1.294658470153808594e+01 3.269866943359375000e+01
7.789528894424438477e+01 3.770310211181640625e+01 1.261873149871826172e+01 3.641856384277343750e+01
7.799383878707885742e+01 4.178290462493896484e+01 1.262979221343994141e+01 3.170948219299316406e+01
7.782161712646484375e+01 3.860526847839355469e+01 1.174198913574218750e+01 3.523859024047851562e+01
7.715086174011230469e+01 3.639970207214355469e+01 1.261452865600585938e+01 3.596975326538085938e+01
7.602161359786987305e+01 3.367506980895996094e+01 1.328092288970947266e+01 3.773485183715820312e+01
7.339500141143798828e+01 3.350704193115234375e+01 1.316215324401855469e+01 3.507839202880859375e+01
7.191499710083007812e+01 3.336377716064453125e+01 1.355448150634765625e+01 3.526643371582031250e+01
7.018143653869628906e+01 3.357641410827636719e+01 1.437869644165039062e+01 3.530933761596679688e+01
6.962376880645751953e+01 3.317989730834960938e+01 1.360942649841308594e+01 3.423736572265625000e+01
6.973975849151611328e+01 3.311344146728515625e+01 1.257523918151855469e+01 3.492146301269531250e+01
6.884486770629882812e+01 3.259752464294433594e+01 1.163008880615234375e+01 3.508086013793945312e+01
6.819165611267089844e+01 3.228291130065917969e+01 1.157633590698242188e+01 3.534871292114257812e+01
6.808590602874755859e+01 3.297424697875976562e+01 1.059875679016113281e+01 3.589911651611328125e+01
6.663521814346313477e+01 3.298593521118164062e+01 1.058700084686279297e+01 3.581715393066406250e+01
6.581577491760253906e+01 3.153722763061523438e+01 1.000000000000000000e+01 3.704199218750000000e+01
6.502047538757324219e+01 3.066426467895507812e+01 1.020550537109375000e+01 3.708829498291015625e+01
6.370326471328735352e+01 3.173580741882324219e+01 1.065146541595458984e+01 3.606345748901367188e+01
6.173403310775756836e+01 3.181673622131347656e+01 1.151313877105712891e+01 3.600526809692382812e+01
6.128787326812744141e+01 3.131243133544921875e+01 1.218208503723144531e+01 3.592099761962890625e+01
5.923382711410522461e+01 3.190944671630859375e+01 1.404419040679931641e+01 3.544583892822265625e+01
5.794346141815185547e+01 3.112657737731933594e+01 1.480192375183105469e+01 3.554591751098632812e+01
5.729400396347045898e+01 3.031788635253906250e+01 1.458672428131103516e+01 3.570500183105468750e+01
5.569900274276733398e+01 3.089295768737792969e+01 1.496317386627197266e+01 3.597463607788085938e+01
5.496154022216797586e+01 3.073993110656738992e+01 1.430914688110350852e+01 3.636915969848632102e+01
5.498724699020385742e+01 2.952775192260742188e+01 1.335814380645751953e+01 3.706750488281250000e+01
5.415427541732788086e+01 2.943864250183105469e+01 1.254069614410400391e+01 3.617355728149414062e+01
5.410850334167480469e+01 2.688866424560546875e+01 1.135579681396484375e+01 3.905605316162109375e+01
5.337599086761474609e+01 2.785023880004882812e+01 1.094270896911621094e+01 3.761112976074218750e+01
5.264349365234375000e+01 2.589287567138671875e+01 1.044281387329101562e+01 3.882872772216796875e+01
5.180168247222900391e+01 2.666812515258789062e+01 1.132240486145019531e+01 3.802286529541015625e+01
5.055084037780761719e+01 2.820325088500976562e+01 1.143602752685546875e+01 3.726467895507812500e+01
4.833697795867919922e+01 2.859779357910156250e+01 1.289726829528808594e+01 3.655744934082031250e+01
4.677924966812133789e+01 2.987787437438964844e+01 1.443668270111083984e+01 3.468675613403320312e+01
4.486571836471557617e+01 2.999649047851562500e+01 1.576432514190673828e+01 3.421845245361328125e+01
4.459326982498169656e+01 2.922234153747559304e+01 1.532795238494873047e+01 3.398807907104492188e+01
4.387347507476807351e+01 2.926649284362793679e+01 1.501993751525878906e+01 3.486707687377928977e+01
4.381118011474610086e+01 2.791999053955078125e+01 1.353277969360351562e+01 3.654912567138671875e+01
4.322434234619141336e+01 2.777629470825195312e+01 1.290256881713867188e+01 3.616322326660156250e+01
4.293911600112915750e+01 2.789670753479003906e+01 1.211264705657958984e+01 3.640283584594726562e+01
4.222688722610474343e+01 2.672786140441894531e+01 1.166411876678466797e+01 3.744982528686523438e+01
4.131175088882447000e+01 2.682966232299804688e+01 1.163414669036865234e+01 3.759397125244140625e+01
4.063834810256958718e+01 2.576607894897460938e+01 1.222912120819091797e+01 3.837020874023437500e+01
3.994873285293579812e+01 2.697411346435546875e+01 1.216057491302490234e+01 3.739720153808593750e+01
3.846122550964356179e+01 2.651912307739257812e+01 1.219509124755859375e+01 3.630619049072265625e+01
3.707955694198609109e+01 2.648869705200195312e+01 1.280886173248291016e+01 3.656545257568359375e+01
3.592005491256714578e+01 2.561065673828125000e+01 1.349657154083251953e+01 3.764677429199218750e+01
3.446994638442993875e+01 2.516959381103515625e+01 1.444635677337646484e+01 3.803419494628906250e+01
3.403992891311646218e+01 2.692337226867675781e+01 1.406819438934326172e+01 3.603623580932617188e+01
3.317738294601441140e+01 2.727187538146972656e+01 1.377110004425048828e+01 3.599655532836914062e+01
3.329359149932862039e+01 2.686482620239257812e+01 1.302239418029785156e+01 3.616798400878906250e+01
3.266245889663697000e+01 2.642473793029785156e+01 1.294127559661865234e+01 3.700161361694335938e+01
3.184401178359986062e+01 2.618085289001464844e+01 1.288442897796630859e+01 3.591556930541992188e+01
3.131726217269898171e+01 2.591742515563964844e+01 1.173281955718994141e+01 3.607493209838867188e+01
3.069606590270996804e+01 2.555606269836425781e+01 1.089024353027343750e+01 3.678155899047851562e+01
3.024444770812988992e+01 2.635160636901855469e+01 1.066818237304687500e+01 3.559376144409179688e+01
2.964451026916504617e+01 2.502799034118652344e+01 1.088701629638671875e+01 3.656218338012695312e+01
2.947196388244629617e+01 2.530161285400390625e+01 1.128299713134765625e+01 3.656437683105468750e+01
2.859799623489380593e+01 2.525063323974609375e+01 1.132492351531982422e+01 3.534387207031250000e+01
2.673584699630738015e+01 2.542024421691894531e+01 1.278438282012939453e+01 3.608082199096679688e+01
2.608570289611817117e+01 2.511671066284179688e+01 1.371909332275390625e+01 3.600740051269531250e+01
2.619694805145264382e+01 2.378709220886230469e+01 1.396287345886230469e+01 3.614889907836914062e+01
2.523727607727051492e+01 2.374872970581054688e+01 1.432668304443359375e+01 3.697937774658203125e+01
2.504492235183717241e+01 2.315933036804199929e+01 1.423075389862060547e+01 3.737955856323242188e+01
2.526042175292970882e+01 2.333886718750001421e+01 1.344416427612304688e+01 3.790940856933593750e+01
2.571448373794557796e+01 2.340014839172364702e+01 1.384178829193115234e+01 3.705226516723632812e+01
2.478675508499147639e+01 2.425795936584474077e+01 1.429349040985107422e+01 3.695271682739257812e+01
2.464860534667970882e+01 2.377717018127442827e+01 1.363152694702148438e+01 3.618958663940429688e+01
2.460448837280275569e+01 2.493019104003907671e+01 1.390230178833007812e+01 3.532183837890625000e+01
2.451627492904665218e+01 2.433799743652345171e+01 1.396984958648681641e+01 3.586469268798828125e+01
2.413288402557375179e+01 2.393947982788087359e+01 1.406937980651855469e+01 3.630007934570312500e+01
2.426784038543703304e+01 2.389653396606446734e+01 1.363866996765136719e+01 3.632553863525390625e+01
2.484193134307863460e+01 2.367635154724122515e+01 1.399943733215332031e+01 3.679273605346679688e+01
2.493604469299318538e+01 2.421645927429200640e+01 1.354351043701171875e+01 3.652554702758789062e+01
2.499565505981447444e+01 2.475217437744142046e+01 1.300353622436523438e+01 3.641278839111328125e+01
2.499187994003298030e+01 2.499293899536134234e+01 1.316205692291259766e+01 3.578000640869140625e+01
2.550447940826418147e+01 2.415536880493165484e+01 1.220262336730957031e+01 3.746065521240234375e+01
2.498300218582155452e+01 2.516793060302735796e+01 1.261446666717529297e+01 3.556753540039062500e+01
2.535486221313478694e+01 2.508890151977540484e+01 1.277188491821289062e+01 3.662847900390625000e+01
2.629280424118044124e+01 2.537875747680665484e+01 1.244916248321533203e+01 3.565853118896484375e+01
2.660017204284670100e+01 2.549558830261231890e+01 1.236938476562500000e+01 3.449567031860351562e+01
2.755668687820436702e+01 2.596756553649903765e+01 1.231515789031982422e+01 3.484762191772460938e+01
2.856150484085085139e+01 2.480934906005860796e+01 1.177508068084716797e+01 3.514705657958984375e+01
2.921021223068239436e+01 2.473320388793946734e+01 1.176217365264892578e+01 3.616018676757812500e+01
2.828713130950929866e+01 2.515159034729005327e+01 1.166786003112792969e+01 3.602276992797851562e+01
2.911996984481813655e+01 2.503292846679688921e+01 1.140487766265869141e+01 3.588525390625000000e+01
2.973453855514528499e+01 2.601040267944337359e+01 1.217095661163330078e+01 3.558737945556640625e+01
2.962049484252931819e+01 2.544836807250977984e+01 1.209357833862304688e+01 3.592240142822265625e+01
2.954804563522340999e+01 2.618166923522950640e+01 1.282066822052001953e+01 3.575632095336914062e+01
3.077241230010988460e+01 2.627100181579591265e+01 1.220240974426269531e+01 3.525606918334960938e+01
3.191301488876344905e+01 2.708100509643556109e+01 1.243760013580322266e+01 3.456697082519531250e+01
3.172887086868288264e+01 2.639673995971681109e+01 1.245099163055419922e+01 3.560573577880859375e+01
3.372624397277834163e+01 2.616217231750489702e+01 1.202860260009765625e+01 3.576495742797851562e+01
3.397955989837648616e+01 2.599588966369630327e+01 1.194413566589355469e+01 3.577388381958007812e+01
3.605292701721193538e+01 2.697226905822755327e+01 1.131342315673828125e+01 3.531950759887695312e+01
3.626814079284670100e+01 2.612371826171876421e+01 1.103551483154296875e+01 3.543640899658203125e+01
3.696676874160768733e+01 2.645057296752931109e+01 1.084308528900146484e+01 3.605277252197265625e+01
3.845488500595094905e+01 2.681198883056642046e+01 1.084564304351806641e+01 3.701992797851562500e+01
3.839857482910158382e+01 2.613363647460938921e+01 1.155842971801757812e+01 3.691078948974609375e+01
3.783353090286257014e+01 2.672974395751954546e+01 1.233906078338623047e+01 3.647437286376953125e+01
3.772633695602419124e+01 2.616087150573731890e+01 1.298135852813720703e+01 3.762228775024414062e+01
3.816518354415895686e+01 2.682517623901368609e+01 1.397013568878173828e+01 3.797176361083984375e+01
3.858822488784792881e+01 2.688047027587892757e+01 1.450118923187255859e+01 3.713914489746094461e+01
3.974054241180423475e+01 2.649074745178226209e+01 1.506870079040527344e+01 3.754203414916991477e+01
4.102172565460208631e+01 2.562711334228518467e+01 1.450497627258300781e+01 3.860015869140625000e+01
4.176773452758792615e+01 2.645880699157717686e+01 1.435613632202148438e+01 3.848148727416992188e+01
4.335466480255130506e+01 2.701644515991213780e+01 1.436023139953613281e+01 3.752388763427734375e+01
4.504352569580082388e+01 2.616359138488773084e+01 1.352929306030273438e+01 3.860575485229491477e+01
4.596536827087406607e+01 2.611278343200686436e+01 1.218084716796875000e+01 3.960409927368164062e+01
4.765708255767826529e+01 2.666746711730959873e+01 1.153878211975097656e+01 3.832549667358398438e+01
4.835112571716312857e+01 2.839456367492678623e+01 1.159214782714843750e+01 3.678586196899414062e+01
4.832444524765018912e+01 2.785946655273440342e+01 1.218575382232666016e+01 3.859133911132812500e+01
4.904007244110111685e+01 2.761816787719729405e+01 1.334837913513183594e+01 3.655715942382812500e+01
4.966515350341801138e+01 2.868635368347170811e+01 1.381147384643554688e+01 3.658666610717773438e+01
4.941117382049564810e+01 2.891801643371584873e+01 1.403367424011230469e+01 3.620505142211914062e+01
5.016499710083012076e+01 2.950510597229006748e+01 1.477177810668945312e+01 3.483925247192382812e+01
5.111402034759525748e+01 3.056810951232912998e+01 1.481277275085449219e+01 3.467653274536132812e+01
5.232599782943729849e+01 3.060883522033694248e+01 1.450557804107666016e+01 3.449463272094726562e+01
5.394822406768803091e+01 2.970177268981936436e+01 1.257494544982910156e+01 3.573159408569335938e+01
5.502476596832279654e+01 3.027536010742190342e+01 1.280314826965332031e+01 3.526976776123046875e+01
5.709376001358036490e+01 3.049357604980471592e+01 1.232266139984130859e+01 3.548228454589843750e+01
5.799390649795536490e+01 3.050111007690432530e+01 1.223031520843505859e+01 3.647912597656250000e+01
5.919527006149296255e+01 3.030171203613284092e+01 1.135625171661376953e+01 3.687200164794921875e+01
6.019106769561771841e+01 3.014234161376955967e+01 1.132367897033691406e+01 3.613265228271484375e+01
6.103110027313236685e+01 3.018230056762698155e+01 1.179457664489746094e+01 3.650118255615234375e+01
6.149370479583744498e+01 3.071215248107912998e+01 1.232436180114746094e+01 3.601066970825195312e+01
6.120357561111454459e+01 3.123112869262698155e+01 1.402152538299560547e+01 3.674659729003906250e+01
6.182788515090946646e+01 3.138069915771487217e+01 1.381056499481201172e+01 3.622322082519531250e+01
6.237668418884281607e+01 3.252718734741213780e+01 1.404521179199218750e+01 3.532151794433593750e+01
6.451294183731083365e+01 3.269358634948733311e+01 1.398597621917724609e+01 3.560781478881835938e+01
6.446325969696049185e+01 3.287113380432131748e+01 1.405756187438964844e+01 3.603657150268554688e+01
6.625833415985111685e+01 3.291128921508791905e+01 1.331973075866699219e+01 3.570420837402343750e+01
6.837999773025516959e+01 3.245985221862795811e+01 1.277347087860107422e+01 3.614700698852539062e+01
6.977020025253300162e+01 3.238298606872561436e+01 1.151653385162353516e+01 3.638804244995117188e+01
7.095241641998295279e+01 3.218336296081545811e+01 1.195782661437988281e+01 3.648868942260742188e+01
7.223311901092533560e+01 3.317743301391604405e+01 1.157248497009277344e+01 3.720293426513671875e+01
7.237619829177860709e+01 3.353057098388674717e+01 1.132832622528076172e+01 3.642344665527343750e+01
7.301040649414066763e+01 3.323364448547366123e+01 1.217280197143554688e+01 3.624180984497070312e+01
7.360051679611210318e+01 3.377616500854495030e+01 1.300410938262939453e+01 3.581117248535156250e+01
7.404716348648075552e+01 3.457448959350588780e+01 1.376396846771240234e+01 3.608815765380859375e+01
7.484462165832523795e+01 3.465566444396975498e+01 1.481097412109375000e+01 3.749946975708007812e+01
7.524327278137211295e+01 3.758433532714846592e+01 1.485349273681640625e+01 3.397249603271484375e+01
7.641645574569706412e+01 3.670879554748537998e+01 1.364420413970947266e+01 3.497594070434570312e+01
7.720835113525394888e+01 3.994362831115725498e+01 1.406366348266601562e+01 3.202565383911132812e+01
7.799892711639408560e+01 4.057819080352786045e+01 1.275574302673339844e+01 3.124258995056152344e+01
8.040277242660526724e+01 4.230607318878176670e+01 1.215557956695556641e+01 2.926757621765136719e+01
8.310652923583988638e+01 4.148275470733645420e+01 1.032393264770507812e+01 2.965304374694824219e+01
8.329371452331547232e+01 3.999034500122073155e+01 1.129781341552734375e+01 3.221005249023437500e+01
8.422822141647343130e+01 3.233173561096194248e+01 1.305994892120361328e+01 3.909878921508789062e+01
8.429680442810062857e+01 3.605917739868166905e+01 1.343209838867187500e+01 3.570114135742187500e+01
8.457121706008915396e+01 3.364087104797366123e+01 1.418461132049560547e+01 3.843703842163085938e+01
8.487909555435184927e+01 3.359347915649416905e+01 1.597560787200927734e+01 3.794779968261718750e+01
8.659167671203618966e+01 2.917168235778812146e+01 1.632147216796875000e+01 4.241838455200194602e+01
8.627731895446783028e+01 3.505491065979006748e+01 1.654001617431640625e+01 3.654400253295898438e+01
8.787132835388189278e+01 3.620366096496585584e+01 1.680229949951171875e+01 3.534785842895507102e+01
9.000374031066900216e+01 3.783064270019533382e+01 1.635647583007812500e+01 3.384641265869141336e+01
9.170298433303838692e+01 3.632412338256838780e+01 1.521627330780029297e+01 3.588938903808593750e+01
9.261011075973516427e+01 3.906299591064455967e+01 1.474831867218017578e+01 3.250279235839843750e+01
9.412769937515264473e+01 3.707950210571291905e+01 1.399230098724365234e+01 3.666602325439453125e+01
9.540415287017827950e+01 3.615717887878420811e+01 1.238350868225097656e+01 3.720093917846679688e+01
9.664979934692388497e+01 3.500637054443362217e+01 1.310243606567382812e+01 3.868914031982421875e+01
9.723343610763555489e+01 3.408172225952151280e+01 1.536176776885986328e+01 4.096125793457031250e+01
9.760787057876592598e+01 3.880935478210452061e+01 1.465344142913818359e+01 3.473896408081054688e+01
9.919495248794561348e+01 3.590549278259280186e+01 1.550396633148193359e+01 3.795715713500976562e+01
9.950831794738775216e+01 3.467445373535158382e+01 1.899090576171875000e+01 4.017366027832031961e+01
9.959410381317144356e+01 3.740673255920412998e+01 1.876765251159667969e+01 3.851358413696289062e+01
1.013539962768555256e+02 3.504875564575198155e+01 1.829453659057617188e+01 4.231040954589843750e+01
1.011041984558106037e+02 3.714515304565432530e+01 1.846300125122070312e+01 3.944807434082031250e+01
1.037048177719116779e+02 3.632472229003909092e+01 1.790838432312011719e+01 3.993759155273437500e+01
1.040537853240967365e+02 3.707148170471193538e+01 1.764385223388671875e+01 3.935644149780274148e+01
1.050753550529480549e+02 3.777402877807620030e+01 1.576848316192626953e+01 3.979797363281250000e+01
1.070131344795227619e+02 3.754305839538577061e+01 1.556024456024169922e+01 4.166955184936523438e+01
1.067175445556641193e+02 3.695439529418948155e+01 1.564892959594726562e+01 4.023325347900390625e+01
1.075792942047119709e+02 3.688227462768557530e+01 1.664093780517578125e+01 4.113130187988281250e+01
1.087870264053345295e+02 3.444532203674319959e+01 1.677731513977050781e+01 4.219897842407225852e+01
1.072487993240357014e+02 4.246177482604982600e+01 1.883125495910644531e+01 3.503207778930664773e+01
1.084930257797241779e+02 3.940514183044435725e+01 2.052366447448730469e+01 3.795779037475586648e+01
1.079779949188232990e+02 4.410189056396487217e+01 2.139518737792968750e+01 3.352443695068359375e+01
1.112476911544800373e+02 4.040660858154299717e+01 2.026959037780761719e+01 3.483216094970703125e+01
1.155902109146118732e+02 4.373363685607912288e+01 1.645266914367675781e+01 3.244722366333008523e+01
1.187669005393982502e+02 3.673011016845706678e+01 1.545034122467041016e+01 3.964564514160155539e+01
1.208946557044983479e+02 3.363000869750980115e+01 1.546669673919677734e+01 4.241883850097655539e+01
1.203387265205383869e+02 3.576275062561037288e+01 1.567244243621826172e+01 3.950771713256836648e+01
1.223357157707214924e+02 3.402066993713381748e+01 1.460615253448486328e+01 4.087755203247070312e+01
1.217926378250122639e+02 3.709423065185549007e+01 1.429320716857910156e+01 3.745596313476563211e+01
1.245178337097168537e+02 3.505276870727542615e+01 1.325731277465820312e+01 3.815856170654296164e+01
1.251137685775757404e+02 3.464403915405276280e+01 1.356741905212402344e+01 4.151422882080078125e+01
1.254576768875122639e+02 3.574166870117190342e+01 1.439848518371582031e+01 4.025761413574218750e+01
1.269025859832764240e+02 3.465785789489748936e+01 1.375001525878906250e+01 4.170538711547851562e+01
1.269932298660278889e+02 3.628808403015139561e+01 1.426092720031738281e+01 3.853577804565429688e+01
1.276813774108887287e+02 3.601673698425295811e+01 1.454056167602539062e+01 4.066176986694335938e+01
1.288463416099548908e+02 3.782320404052736507e+01 1.422412204742431641e+01 3.810353088378906961e+01
1.308554205894470783e+02 3.751471328735354405e+01 1.355891513824462891e+01 3.689364624023437500e+01
1.314554328918457600e+02 3.707573699951174717e+01 1.476899337768554688e+01 3.863824462890625000e+01
1.327793664932251545e+02 3.672224044799807530e+01 1.558413887023925781e+01 4.025080871582031250e+01
1.346051764488220783e+02 3.367066001892092686e+01 1.444268131256103516e+01 4.279022598266601562e+01
1.353063220977783772e+02 3.541380500793459873e+01 1.411840057373046875e+01 4.054619216918945312e+01
1.377263274192810627e+02 3.878624916076662998e+01 1.333919620513916016e+01 3.809233474731445312e+01
1.374684224128723713e+02 3.894908714294436436e+01 1.437884807586669922e+01 3.904475021362304688e+01
1.394589509963989826e+02 3.593537139892580967e+01 1.370229530334472656e+01 4.040584564208984375e+01
1.401677780151367756e+02 4.465715980529787998e+01 1.617487716674804688e+01 3.406339645385742188e+01
1.399480285644531818e+02 3.814612960815432530e+01 1.618980026245117188e+01 3.856960296630859375e+01
1.406994543075562092e+02 3.825273132324221592e+01 1.694450187683105469e+01 3.974270629882812500e+01
1.410842247009277912e+02 3.635115051269534092e+01 1.762727737426757812e+01 4.232735443115234375e+01
1.418538894653320881e+02 3.759501838684084873e+01 1.825032424926757812e+01 4.014568710327148438e+01
1.442876577377319904e+02 3.804694938659670811e+01 1.672340202331542969e+01 4.084662246704101562e+01
1.446114168167114826e+02 3.858382606506351209e+01 1.634937477111816406e+01 4.024741744995116477e+01
1.485663976669312092e+02 3.898363876342775569e+01 1.403397941589355469e+01 3.906948089599610086e+01
1.480513648986816975e+02 3.972434234619143467e+01 1.396982192993164062e+01 3.814920806884765625e+01
1.492506017684937092e+02 4.020164108276370740e+01 1.388719749450683594e+01 3.933331298828124289e+01
1.517195138931274982e+02 4.019796752929690342e+01 1.268578529357910156e+01 3.860522460937500000e+01
1.529199161529541584e+02 4.027724838256838780e+01 1.147109222412109375e+01 3.799285888671875000e+01
1.538728380203247639e+02 4.067359542846682530e+01 1.255087471008300781e+01 3.809491729736328125e+01
1.551654453277588459e+02 4.042908287048342686e+01 1.297136688232421875e+01 3.797515487670898438e+01
1.554486489295960041e+02 4.103520202636721592e+01 1.447953701019287109e+01 3.782886505126953125e+01
1.551581201553345295e+02 4.074048995971682530e+01 1.617896461486816406e+01 3.788308715820312500e+01
1.557922725677490803e+02 4.101852416992190342e+01 1.803400421142578125e+01 3.754277801513671875e+01
1.570360460281372639e+02 4.134322738647464490e+01 1.890493965148925781e+01 3.874463653564452414e+01
1.579552202224732014e+02 4.189483070373537998e+01 1.814603614807128906e+01 3.776375961303710938e+01
1.599246892929077717e+02 4.210410308837894178e+01 1.663180351257324219e+01 3.908570861816405539e+01
1.610312423706055256e+02 4.160970497131350498e+01 1.624682998657226562e+01 3.816500473022460938e+01
1.622647066116333576e+02 4.130139541625979405e+01 1.591428565979003906e+01 3.812948608398437500e+01
1.641908817291260334e+02 4.093800163269046521e+01 1.456518554687500000e+01 3.882435226440428977e+01
1.670555009841919514e+02 4.127128982543948155e+01 1.474570655822753906e+01 3.858984375000000000e+01
1.683262195587158772e+02 3.973722457885745030e+01 1.507586669921875000e+01 3.996514129638671875e+01
1.699757504463196369e+02 3.634360122680667615e+01 1.508034038543701172e+01 4.382601165771483664e+01
1.691624364852905842e+02 3.495435714721681819e+01 1.547398948669433594e+01 4.582583618164063211e+01
1.703458318710327717e+02 3.724657058715822444e+01 1.573518943786621094e+01 4.381061553955078836e+01
1.702054882049561115e+02 3.880692863464358311e+01 1.652026367187500000e+01 4.192721939086914062e+01
1.706432046890259357e+02 3.761633682250979405e+01 1.760538673400878906e+01 4.309059143066406250e+01
1.707593088150024982e+02 3.991802406311037998e+01 1.802742958068847656e+01 4.087015914916992188e+01
1.717767572402954670e+02 4.106060028076174717e+01 1.799077796936035156e+01 3.928186035156250000e+01
1.734876050949097248e+02 4.093453216552736507e+01 1.773072624206542969e+01 4.018939208984375711e+01
1.733307857513428303e+02 3.665515899658205257e+01 1.885327148437500000e+01 4.503903198242188211e+01
1.738471689224243732e+02 3.967325210571292615e+01 1.947702980041503906e+01 4.257711791992186789e+01
1.760220232009888264e+02 3.970309448242190342e+01 1.915208625793457031e+01 4.248971557617187500e+01
1.813488368988037678e+02 3.717110252380373936e+01 1.823017883300781250e+01 4.982999038696289062e+01
1.813843498229981037e+02 4.009348297119143467e+01 1.857908248901367188e+01 4.563462829589843750e+01
1.814004745483399006e+02 4.074783515930178623e+01 1.774734878540039062e+01 4.750967788696289062e+01
1.801166992187500568e+02 3.989487266540530896e+01 2.151579666137695312e+01 3.934676742553710227e+01
1.824714097976685139e+02 3.898426818847659803e+01 2.175979042053222656e+01 3.858829498291014914e+01
1.838501882553101154e+02 5.295522689819338780e+01 2.247260856628417969e+01 4.211083984375000000e+01
1.822900943756104084e+02 5.661887550354006748e+01 2.182055664062500000e+01 4.394894790649414062e+01
2.169832525253296467e+02 5.796484947204592686e+01 1.788548851013183594e+01 6.191837692260742188e+01
1.813412599563599201e+02 5.641815376281741123e+01 3.052173805236816406e+01 4.118490219116210938e+01
1.379499340057373615e+02 7.705877685546877842e+01 2.244320678710937500e+01 4.848583984375000000e+01
1.389818048477173420e+02 7.658614349365237217e+01 1.653904151916503906e+01 4.656710815429687500e+01
1.390306797027588459e+02 7.748890113830569248e+01 1.966800689697265625e+01 3.761246871948242188e+01
1.264078884124756428e+02 6.822630500793459873e+01 3.158378601074218750e+01 4.420228195190429688e+01
1.009349584579468342e+02 4.035729408264162998e+01 2.300282859802246094e+01 5.096245956420898438e+01
1.053978700637817951e+02 4.486784362792971592e+01 1.833278846740722656e+01 5.611463928222656250e+01
1.031782302856445881e+02 4.478549194335940342e+01 2.211598587036132812e+01 4.565837097167968750e+01
1.005791959762573811e+02 2.866593360900881748e+01 2.352574729919433594e+01 4.523457717895507812e+01
1.032473907470703693e+02 3.865987396240237217e+01 1.978356552124023438e+01 4.027936553955078125e+01
1.021957988739014240e+02 3.982758712768557530e+01 2.156867980957031250e+01 3.503883361816406250e+01
1.029737186431885334e+02 4.562294006347659092e+01 2.006800842285156250e+01 3.299980926513671875e+01
1.036931257247925373e+02 4.412878608703615413e+01 1.870712852478027344e+01 3.174419784545899148e+01
1.044981918334961506e+02 3.295932579040529475e+01 1.632996749877929688e+01 4.354714584350586648e+01
1.056753578186035725e+02 4.386014747619631038e+01 1.675122451782226562e+01 3.385693740844727273e+01
1.060822582244873615e+02 4.487360382080080967e+01 1.526405334472656250e+01 3.173085021972656250e+01
1.066587944030762287e+02 4.519843292236330967e+01 1.437321853637695312e+01 3.359836578369140625e+01
1.053962683677673908e+02 4.359066200256350498e+01 1.565845584869384766e+01 3.352888870239257812e+01
1.065569839477539631e+02 4.602337837219241123e+01 1.461468887329101562e+01 3.159535598754882812e+01
1.059264702796936604e+02 4.458007144927981358e+01 1.494126033782958984e+01 3.179138755798339844e+01
1.069683637619019123e+02 4.623260879516604405e+01 1.424234580993652344e+01 3.098692321777343750e+01
1.062187552452087971e+02 4.466246032714846592e+01 1.426067447662353516e+01 3.312364196777343750e+01
1.059604935646057697e+02 4.546280384063723545e+01 1.480766963958740234e+01 3.177914237976074219e+01
1.059137063026428791e+02 4.430116271972659092e+01 1.500625514984130859e+01 3.237797546386718750e+01
1.066923694610596272e+02 4.614418029785159092e+01 1.344683074951171875e+01 3.061480712890625000e+01
1.071847372055054279e+02 4.574643325805666905e+01 1.397798728942871094e+01 3.161452484130859375e+01
1.062515397071838947e+02 4.622541713714602452e+01 1.419590663909912109e+01 3.191948890686035156e+01
1.070154290199280354e+02 4.660330104827883702e+01 1.369780635833740234e+01 3.086608314514160156e+01
1.063121447563171955e+02 4.533609390258791905e+01 1.536526203155517578e+01 3.097609710693359375e+01
1.068456344604492756e+02 4.605549907684329014e+01 1.385275650024414062e+01 2.978720283508300781e+01
1.061826281547546955e+02 4.557812595367434483e+01 1.410255908966064453e+01 3.131414604187011719e+01
1.054495110511780354e+02 4.516405105590823155e+01 1.496860408782958984e+01 3.085758209228515625e+01
1.066670718193054768e+02 4.557089138031008702e+01 1.335966205596923828e+01 3.114145851135253906e+01
1.060076355934143635e+02 4.557366752624514561e+01 1.467302608489990234e+01 3.068106460571289062e+01
1.065070528984070393e+02 4.721320629119875889e+01 1.408199787139892578e+01 2.967287635803222656e+01
1.052147784233093830e+02 4.612995719909670811e+01 1.588094043731689453e+01 3.084523391723632812e+01
1.061957640647888752e+02 4.587714195251467686e+01 1.430133914947509766e+01 3.237568283081054688e+01
1.057994904518128010e+02 4.526861286163332920e+01 1.556209468841552734e+01 3.083105278015136719e+01
1.050079050064087482e+02 4.462446212768557530e+01 1.627856636047363281e+01 2.965522003173828125e+01
1.060917696952820393e+02 4.528295898437502842e+01 1.525392627716064453e+01 3.166052246093750000e+01
1.053114061355591389e+02 4.501547241210940342e+01 1.532480049133300781e+01 3.225810241699218750e+01
1.065874266624451252e+02 4.580428028106692295e+01 1.473772525787353516e+01 3.026721000671386719e+01
1.068423194885254475e+02 4.609839820861819248e+01 1.437818527221679688e+01 3.343267440795898438e+01
1.044301519393921467e+02 2.852785301208498936e+01 1.686364555358886719e+01 4.672877883911132812e+01
1.015944271087647053e+02 4.069557189941409092e+01 2.276125335693359375e+01 3.327947235107421875e+01
1.057302799224854084e+02 4.502926635742190342e+01 1.757144165039062500e+01 3.236675262451171875e+01
1.057545690536499592e+02 4.655883026123049717e+01 1.439091300964355469e+01 3.011167144775390625e+01
1.066529879570007893e+02 4.588028717041018467e+01 1.400186634063720703e+01 3.029392242431640625e+01
1.064659109115601154e+02 4.339257431030276280e+01 1.475073814392089844e+01 3.244983673095703125e+01
1.064708080291748615e+02 4.541465377807620030e+01 1.421689605712890625e+01 3.219275665283203125e+01
1.058757781982422443e+02 4.559680271148684483e+01 1.464112472534179688e+01 3.055003166198730469e+01
1.059631795883179279e+02 4.729007434844973545e+01 1.456257438659667969e+01 2.978783988952636719e+01
1.064373474121094318e+02 4.444054222106936436e+01 1.425923538208007812e+01 3.213240432739257812e+01
1.055429129600525471e+02 4.475210475921633702e+01 1.506615543365478516e+01 3.062410163879394531e+01
1.067421388626099201e+02 4.575949859619143467e+01 1.403039741516113281e+01 3.087335205078125000e+01
1.054534249305725666e+02 4.474239540100100498e+01 1.538590145111083984e+01 3.182145309448242188e+01
1.056234092712402912e+02 4.172868347167971592e+01 1.462578201293945312e+01 3.534669494628906250e+01
1.061045708656311604e+02 4.557337951660159092e+01 1.544966793060302734e+01 3.086287689208984375e+01
1.052004747390747639e+02 4.439492702484133702e+01 1.617616462707519531e+01 3.005342292785644531e+01
1.061038198471069904e+02 4.434072875976565342e+01 1.448534965515136719e+01 3.384387207031250000e+01
1.057017846107483479e+02 4.528515625000002842e+01 1.463903713226318359e+01 3.181147003173828125e+01
1.055532708168030354e+02 4.326977920532229405e+01 1.471494197845458984e+01 3.283451843261718750e+01
1.066507005691528889e+02 4.527580261230471592e+01 1.378387641906738281e+01 3.170397949218750000e+01
1.053310756683350178e+02 4.484841346740725498e+01 1.563713836669921875e+01 3.218625259399414062e+01
1.059159798622131916e+02 4.678580760955813389e+01 1.506974697113037109e+01 2.973649024963378906e+01
1.049268360137940022e+02 4.465730190277102452e+01 1.709355926513671875e+01 3.030212593078613281e+01
1.067464499473572346e+02 4.582627010345461827e+01 1.512603855133056641e+01 3.130141639709472656e+01
1.070202455520630451e+02 4.624301242828371983e+01 1.395051002502441406e+01 3.119273948669433594e+01
1.055279645919800373e+02 4.065059471130373936e+01 1.576408195495605469e+01 3.530527114868164062e+01
1.046307134628296467e+02 4.428143692016604405e+01 1.670167350769042969e+01 3.276649475097656250e+01
1.057675509452820393e+02 4.506129360198977452e+01 1.563650989532470703e+01 3.065874671936035156e+01
1.057201261520386311e+02 4.697006034851077061e+01 1.479327964782714844e+01 2.966965866088867188e+01
1.059851083755493732e+02 4.555528259277346592e+01 1.511199378967285156e+01 3.024054718017578125e+01
1.054713854789734455e+02 4.301369476318362217e+01 1.495296955108642578e+01 3.305615997314453125e+01
1.063627696037293049e+02 4.448733043670657139e+01 1.496963977813720703e+01 3.132486152648925781e+01
1.062081885337830158e+02 4.495925712585452061e+01 1.460157871246337891e+01 3.117121505737304688e+01
1.050519227981567951e+02 4.471594333648684483e+01 1.557085609436035156e+01 3.039550590515136719e+01
1.064505519866943928e+02 4.583252334594729405e+01 1.443310546875000000e+01 3.060037231445312500e+01
1.055088634490967365e+02 4.484373474121096592e+01 1.558339691162109375e+01 3.176148223876953125e+01
1.066465635299683186e+02 4.687175655364993077e+01 1.352030754089355469e+01 2.974949073791503906e+01
1.061906223297119709e+02 4.640378284454348545e+01 1.468695068359375000e+01 3.045332908630371094e+01
1.059942998886108967e+02 4.611616516113284092e+01 1.467159080505371094e+01 3.006172180175781250e+01
1.051020765304565998e+02 4.403750228881838780e+01 1.588637351989746094e+01 3.137818908691406250e+01
1.064958376884461018e+02 4.529869651794436436e+01 1.427531147003173828e+01 3.181172561645507812e+01
1.064923205375671955e+02 4.655635547637942295e+01 1.419286060333251953e+01 2.925412559509277344e+01
1.054821186065674397e+02 4.570394325256350498e+01 1.615818786621093750e+01 2.970964431762695312e+01
1.058659591674805256e+02 4.539779472351077061e+01 1.475580978393554688e+01 2.994177627563476562e+01
1.063354392051697346e+02 4.660259914398196202e+01 1.381655216217041016e+01 3.001712989807128906e+01
1.066721649169922443e+02 4.526204395294192295e+01 1.484093856811523438e+01 3.056144523620605469e+01
1.068098983764649006e+02 4.603921985626223545e+01 1.373303604125976562e+01 3.070061302185058594e+01
1.064057345390320393e+02 4.608177852630618077e+01 1.507952594757080078e+01 2.976140785217285156e+01
1.070846152305603596e+02 4.707859992980959873e+01 1.370225620269775391e+01 2.965301132202148438e+01
1.069343047142029377e+02 4.662398242950442295e+01 1.399090671539306641e+01 2.995458030700683594e+01
1.061291460990906330e+02 4.522148799896243077e+01 1.470523548126220703e+01 3.066700172424316406e+01
1.061074285507202717e+02 4.585782051086428623e+01 1.483857536315917969e+01 3.055241012573242188e+01
1.064072332382202717e+02 4.537375164031985264e+01 1.344966697692871094e+01 3.182024574279785156e+01
1.061287169456482502e+02 4.568949985504153233e+01 1.483778476715087891e+01 3.047209739685058594e+01
1.066357150077820393e+02 4.613747119903567295e+01 1.328473377227783203e+01 2.964125633239746094e+01
1.066724290847778889e+02 4.583954524993899327e+01 1.351712226867675781e+01 3.081006813049316406e+01
1.067213540077210041e+02 4.593962001800539952e+01 1.372267055511474609e+01 3.115121650695800781e+01
1.053647232055664631e+02 4.387722206115725498e+01 1.595438766479492188e+01 3.198677444458007812e+01
1.051005849838257404e+02 4.315652656555178623e+01 1.629958915710449219e+01 3.386537551879882812e+01
1.063998441696167561e+02 4.501072025299075108e+01 1.509712791442871094e+01 3.157376670837402344e+01
1.066182112693787190e+02 4.640537261962893467e+01 1.417107486724853516e+01 2.919441986083984375e+01
1.054354929924011799e+02 4.481113624572756748e+01 1.503943347930908203e+01 3.123675918579101562e+01
1.076516790390015217e+02 4.653413963317873936e+01 1.324230003356933594e+01 3.077702713012695312e+01
1.063241701126099201e+02 4.607389736175539952e+01 1.388335609436035156e+01 3.061254310607910156e+01
1.054295558929443928e+02 4.482033824920657139e+01 1.572641754150390625e+01 3.124541664123535156e+01
1.062122988700867268e+02 4.336530494689944248e+01 1.396323871612548828e+01 3.242109298706054688e+01
1.067281303405762287e+02 4.544398975372317295e+01 1.400191879272460938e+01 3.081220817565917969e+01
1.053042864799500080e+02 4.558508396148684483e+01 1.596224689483642578e+01 3.097985649108886719e+01
1.059709310531616779e+02 4.587543964385989170e+01 1.524217033386230469e+01 3.007782554626464844e+01
1.058973121643066975e+02 4.602266693115237217e+01 1.460896682739257812e+01 2.990792083740234375e+01
1.069375495910645100e+02 4.688598346710207920e+01 1.373862075805664062e+01 2.974555015563964844e+01
1.070156679153442951e+02 4.581423473358157139e+01 1.385414314270019531e+01 3.147420692443847656e+01
1.061356372833252522e+02 4.545438766479495030e+01 1.445606994628906250e+01 3.072660064697265625e+01
1.069421906471253010e+02 4.715170574188235264e+01 1.416673183441162109e+01 2.925858497619628906e+01
1.066717424392700764e+02 4.494641494750979405e+01 1.423909950256347656e+01 3.143498229980468750e+01
1.067398600578308674e+02 4.566738319396975498e+01 1.496057605743408203e+01 3.057549667358398438e+01
1.068477754592896076e+02 4.561640739440920811e+01 1.392374610900878906e+01 3.087139511108398438e+01
1.060777502059937092e+02 4.637491416931155186e+01 1.570905876159667969e+01 2.911009597778320312e+01
1.060410809516907307e+02 4.589879608154299717e+01 1.522923564910888672e+01 3.003723144531250000e+01
1.063373389244080158e+02 4.649480915069582920e+01 1.408585453033447266e+01 2.975526237487792969e+01
1.070226645469666096e+02 4.593526935577395420e+01 1.372928714752197266e+01 3.118134117126464844e+01
1.064902939796448322e+02 4.657215118408205967e+01 1.539942836761474609e+01 2.964159393310546875e+01
1.065498614311218830e+02 4.670745849609377842e+01 1.433400440216064453e+01 2.997124481201171875e+01
1.061140489578247639e+02 4.668605804443362217e+01 1.531231880187988281e+01 3.024033355712890625e+01
1.062892384529114338e+02 4.573313808441164952e+01 1.476308727264404297e+01 3.183176612854003906e+01
1.059559569358826252e+02 4.552845001220705967e+01 1.508346652984619141e+01 3.292868804931640625e+01
1.061486587524414631e+02 4.715765762329104405e+01 1.524823379516601562e+01 3.358853912353515625e+01
1.043887357711792561e+02 4.529186153411868077e+01 1.772615623474121094e+01 3.144210243225097656e+01
1.050253047943115803e+02 4.446511268615725498e+01 1.631059265136718750e+01 3.132196426391601562e+01
1.058382678031921955e+02 4.572935581207278233e+01 1.452459430694580078e+01 2.985297203063964844e+01
1.064582653045654865e+02 4.558475399017336827e+01 1.420446014404296875e+01 3.093282508850097656e+01
1.057050714492798420e+02 4.571154785156252842e+01 1.473327827453613281e+01 3.241246032714843750e+01
1.052969231605530354e+02 4.494735336303713780e+01 1.513528347015380859e+01 3.185422515869140625e+01
1.067115492820740315e+02 4.659035873413088780e+01 1.378746891021728516e+01 3.008727264404296875e+01
1.056015706062317463e+02 4.617659091949465733e+01 1.501123332977294922e+01 2.960381126403808594e+01
1.059768066406250568e+02 4.725476837158205967e+01 1.466991043090820312e+01 2.959213256835937500e+01
1.069519786834717365e+02 4.673606014251711827e+01 1.359617614746093750e+01 3.037897682189941406e+01
1.056922798156738850e+02 4.644579124450686436e+01 1.478610610961914062e+01 2.971567153930664062e+01
1.060758342742920490e+02 4.516177463531496983e+01 1.479084777832031250e+01 3.183965873718261719e+01
1.058102321624756428e+02 4.544584560394289952e+01 1.464029693603515625e+01 3.104565620422363281e+01
1.066660304069519611e+02 4.508355903625491123e+01 1.353075122833251953e+01 3.224318313598632812e+01
1.066065597534180256e+02 4.552670669555666905e+01 1.411030960083007812e+01 3.182255554199218750e+01
1.063219671249390217e+02 4.589212417602541905e+01 1.472300529479980469e+01 3.094575500488281250e+01
1.062060289382935139e+02 4.628781795501711827e+01 1.388566780090332031e+01 3.094530677795410156e+01
1.054279675483704182e+02 3.849899673461916905e+01 1.490279674530029297e+01 3.821568298339843750e+01
1.046663818359375568e+02 4.356263542175295811e+01 1.653403091430664062e+01 3.376401901245117188e+01
1.063471803665161701e+02 4.618562698364260655e+01 1.519323921203613281e+01 3.130543518066406250e+01
1.054315528869629475e+02 4.532155418395998936e+01 1.564632797241210938e+01 3.135935592651367188e+01
1.060019316673279377e+02 4.406568145751955967e+01 1.415022373199462891e+01 3.326979827880859375e+01
1.059885807037354084e+02 4.569711875915530186e+01 1.405777740478515625e+01 3.234966659545898438e+01
1.058122725486755940e+02 4.594435214996340733e+01 1.472483158111572266e+01 3.055606651306152344e+01
1.054455356597900959e+02 4.607623672485354405e+01 1.474676513671875000e+01 3.020516204833984375e+01
1.072882318496704670e+02 4.591381835937502842e+01 1.311483192443847656e+01 3.134525299072265625e+01
1.061323881149292561e+02 4.537169933319094639e+01 1.471029472351074219e+01 3.123923683166503906e+01
1.068346638679504963e+02 4.593644046783450108e+01 1.381726360321044922e+01 3.072917747497558594e+01
1.063516516685486408e+02 4.382697868347170811e+01 1.495332431793212891e+01 3.245118331909179688e+01
1.071157302856445881e+02 4.617764377593996983e+01 1.354832077026367188e+01 3.083543205261230469e+01
1.065903382301331135e+02 4.605702304840090733e+01 1.393234157562255859e+01 2.987201499938964844e+01
1.057907977104187580e+02 4.552324104309084873e+01 1.477311420440673828e+01 3.136474990844726562e+01
1.061158308982849690e+02 4.595068264007571202e+01 1.426347446441650391e+01 3.114653205871582031e+01
1.045596227645874592e+02 4.561517333984377842e+01 1.656324577331542969e+01 3.030874633789062500e+01
1.061823449134827229e+02 4.676109695434573155e+01 1.403882503509521484e+01 3.039832305908203125e+01
1.055700035095215412e+02 4.540537643432620030e+01 1.529670333862304688e+01 3.120667266845703125e+01
1.071425743103027912e+02 4.731743907928469639e+01 1.349789047241210938e+01 2.937850379943847656e+01
1.065144944190979572e+02 4.750061798095705967e+01 1.413472652435302734e+01 2.923564147949218750e+01
1.057959442138672443e+02 4.594826030731204014e+01 1.468198776245117188e+01 3.059717750549316406e+01
1.057264990806580158e+02 4.656666660308840733e+01 1.490590000152587891e+01 2.933382987976074219e+01
1.068578972816467854e+02 4.639577102661135655e+01 1.362712001800537109e+01 3.043179321289062500e+01
1.058881559371948811e+02 4.296154022216799717e+01 1.464645957946777344e+01 3.356636047363281250e+01
1.055643711090088459e+02 4.577225685119631748e+01 1.458428955078125000e+01 3.201504898071289062e+01
1.062959766387940022e+02 4.672648525238039952e+01 1.424172210693359375e+01 3.069511604309082031e+01
1.066858868598938557e+02 4.539425849914553623e+01 1.456410503387451172e+01 3.170850753784179688e+01
1.069526028633118244e+02 4.706859207153323155e+01 1.341422557830810547e+01 3.085217285156250000e+01
1.058041620254517170e+02 4.645284652709963780e+01 1.446634864807128906e+01 3.045066833496093750e+01
1.061676530838013264e+02 4.553736877441409092e+01 1.397798347473144531e+01 3.095236206054687500e+01
1.066538352966309162e+02 4.403578376770022373e+01 1.405418014526367188e+01 3.266089248657226562e+01
1.057615909576416584e+02 4.648437500000002842e+01 1.507701873779296875e+01 3.075997161865234375e+01
1.051427812576294514e+02 4.630093860626223545e+01 1.525544929504394531e+01 3.087879753112792969e+01
1.069122982025147053e+02 4.701447010040286045e+01 1.358206939697265625e+01 3.045285606384277344e+01
1.059872779846191975e+02 4.687935733795168858e+01 1.479030990600585938e+01 2.988351249694824219e+01
1.049121952056885334e+02 4.578889656066897373e+01 1.577140808105468750e+01 3.030644607543945312e+01
1.057457242012024494e+02 4.676254653930666905e+01 1.462679576873779297e+01 2.975695037841796875e+01
1.064217591285706135e+02 4.605315208435061436e+01 1.389136409759521484e+01 3.009227371215820312e+01
1.060326247215271565e+02 4.644977855682375889e+01 1.451362705230712891e+01 3.092323493957519531e+01
1.056771321296692463e+02 4.575101280212405186e+01 1.479968547821044922e+01 3.113134384155273438e+01
1.064842228889465900e+02 4.681926345825198155e+01 1.389047527313232422e+01 3.025142669677734375e+01
1.066599736213684650e+02 4.551616287231448155e+01 1.480325603485107422e+01 3.134626007080078125e+01
1.056142325401306721e+02 4.176302909851077061e+01 1.506852054595947266e+01 3.565638351440429688e+01
1.057188234329224201e+02 4.532745552062991834e+01 1.463847541809082031e+01 3.311598587036132102e+01
1.046786136627197834e+02 3.640937042236330967e+01 1.533375549316406250e+01 3.978501129150390625e+01
1.051055073738098713e+02 4.541033363342288709e+01 1.594279003143310547e+01 3.120631027221678977e+01
1.064780478477478596e+02 4.691971302032473545e+01 1.365440464019775391e+01 3.021909904479980469e+01
1.058026776313782307e+02 4.660547924041750889e+01 1.519097423553466797e+01 3.034825325012207031e+01
1.065397305488586994e+02 4.628403663635256748e+01 1.394507884979248047e+01 3.084935379028320312e+01
1.060909171104431721e+02 4.687053012847903233e+01 1.500151920318603516e+01 3.022299003601074219e+01
1.055670132637024494e+02 4.580399131774905186e+01 1.472701549530029297e+01 3.102773666381835938e+01
1.064438600540161701e+02 4.661815071105959873e+01 1.349068641662597656e+01 3.070761489868164062e+01
1.062629523277283283e+02 4.485101127624514561e+01 1.480357456207275391e+01 3.141267776489257812e+01
1.058196167945862385e+02 4.514446353912356358e+01 1.523516750335693359e+01 3.063836479187011719e+01
1.064582662582398029e+02 4.656457042694094639e+01 1.390484428405761719e+01 3.077211952209472656e+01
1.058201026916504475e+02 4.648178768157961827e+01 1.469578933715820312e+01 3.036197853088378906e+01
1.051108050346375080e+02 4.480962562561037998e+01 1.543116474151611328e+01 3.237417221069335938e+01
1.063937377929688068e+02 4.736256122589114170e+01 1.353057479858398438e+01 3.030559349060058594e+01
1.055960350036621662e+02 4.491376590728762608e+01 1.473432540893554688e+01 3.193924522399902344e+01
1.070084438323975178e+02 4.643093776702883702e+01 1.368514251708984375e+01 3.073548316955566406e+01
1.067146096229553791e+02 4.479697608947756748e+01 1.447572231292724609e+01 3.284527969360351562e+01
1.051461391448975178e+02 4.300921249389651280e+01 1.629421997070312500e+01 3.253567504882812500e+01
1.057667975425720783e+02 4.504431724548343396e+01 1.482018375396728516e+01 3.228858566284178977e+01
1.070299754142761799e+02 4.692695617675784092e+01 1.351088428497314453e+01 3.049542236328125000e+01
1.060512895584107014e+02 4.623597717285159092e+01 1.466637611389160156e+01 3.088349914550781250e+01
1.064734692573547932e+02 4.581544971466067295e+01 1.453454113006591797e+01 3.086556053161621094e+01
1.061878657341003986e+02 3.868741035461428623e+01 1.499606800079345703e+01 3.760381698608398438e+01
1.052897672653198811e+02 4.474919128417971592e+01 1.632420921325683594e+01 3.321257019042968750e+01
1.065361166000366779e+02 4.613426780700686436e+01 1.556945610046386719e+01 3.090886306762695312e+01
1.059911699295044514e+02 4.475671100616457920e+01 1.549495124816894531e+01 3.042548179626464844e+01
1.064333081245422932e+02 4.650059509277346592e+01 1.433782482147216797e+01 3.139544677734375000e+01
1.054193086624146076e+02 4.569012928009036045e+01 1.541146278381347656e+01 3.067388725280761719e+01
1.060270829200745197e+02 4.575658416748049717e+01 1.459284114837646484e+01 3.068615722656250000e+01
1.052330274581909748e+02 4.590771770477297764e+01 1.610960960388183594e+01 3.029621315002441406e+01
1.058675212860107990e+02 4.354630470275881748e+01 1.472201538085937500e+01 3.275242996215820312e+01
1.067696185112000080e+02 4.588421344757082920e+01 1.433636951446533203e+01 3.185154533386230469e+01
1.061841106414795490e+02 4.544254684448245030e+01 1.431058502197265625e+01 3.283803558349609375e+01
1.060473260879517170e+02 4.473316955566409092e+01 1.451914405822753906e+01 3.231106567382812500e+01
1.057505559921265217e+02 4.542355537414553623e+01 1.465000724792480469e+01 3.174708938598632812e+01
1.055899820327759357e+02 4.543482112884524327e+01 1.478190803527832031e+01 3.165138435363769531e+01
1.074132571220398518e+02 4.634634876251223545e+01 1.365160846710205078e+01 3.061906242370605469e+01
1.062657632827759357e+02 4.492284297943118077e+01 1.561033058166503906e+01 3.085125160217285156e+01
1.065396723747253986e+02 4.696452140808108311e+01 1.508109760284423828e+01 3.175654983520507812e+01
1.053320732116699787e+02 4.480527973175051670e+01 1.568305587768554688e+01 3.059662437438964844e+01
1.062457160949707600e+02 4.649984931945803623e+01 1.520698928833007812e+01 3.056424331665039062e+01
1.067716226577759357e+02 4.627030181884768467e+01 1.464930915832519531e+01 3.062978363037109375e+01
1.062076992988586994e+02 4.525822830200198155e+01 1.435399913787841797e+01 3.323252105712890625e+01
1.069423732757568928e+02 4.678470420837405186e+01 1.371923065185546875e+01 3.141788864135742188e+01
1.050874109268189045e+02 4.375821113586428623e+01 1.613404273986816406e+01 3.324474716186523438e+01
1.019897232055664631e+02 3.805885791778568006e+01 2.259184646606445312e+01 2.851241111755370383e+01
1.435569729804993244e+02 3.803430175781252842e+01 1.421860790252685547e+01 4.168848419189453125e+01
1.432884979248047443e+02 3.740221023559572444e+01 1.260048294067382812e+01 3.940837097167969461e+01
1.419618377685547443e+02 3.901173973083498936e+01 1.377439498901367188e+01 3.992986679077148438e+01
1.404287467002869221e+02 3.886115837097170811e+01 1.422764682769775391e+01 3.842068862915039062e+01
1.388736820220947834e+02 3.935859870910647373e+01 1.535630035400390625e+01 3.822216415405273438e+01
1.385347547531128498e+02 4.085141372680666905e+01 1.565781974792480469e+01 3.679664611816406250e+01
1.365918121337891193e+02 4.090294456481936436e+01 1.689863204956054688e+01 3.585590744018554688e+01
1.342654972076416584e+02 4.033805656433109021e+01 1.832048034667968750e+01 3.769418716430663352e+01
1.349680843353272053e+02 4.021010780334475498e+01 1.689169311523437500e+01 3.703439712524414062e+01
1.339593591690064045e+02 3.867221260070803623e+01 1.555951118469238281e+01 3.888838577270507812e+01
1.340126519203186604e+02 3.925219345092776990e+01 1.386214351654052734e+01 3.577475738525389914e+01
1.335220384597778889e+02 3.961197090148928623e+01 1.320752143859863281e+01 3.567559432983398438e+01
1.318478851318359943e+02 3.660912513732912998e+01 1.164553451538085938e+01 3.999917221069335938e+01
1.301967482566834065e+02 3.550155639648440342e+01 1.290496921539306641e+01 4.088887023925781250e+01
1.285164628028870197e+02 3.481913566589358311e+01 1.294505214691162109e+01 4.135965347290039062e+01
1.293208250999451252e+02 3.633544731140140271e+01 1.306533145904541016e+01 3.795736312866210227e+01
1.267719759941101643e+02 3.907191467285159092e+01 1.339945697784423828e+01 3.674912261962890625e+01
1.250491385459900471e+02 3.906163406372073155e+01 1.502549839019775391e+01 3.597354888916015625e+01
1.239985904693604084e+02 3.860363769531253553e+01 1.564907073974609375e+01 3.611470031738280539e+01
1.219281101226807209e+02 3.779271888732912998e+01 1.710874176025390625e+01 3.763565444946289062e+01
1.211261739730835529e+02 3.580008506774905186e+01 1.715213584899902344e+01 3.920987319946289062e+01
1.187683124542236897e+02 3.313174629211428623e+01 1.832620239257812500e+01 4.245192337036132812e+01
1.195171527862549397e+02 3.588747406005862217e+01 1.658399200439453125e+01 3.963941192626953125e+01
1.187975053787232014e+02 3.683493423461916194e+01 1.625089454650878906e+01 3.920761871337891336e+01
1.183927273750305744e+02 3.718983650207522373e+01 1.508269023895263672e+01 3.887070083618164062e+01
1.180056748390198322e+02 4.086846923828127842e+01 1.440045833587646484e+01 3.523603057861328125e+01
1.164625401496887775e+02 4.243955421447756748e+01 1.269596385955810547e+01 3.296460342407226562e+01
1.153259468078613850e+02 3.475661087036135655e+01 1.254063034057617188e+01 4.212068176269531250e+01
1.101936645507813068e+02 3.793635177612307530e+01 1.711764907836914062e+01 3.810896301269531250e+01
1.089357070922852131e+02 3.856926345825197444e+01 1.845859909057617188e+01 3.895384979248047586e+01
1.082605552673340412e+02 3.975325584411623936e+01 1.843009567260742188e+01 3.744820785522460938e+01
1.077900867462158772e+02 3.893206596374514561e+01 1.823854827880859375e+01 3.909137344360351562e+01
1.070291633605957600e+02 4.238918113708498225e+01 1.837234115600585938e+01 3.567967605590821023e+01
1.063065538406372639e+02 3.876687622070314632e+01 1.720091438293457031e+01 3.926237487792969461e+01
1.054046211242676350e+02 3.909617614746096592e+01 1.732176589965820312e+01 3.916912841796875000e+01
1.048309073448181721e+02 3.699883079528812146e+01 1.537075901031494141e+01 4.372800827026366477e+01
1.039158115386963459e+02 3.726151466369631748e+01 1.597581481933593750e+01 4.235011672973632812e+01
1.043577899932861897e+02 3.858140373229984021e+01 1.583573150634765625e+01 4.077718734741210227e+01
1.034266967773438068e+02 3.773849296569827061e+01 1.611892318725585938e+01 4.021427536010742188e+01
1.031301279067993732e+02 3.788662528991702061e+01 1.651622200012207031e+01 4.222233963012695312e+01
1.023795442581177326e+02 3.716647911071780186e+01 1.701970100402832031e+01 4.109312057495117188e+01
9.979370498657232247e+01 3.304178619384768467e+01 1.775666427612304688e+01 4.159454345703125000e+01
9.921632575988775216e+01 3.139250564575198155e+01 1.827785491943359375e+01 4.344808959960937500e+01
9.544556045532232247e+01 3.634135627746584873e+01 2.207820510864257812e+01 3.681916427612304688e+01
9.544594573974615059e+01 3.131402206420901280e+01 2.165069961547851562e+01 4.354084777832031250e+01
9.459655952453618966e+01 3.101484680175784803e+01 2.236026763916015625e+01 4.245703887939452414e+01
9.332014751434331856e+01 3.654085731506350498e+01 1.703540611267089844e+01 3.662759780883789062e+01
9.196668148040777169e+01 3.858338165283205967e+01 1.615732383728027344e+01 3.288311767578125000e+01
9.114931964874273262e+01 3.787271118164066053e+01 1.577286720275878906e+01 3.408854675292968039e+01
9.089303350448614083e+01 3.857229614257816053e+01 1.421611881256103516e+01 3.452533721923827414e+01
9.049869918823247872e+01 3.410593795776370030e+01 1.336439132690429688e+01 3.827770996093750000e+01
9.054262876510625802e+01 3.508127403259280186e+01 1.184576892852783203e+01 3.696709060668945312e+01
9.047424650192266427e+01 3.491033172607424717e+01 1.199663257598876953e+01 3.706111145019531250e+01
8.912951707839971505e+01 3.580259323120120030e+01 1.113051891326904297e+01 3.592031097412109375e+01
8.832860803604131661e+01 4.020171356201174717e+01 1.210262203216552734e+01 3.115691375732421875e+01
8.345804786682134591e+01 4.412863159179690342e+01 1.277672576904296875e+01 2.732627868652343750e+01
8.421622610092168770e+01 4.175191497802737217e+01 1.230257511138916016e+01 3.013336181640625000e+01
8.321558523178106270e+01 3.906188011169436436e+01 1.337226963043212891e+01 3.262833023071289062e+01
8.128452873229986153e+01 4.164275741577151280e+01 1.465024566650390625e+01 3.013817596435546875e+01
8.031245660781866036e+01 4.306283187866213780e+01 1.513587093353271484e+01 2.911514282226562500e+01
7.928449392318731270e+01 4.396131515502932530e+01 1.474746799468994141e+01 2.745029449462890625e+01
7.802364873886114083e+01 3.912784576416018467e+01 1.441487216949462891e+01 3.369071960449218750e+01
7.782649040222173653e+01 3.909451484680178623e+01 1.294276428222656250e+01 3.335727310180664062e+01
7.811940479278570137e+01 3.820087051391604405e+01 1.256193733215332031e+01 3.427703857421875000e+01
7.794081211090093575e+01 3.824979972839358311e+01 1.218258094787597656e+01 3.502303695678710938e+01
7.731019639968877755e+01 3.942123603820803623e+01 1.219758129119873047e+01 3.407572555541992188e+01
7.764794731140142403e+01 4.069397926330569248e+01 1.279145050048828125e+01 3.237188339233398438e+01
7.370734024047857247e+01 3.257639122009280186e+01 1.383288192749023438e+01 3.679071426391601562e+01
7.285271787643438302e+01 3.342086029052737217e+01 1.210951709747314453e+01 3.503691864013671875e+01
7.113300418853765450e+01 3.341342926025393467e+01 1.321794319152832031e+01 3.501683044433593750e+01
6.848426866531377755e+01 3.367340278625491123e+01 1.538290691375732422e+01 3.420579147338867188e+01
6.773816156387334786e+01 3.304966163635256748e+01 1.563046169281005859e+01 3.382404708862304688e+01
6.703370857238775216e+01 3.306949043273928623e+01 1.433467864990234375e+01 3.570464706420898438e+01
6.710376739501958809e+01 3.346313476562502842e+01 1.309900283813476562e+01 3.538341522216796875e+01
6.711652326583867989e+01 3.228918838500979405e+01 1.210912799835205078e+01 3.588981628417968750e+01
6.644708824157720528e+01 3.275511360168459873e+01 1.165581512451171875e+01 3.539203262329101562e+01
6.550212430953985177e+01 3.254707908630373936e+01 1.174155902862548828e+01 3.572710800170898438e+01
6.477156877517705880e+01 3.200416755676272373e+01 1.099444866180419922e+01 3.662134933471679688e+01
6.290832376480108223e+01 3.100180435180666905e+01 1.129931545257568359e+01 3.720741271972656250e+01
6.244407320022588692e+01 3.126818275451662998e+01 1.156571483612060547e+01 3.670112991333007812e+01
6.038480901718145333e+01 3.154322433471682530e+01 1.300486850738525391e+01 3.662356567382812500e+01
5.958467435836797677e+01 3.140022277832034092e+01 1.306160449981689453e+01 3.593959808349609375e+01
5.863123703002935372e+01 3.158503341674807530e+01 1.352219009399414062e+01 3.532675933837890625e+01
5.829047775268560372e+01 3.179706382751467686e+01 1.366778945922851562e+01 3.551303482055664062e+01
5.708474254608159981e+01 3.162400245666506748e+01 1.387718772888183594e+01 3.557639694213867188e+01
5.597383880615240059e+01 3.093153381347659092e+01 1.398588180541992188e+01 3.614234161376953125e+01
5.455970764160161934e+01 3.049471092224123936e+01 1.488586807250976562e+01 3.633225631713867188e+01
5.423770475387578927e+01 3.016494369506838780e+01 1.382529163360595703e+01 3.503225708007812500e+01
5.350249052047735177e+01 3.031731796264651280e+01 1.302966785430908203e+01 3.603380584716796875e+01
5.337657403945928536e+01 2.972040939331057530e+01 1.146761226654052734e+01 3.624342346191406250e+01
5.281552743911748848e+01 2.877489662170412998e+01 1.135813045501708984e+01 3.690986251831054688e+01
5.248590898513799630e+01 2.953342437744143467e+01 1.125519847869873047e+01 3.634995269775390625e+01
5.019855308532720528e+01 2.829750633239748936e+01 1.195405578613281250e+01 3.701932907104492188e+01
4.946106672286992989e+01 2.794605827331545811e+01 1.214520740509033203e+01 3.722697830200195312e+01
4.786242818832403145e+01 2.611078834533694248e+01 1.336826419830322266e+01 3.869335556030273438e+01
4.640079879760747872e+01 2.737161636352541905e+01 1.441853713989257812e+01 3.739645385742187500e+01
4.472905826568609911e+01 2.784839439392093396e+01 1.565552711486816406e+01 3.635738754272460227e+01
4.359740781784064012e+01 2.775702857971194248e+01 1.584308338165283203e+01 3.717842483520507812e+01
4.246938180923467598e+01 2.747269821166994319e+01 1.584771633148193359e+01 3.793611907958985086e+01
4.285010242462164598e+01 2.815374374389651990e+01 1.482010841369628906e+01 3.592025756835936789e+01
4.230586576461799098e+01 2.632667922973636365e+01 1.359026050567626953e+01 3.738623809814453125e+01
4.191783952713019801e+01 2.380066680908206678e+01 1.253406047821044922e+01 4.019808959960937500e+01
4.194621372222907496e+01 2.125753784179691053e+01 1.257551002502441406e+01 4.247260284423828125e+01
4.126813745498665043e+01 2.613865280151371451e+01 1.180435085296630859e+01 3.749655151367187500e+01
4.004941701889045902e+01 2.709364700317387076e+01 1.230630588531494141e+01 3.803770446777343750e+01
3.888177442550666996e+01 2.632043075561527701e+01 1.197086811065673828e+01 3.751671600341796875e+01
3.879638624191291996e+01 2.674386215209965201e+01 1.184111499786376953e+01 3.585688781738281250e+01
3.739053440094001957e+01 2.734211540222172232e+01 1.241979408264160156e+01 3.585172653198242188e+01
3.613987636566169925e+01 2.686064529418949576e+01 1.311571311950683594e+01 3.561317443847656250e+01
3.564942836761482425e+01 2.712804412841801138e+01 1.327860832214355469e+01 3.566452789306640625e+01
3.409572601318367191e+01 2.710702514648441763e+01 1.457608413696289062e+01 3.543790435791015625e+01
3.291773080825813480e+01 2.731788253784183951e+01 1.483547878265380859e+01 3.589930725097656250e+01
3.133099508285530987e+01 2.685678482055669036e+01 1.575945377349853516e+01 3.538191986083984375e+01
3.087049722671517316e+01 2.677092170715337005e+01 1.536349391937255859e+01 3.579245376586914062e+01
3.028576803207405987e+01 2.664056587219243255e+01 1.510030460357666016e+01 3.572394943237304688e+01
3.056987428665170370e+01 2.691423416137700997e+01 1.488389110565185547e+01 3.453603363037109375e+01
2.985688161849984823e+01 2.571710395812993966e+01 1.412867832183837891e+01 3.623416519165039062e+01
3.081877279281625448e+01 2.568096542358404122e+01 1.274724674224853516e+01 3.568660736083984375e+01
3.028741979599008260e+01 2.566879463195806466e+01 1.214631748199462891e+01 3.488043594360351562e+01
2.979344940185556112e+01 2.490871429443365059e+01 1.166164779663085938e+01 3.563977813720703125e+01
2.865798425674447714e+01 2.615683364868169747e+01 1.194996547698974609e+01 3.460493469238281250e+01
2.810790014266977010e+01 2.596512222290044747e+01 1.211103916168212891e+01 3.598808288574218750e+01
2.834097480773935018e+01 2.481392288208013497e+01 1.208051300048828125e+01 3.624123382568359375e+01
2.763708639144906698e+01 2.575720787048345528e+01 1.216421604156494141e+01 3.550041580200195312e+01
2.564307546615609823e+01 2.505591201782232247e+01 1.333741092681884766e+01 3.560024261474609375e+01
2.483096551895150839e+01 2.593029403686529122e+01 1.416349697113037109e+01 3.580560302734375000e+01
2.480250740051278768e+01 2.692640686035161934e+01 1.327971649169921875e+01 3.490639495849609375e+01
2.442498302459726034e+01 2.720876884460454903e+01 1.297431755065917969e+01 3.328054428100585938e+01
2.394801950454721151e+01 2.745820236206060372e+01 1.330947780609130859e+01 3.288438415527343750e+01
2.341000366210946737e+01 2.710009956359868966e+01 1.227238082885742188e+01 3.266433334350585938e+01
2.324798107147226034e+01 2.609457588195806466e+01 1.328926658630371094e+01 3.371838760375976562e+01
2.274247264862069784e+01 2.550529098510747872e+01 1.316923332214355469e+01 3.531499481201171875e+01
2.158618640899667440e+01 2.714404487609868966e+01 1.255591011047363281e+01 3.224551010131835938e+01
2.162393951416024862e+01 2.963670349121099434e+01 1.239497756958007812e+01 3.053050994873046875e+01
2.232446956634530721e+01 2.832698154449468575e+01 1.107876396179199219e+01 3.128162956237792969e+01
2.266074466705331503e+01 2.551066398620611153e+01 1.306128120422363281e+01 3.510268020629882812e+01
2.239187097549447714e+01 2.472774505615240059e+01 1.299233913421630859e+01 3.565449523925781250e+01
2.287640619277963339e+01 2.442599868774419747e+01 1.366829586029052734e+01 3.580741882324218750e+01
2.233628940582284628e+01 2.487013053894048653e+01 1.317737770080566406e+01 3.572546768188476562e+01
2.225563430786142050e+01 2.530144500732427559e+01 1.298488235473632812e+01 3.594568634033203125e+01
2.232659435272226034e+01 2.658776092529302559e+01 1.288436698913574219e+01 3.289062500000000000e+01
2.186029767990121542e+01 3.388978958129888497e+01 1.273250293731689453e+01 2.555019378662109375e+01
2.258993148803720175e+01 2.511761093139654122e+01 1.265920639038085938e+01 3.465993499755859375e+01
2.341824626922616659e+01 2.399443817138677559e+01 1.311921501159667969e+01 3.677223205566406250e+01
2.316253614425668417e+01 2.324298095703130684e+01 1.323701953887939453e+01 3.773149108886718750e+01
2.376594686508187948e+01 2.319701576232915841e+01 1.309146213531494141e+01 3.742243576049804688e+01
2.354992437362680135e+01 2.332036590576177559e+01 1.348239231109619141e+01 3.771312713623046875e+01
2.368080615997323690e+01 2.371446037292486153e+01 1.330595588684082031e+01 3.661875534057617188e+01
2.406469154357919393e+01 2.418963813781743966e+01 1.385369110107421875e+01 3.588422012329101562e+01
2.483061742782602010e+01 2.559374046325689278e+01 1.342293643951416016e+01 3.518758773803710938e+01
2.496665239334115682e+01 2.538902664184575997e+01 1.356344127655029297e+01 3.529336547851562500e+01
2.484755992889413534e+01 2.477052116394048653e+01 1.362196922302246094e+01 3.668600082397460938e+01
2.566887760162362753e+01 2.487600517272954903e+01 1.333233833312988281e+01 3.627327346801757812e+01
2.722315073013314901e+01 2.559678077697759591e+01 1.260010433197021484e+01 3.549504470825195312e+01
2.778227519989022909e+01 2.557066917419439278e+01 1.180475425720214844e+01 3.543763351440429688e+01
2.822109985351571737e+01 2.576323509216314278e+01 1.192867660522460938e+01 3.541225814819335938e+01
2.898614501953134237e+01 2.618056106567388497e+01 1.162844467163085938e+01 3.409096527099609375e+01
2.917950916290292440e+01 2.649852752685552559e+01 1.143241310119628906e+01 3.487863159179687500e+01
3.000380039215097128e+01 2.586447143554693184e+01 1.139069557189941406e+01 3.544361114501953125e+01
3.035485887527475057e+01 2.631384658813482247e+01 1.219692516326904297e+01 3.515094757080078125e+01
3.011128807067880331e+01 2.640336608886724434e+01 1.303958892822265625e+01 3.574120330810546875e+01
3.065988874435434042e+01 2.587633514404302559e+01 1.313348865509033203e+01 3.546942901611328125e+01
3.073928737640390096e+01 2.660976600646978341e+01 1.317994499206542969e+01 3.509416580200195312e+01
3.211754274368295370e+01 2.653847122192388497e+01 1.261825847625732422e+01 3.512773132324218750e+01
3.234414434432992635e+01 2.634186935424810372e+01 1.308709812164306641e+01 3.560940551757812500e+01
3.477837467193612753e+01 2.652148437500005684e+01 1.219061470031738281e+01 3.567033386230468750e+01
3.429158878326425253e+01 2.706844520568853341e+01 1.296680641174316406e+01 3.589587020874023438e+01
3.628816127777108846e+01 2.670494270324712716e+01 1.200243949890136719e+01 3.538261795043945312e+01
3.692646646499643026e+01 2.702691650390630684e+01 1.117156887054443359e+01 3.581944274902343750e+01
3.814728403091439901e+01 2.773578834533697091e+01 1.106513118743896484e+01 3.591994094848632812e+01
3.916074943542489706e+01 2.692435646057134591e+01 1.043134307861328125e+01 3.534823989868164062e+01
3.963693857193002401e+01 2.786297988891607247e+01 1.118410396575927734e+01 3.371917724609375000e+01
3.997029495239267050e+01 2.707777023315435372e+01 1.215201950073242188e+01 3.493331909179687500e+01
4.005244541168222128e+01 2.722501754760747872e+01 1.189494514465332031e+01 3.632366943359375000e+01
4.075274801254281698e+01 2.739391899108892403e+01 1.278689670562744141e+01 3.694832992553710938e+01
4.087744045257577596e+01 2.783209800720220528e+01 1.290846824645996094e+01 3.690784072875976562e+01
4.164666986465463339e+01 2.780881881713872872e+01 1.445538997650146484e+01 3.699583435058593750e+01
4.235930490493784362e+01 2.795955467224127489e+01 1.473757076263427734e+01 3.642090225219725852e+01
4.439884901046763588e+01 2.818732833862311082e+01 1.307708454132080078e+01 3.657083129882811789e+01
4.527021026611338783e+01 2.804848861694341622e+01 1.219527053833007812e+01 3.817047119140625000e+01
4.697722053527842689e+01 2.845688629150396309e+01 1.151966094970703125e+01 3.661289215087890625e+01
4.800118970870982338e+01 2.789859771728521309e+01 1.158291339874267578e+01 3.730780792236328125e+01
4.863792943954478432e+01 2.657195854187017403e+01 1.166494846343994141e+01 3.959591293334960938e+01
5.005376386642466713e+01 2.862131690979009591e+01 1.189212512969970703e+01 3.778851699829101562e+01
5.075968790054331947e+01 2.611818695068365059e+01 1.182744503021240234e+01 3.889304351806640625e+01
5.036686563491831947e+01 2.436613273620611153e+01 1.234084987640380859e+01 4.059649276733398438e+01
5.062180566787730385e+01 2.773175811767583809e+01 1.318006801605224609e+01 3.744934082031250000e+01
5.075809335708628822e+01 2.809667778015142403e+01 1.463880062103272195e+01 3.756194686889648438e+01
5.103554201126110001e+01 2.937656974792486153e+01 1.572757244110107422e+01 3.717496871948242188e+01
5.214902591705333634e+01 3.021098136901861153e+01 1.559032630920410156e+01 3.629849624633789062e+01
5.266772031784068986e+01 3.028805541992193184e+01 1.566643238067626953e+01 3.640737915039062500e+01
5.294761371612560197e+01 3.061059570312505684e+01 1.592726325988769531e+01 3.603503417968750000e+01
5.577400350570690080e+01 3.085884475708013497e+01 1.422007083892822266e+01 3.531138610839843750e+01
5.693936872482311173e+01 3.062327766418462716e+01 1.429609394073486328e+01 3.628734207153320312e+01
5.948088359832775041e+01 3.078590965271001778e+01 1.242877006530761719e+01 3.660890579223632812e+01
6.086907958984386369e+01 3.094863319396978341e+01 1.091977310180664062e+01 3.709820175170898438e+01
6.205838966369640275e+01 3.086963081359868966e+01 1.093247985839843750e+01 3.707513046264648438e+01
6.265176439285289689e+01 3.062175178527837716e+01 1.174970531463623047e+01 3.659774398803710938e+01
6.273199033737193986e+01 3.172857666015630684e+01 1.225157642364501953e+01 3.564893341064453125e+01
6.350934267044078751e+01 3.158198928833013497e+01 1.267187786102294922e+01 3.533569335937500000e+01
6.478262138366710587e+01 3.218014526367193184e+01 1.281405639648437500e+01 3.531106567382812500e+01
6.456113529205333634e+01 3.264350700378423653e+01 1.321955299377441406e+01 3.475710678100585938e+01
6.552074670791637345e+01 3.282359504699712716e+01 1.339977169036865234e+01 3.494282150268554688e+01
6.523220396041881486e+01 3.263447761535650216e+01 1.441035175323486328e+01 3.537071609497070312e+01
6.711787319183360978e+01 3.279289436340337716e+01 1.382108116149902344e+01 3.535655593872070312e+01
6.806385898590099259e+01 3.294383621215825997e+01 1.365934181213378906e+01 3.643937683105468750e+01
7.079399681091319962e+01 3.309565162658697091e+01 1.256998443603515625e+01 3.631319808959960938e+01
7.169410085678111955e+01 3.294689178466802559e+01 1.285583591461181641e+01 3.685742950439453125e+01
7.282640695571910783e+01 3.269301033020025216e+01 1.193471431732177734e+01 3.770814895629882812e+01
7.478542995452892228e+01 3.100347328186040841e+01 1.056786155700683594e+01 3.905987167358398438e+01
7.603003597259532853e+01 4.143720626831060372e+01 1.373184776306152344e+01 2.961151885986328125e+01
7.793291950225841447e+01 4.000970363616949044e+01 1.235872077941894531e+01 3.168186378479003906e+01
7.843015146255504533e+01 3.956004333496099434e+01 1.134699916839599609e+01 3.262529754638671875e+01
7.799034786224376603e+01 4.215680980682378731e+01 1.125152397155761719e+01 2.939975929260253906e+01
7.701822185516368791e+01 4.193448066711431466e+01 1.427658653259277344e+01 3.033719253540039062e+01
7.765091848373424455e+01 4.338420200347906075e+01 1.448929691314697266e+01 2.769107627868652344e+01
7.926094198226940080e+01 4.448697566986089669e+01 1.287139225006103516e+01 2.709314918518066406e+01
8.206259632110607072e+01 4.184114170074468575e+01 1.095349311828613281e+01 2.904823112487792969e+01
8.193221426010143205e+01 4.334731292724615059e+01 1.137781620025634766e+01 2.805979919433593750e+01
8.269242095947276994e+01 4.550370121002202950e+01 1.156731033325195312e+01 2.613682365417480469e+01
8.403698253631603166e+01 3.825373077392583809e+01 1.264204216003417969e+01 3.343275833129882812e+01
8.580866384506236955e+01 3.763158988952642403e+01 1.271366977691650391e+01 3.474855804443359375e+01
8.781122207641612931e+01 3.818354701995855294e+01 1.232179641723632812e+01 3.104991722106933594e+01
8.875673341751110001e+01 3.596361923217779122e+01 1.181100749969482422e+01 3.576473617553710938e+01
8.923684024810802384e+01 3.649807167053228341e+01 1.282517433166503906e+01 3.557637786865234375e+01
8.895149660110485001e+01 3.835488700866704903e+01 1.440243053436279297e+01 3.363813781738281250e+01
8.936145448684703751e+01 3.715975952148443184e+01 1.540852642059326172e+01 3.461420822143554688e+01
8.936314105987560197e+01 3.702894401550299364e+01 1.649960517883300781e+01 3.487104797363280539e+01
9.010719394683849259e+01 3.993432044982915841e+01 1.685904884338378906e+01 3.275487518310546875e+01
9.135436916351329728e+01 3.798864746093755684e+01 1.693164634704589844e+01 3.519842910766601562e+01
9.386092948913585587e+01 3.761597061157231536e+01 1.600644683837890625e+01 3.480521011352539773e+01
9.524150371551525041e+01 3.786153984069829903e+01 1.623793601989746094e+01 3.455606842041015625e+01
9.671724224090587541e+01 3.484580993652349434e+01 1.587403678894042969e+01 3.893973159790039062e+01
9.949128055572521134e+01 4.334146499633794747e+01 2.103885841369628906e+01 3.217748641967773438e+01
9.958667469024669572e+01 3.427083969116217332e+01 1.756662178039550781e+01 4.058391189575194602e+01
1.020530061721802895e+02 3.352906036376958099e+01 1.707983589172363281e+01 4.211297988891602273e+01
1.011532754898072426e+02 3.843568611145025216e+01 1.761908149719238281e+01 4.401501464843750000e+01
1.033267011642457192e+02 4.166469764709478341e+01 1.739112663269042969e+01 3.403858184814453125e+01
1.033146581649781410e+02 3.719948577880864349e+01 1.683495140075683594e+01 3.877125930786133523e+01
1.025841255187989418e+02 4.187163734436040130e+01 1.867067337036132812e+01 3.475678253173828836e+01
1.028298463821412270e+02 3.389913558959966622e+01 1.815429115295410156e+01 4.405693435668945312e+01
1.041720361709595863e+02 4.256312370300298653e+01 1.826405525207519531e+01 3.656570434570312500e+01
1.062988061904908363e+02 4.272786903381353341e+01 1.640857124328613281e+01 3.482723999023437500e+01
1.067841300964356606e+02 4.051583671569829903e+01 1.726319503784179688e+01 4.008652496337890625e+01
1.086882658004761879e+02 3.714620590209966622e+01 1.627932548522949219e+01 4.109768295288085938e+01
1.082078690528870766e+02 4.055856132507329903e+01 1.581145381927490234e+01 4.130406188964843750e+01
1.075747032165528481e+02 4.195982742309575286e+01 1.755409622192382812e+01 3.746195602416992898e+01
1.089375133514405434e+02 4.158218002319340911e+01 1.797496795654296875e+01 3.922064590454102273e+01
1.107684125900269692e+02 4.250970840454106536e+01 1.930338859558105469e+01 3.369506454467774148e+01
1.142150597572327797e+02 3.750433540344243255e+01 1.444830989837646484e+01 3.779008483886719461e+01
1.158785567283631508e+02 3.644516754150396309e+01 1.414589786529541016e+01 3.934421920776367188e+01
1.165089440345765297e+02 3.845986175537115059e+01 1.444465541839599609e+01 3.639625930786132812e+01
1.161626982688904945e+02 3.475865745544439278e+01 1.469760990142822266e+01 4.025054168701171875e+01
1.176305422782899086e+02 3.749696350097661224e+01 1.414632129669189453e+01 3.730568313598633523e+01
1.190047483444215004e+02 3.518784523010259591e+01 1.525459861755371094e+01 4.068060302734375000e+01
1.195746421813965981e+02 3.349519920349126778e+01 1.536581802368164062e+01 4.130546569824218750e+01
1.203166780471802895e+02 3.612743949890142403e+01 1.485478401184082031e+01 3.804122161865234375e+01
1.211824064254761879e+02 3.589556121826177559e+01 1.430799674987792969e+01 3.928363418579101562e+01
1.213962402343751137e+02 3.852118682861333809e+01 1.407297134399414062e+01 3.645737075805664062e+01
1.214901013374329750e+02 3.601060676574712716e+01 1.456188488006591797e+01 3.984424591064453125e+01
1.229376869201661293e+02 3.697138404846197091e+01 1.412997055053710938e+01 3.794100952148437500e+01
1.214963579177857582e+02 3.648752212524420457e+01 1.410595893859863281e+01 3.881019973754882102e+01
1.228973288536072914e+02 3.865280151367193184e+01 1.332153415679931641e+01 3.514832687377929688e+01
1.224879240989686195e+02 3.384333992004400216e+01 1.339952182769775391e+01 4.108441925048828125e+01
1.237065973281861488e+02 4.041941070556646309e+01 1.389567756652832031e+01 3.358950424194335938e+01
1.245567860603333656e+02 3.718945884704595528e+01 1.286754131317138672e+01 3.763231658935546875e+01
1.250343999862672035e+02 3.797489929199224434e+01 1.310901451110839844e+01 3.682763290405273438e+01
1.066504578590394203e+02 4.468002891540533028e+01 1.315097713470458984e+01 3.316072845458984375e+01
1.257172818183900063e+02 4.189914894104009591e+01 1.242611980438232422e+01 3.273826599121093750e+01
