2.190000000000000000e+02 8.700000000000000000e+01 3.200000000000000000e+01 1.500000000000000000e+01
2.172775020599365234e+02 8.715127944946289062e+01 3.270230484008789062e+01 1.409252929687500000e+01
2.160013389587402344e+02 8.709079313278198242e+01 3.276029205322265625e+01 1.397043704986572266e+01
2.145290470123291016e+02 8.727727890014648438e+01 3.309639358520507812e+01 1.379799652099609375e+01
2.120988769531250000e+02 8.739655351638793945e+01 3.399158477783203125e+01 1.387094020843505859e+01
2.101925487518310547e+02 8.701751089096069336e+01 3.351893997192382812e+01 1.422781848907470703e+01
2.094139785766601562e+02 8.760857200622558594e+01 3.302335357666015625e+01 1.399256515502929688e+01
2.079435691833496094e+02 8.701876258850097656e+01 3.323471832275390625e+01 1.418040847778320312e+01
2.061740951538085938e+02 8.735119438171386719e+01 3.393419647216796875e+01 1.400668716430664062e+01
2.036551208496093750e+02 8.838594913482666016e+01 3.519464111328125000e+01 1.406883049011230469e+01
2.029415073394775391e+02 8.849012804031372070e+01 3.474454879760742188e+01 1.401937770843505859e+01
2.011747226715087891e+02 8.818031263351440430e+01 3.445467758178710938e+01 1.432912540435791016e+01
2.000976295471191406e+02 8.813638973236083984e+01 3.377495574951171875e+01 1.435987281799316406e+01
1.989828033447265625e+02 8.828601026535034180e+01 3.387633514404296875e+01 1.441847324371337891e+01
1.965996875762939453e+02 8.880826663970947266e+01 3.514226150512695312e+01 1.417571830749511719e+01
1.947196102142333984e+02 8.874541187286376953e+01 3.530512619018554688e+01 1.426105308532714844e+01
1.939609031677246094e+02 8.882432746887207031e+01 3.451257324218750000e+01 1.421390914916992188e+01
1.913544731140136719e+02 8.965351676940917969e+01 3.535633850097656250e+01 1.379665756225585938e+01
1.896171493530273438e+02 8.947224426269531250e+01 3.543867492675781250e+01 1.391446685791015625e+01
1.881366386413574219e+02 8.953635168075561523e+01 3.551411437988281250e+01 1.413349628448486328e+01
1.863599758148193359e+02 8.921793365478515625e+01 3.596323013305664062e+01 1.433023834228515625e+01
1.840660514831542969e+02 8.971935653686523438e+01 3.727538299560546875e+01 1.427230834960937500e+01
1.832521343231201172e+02 9.038628482818603516e+01 3.638114547729492188e+01 1.402239799499511719e+01
1.819751434326171875e+02 8.997455263137817383e+01 3.558206939697265625e+01 1.436132717132568359e+01
1.806096248626708984e+02 8.978751754760742188e+01 3.569231796264648438e+01 1.443576812744140625e+01
1.779860382080078125e+02 8.973385381698608398e+01 3.636712646484375000e+01 1.427933216094970703e+01
1.763836345672607422e+02 9.030001878738403320e+01 3.674023056030273438e+01 1.454484462738037109e+01
1.748809413909912109e+02 9.091809844970703125e+01 3.734556961059570312e+01 1.457400512695312500e+01
1.716154460906982422e+02 9.108861398696899414e+01 3.839183425903320312e+01 1.504717540740966797e+01
1.715453338623046875e+02 9.112312269210815430e+01 3.754823303222656250e+01 1.503543949127197266e+01
1.695300521850585938e+02 9.080911922454833984e+01 3.785025024414062500e+01 1.528503608703613281e+01
1.669871349334716797e+02 9.116070318222045898e+01 3.843640518188476562e+01 1.529967212677001953e+01
1.664665393829345703e+02 9.154104614257812500e+01 3.729578018188476562e+01 1.474697875976562500e+01
1.640165786743164062e+02 9.158483552932739258e+01 3.852910614013671875e+01 1.506113338470458984e+01
1.617728977203369141e+02 9.159403419494628906e+01 3.812218093872070312e+01 1.517197799682617188e+01
1.600884647369384766e+02 9.180091476440429688e+01 3.918728256225585938e+01 1.537256622314453125e+01
1.586902294158935547e+02 9.236703968048095703e+01 3.793703079223632812e+01 1.533912467956542969e+01
1.572898845672607422e+02 9.176588535308837891e+01 3.802961349487304688e+01 1.557175254821777344e+01
1.549802169799804688e+02 9.255231714248657227e+01 3.914572906494140625e+01 1.526308727264404297e+01
1.523923931121826172e+02 9.319882106781005859e+01 3.882635116577148438e+01 1.569860267639160156e+01
1.518867168426513672e+02 9.243541145324707031e+01 3.888438034057617188e+01 1.562494277954101562e+01
1.492983875274658203e+02 9.295792341232299805e+01 3.880007553100585938e+01 1.566674900054931641e+01
1.473784847259521484e+02 9.403438186645507812e+01 3.988724136352539062e+01 1.557521820068359375e+01
1.462144107818603516e+02 9.373985862731933594e+01 3.909991073608398438e+01 1.609993362426757812e+01
1.428340034484863281e+02 9.450043773651123047e+01 4.115785980224609375e+01 1.610161018371582031e+01
1.421008892059326172e+02 9.403386306762695312e+01 3.981944656372070312e+01 1.623261260986328125e+01
1.397398910522460938e+02 9.470974016189575195e+01 4.035495758056640625e+01 1.578053188323974609e+01
1.364900741577148438e+02 9.431776905059814453e+01 4.493193817138671875e+01 1.651529502868652344e+01
1.355924587249755859e+02 9.529780960083007812e+01 4.075226211547851562e+01 1.594113159179687500e+01
1.344233474731445312e+02 9.557301521301269531e+01 4.063965606689453125e+01 1.549872970581054688e+01
1.326681919097900391e+02 9.433719253540039062e+01 4.034431076049804688e+01 1.666609954833984375e+01
1.287383937835693359e+02 9.527568149566650391e+01 4.195093154907226562e+01 1.631368064880371094e+01
1.275508060455322266e+02 9.601988601684570312e+01 4.204067611694335938e+01 1.634912109375000000e+01
1.261421356201171875e+02 9.578540039062500000e+01 4.225998687744140625e+01 1.664869689941406250e+01
1.232808914184570312e+02 9.605809974670410156e+01 4.272444915771484375e+01 1.635571670532226562e+01
1.204221267700195312e+02 9.673777008056640625e+01 4.283251953125000000e+01 1.662857818603515625e+01
1.196863746643066406e+02 9.587987232208251953e+01 4.245761871337890625e+01 1.677965354919433594e+01
1.170419864654541016e+02 9.670551109313964844e+01 4.347113418579101562e+01 1.645562362670898438e+01
1.148163013458251953e+02 9.758209323883056641e+01 4.350784683227539062e+01 1.667970848083496094e+01
1.121559200286865234e+02 9.657437038421630859e+01 4.344786453247070312e+01 1.723727607727050781e+01
1.102212562561035156e+02 9.708137512207031250e+01 4.427391052246093750e+01 1.777657318115234375e+01
1.084415416717529297e+02 9.803733921051025391e+01 4.418043899536132812e+01 1.738452720642089844e+01
1.059822978973388672e+02 9.808587074279785156e+01 4.542748641967773438e+01 1.690192031860351562e+01
1.042369670867919922e+02 9.783187580108642578e+01 4.529262161254882812e+01 1.739515495300292969e+01
1.023770961761474609e+02 9.813951492309570312e+01 4.470181655883789062e+01 1.751102447509765625e+01
9.958461189270019531e+01 9.854361820220947266e+01 4.463238143920898438e+01 1.690449333190917969e+01
9.737021636962890625e+01 9.869641494750976562e+01 4.490447998046875000e+01 1.678485870361328125e+01
9.478707122802734375e+01 9.910177421569824219e+01 4.507138824462890625e+01 1.738782882690429688e+01
9.383263778686523438e+01 9.906842231750488281e+01 4.482974243164062500e+01 1.678279495239257812e+01
9.046890258789062500e+01 1.001907777786254883e+02 4.629325103759765625e+01 1.735480308532714844e+01
8.835244560241699219e+01 9.947473335266113281e+01 4.530479049682617188e+01 1.767482376098632812e+01
8.696214675903320312e+01 1.006841363906860352e+02 4.458711242675781250e+01 1.729623985290527344e+01
8.382447624206542969e+01 1.006940269470214844e+02 4.699487686157226562e+01 1.754450988769531250e+01
8.124106979370117188e+01 1.007425222396850586e+02 4.599642181396484375e+01 1.739939308166503906e+01
7.951286125183105469e+01 1.012769641876220703e+02 4.704788589477539062e+01 1.717985153198242188e+01
7.655075645446777344e+01 1.008691463470458984e+02 4.664754867553710938e+01 1.724476242065429688e+01
7.443720054626464844e+01 1.020195569992065430e+02 4.702001571655273438e+01 1.691585731506347656e+01
7.301087760925292969e+01 1.014598894119262695e+02 4.694729995727539062e+01 1.727978324890136719e+01
6.991757774353027344e+01 1.020509834289550781e+02 4.796773147583007812e+01 1.744323730468750000e+01
6.729190635681152344e+01 1.019050912857055664e+02 4.732133102416992188e+01 1.738780021667480469e+01
6.560307121276855469e+01 1.024950542449951172e+02 4.766466140747070312e+01 1.720990371704101562e+01
6.219596862792968750e+01 1.017181053161621094e+02 4.858947753906250000e+01 1.809298706054687500e+01
6.001135253906250000e+01 1.032354106903076172e+02 4.860225677490234375e+01 1.754049301147460938e+01
5.693526649475097656e+01 1.024066095352172852e+02 4.873263931274414062e+01 1.763986778259277344e+01
5.483240890502929688e+01 1.035630979537963867e+02 4.933399200439453125e+01 1.802439308166503906e+01
5.343118095397949219e+01 1.030242376327514648e+02 4.867416763305664062e+01 1.784627723693847656e+01
4.995862007141113281e+01 1.038753833770751953e+02 4.899495315551757812e+01 1.861547470092773438e+01
4.748379707336425781e+01 1.036359081268310547e+02 4.914722824096679688e+01 1.870899581909179688e+01
4.506144332885742188e+01 1.048236074447631836e+02 4.938870239257812500e+01 1.792025947570800781e+01
4.201942062377929688e+01 1.051149930953979492e+02 5.032806396484375000e+01 1.835946083068847656e+01
3.979984664916992188e+01 1.055189018249511719e+02 5.034175872802734375e+01 1.784553527832031250e+01
3.804865837097167969e+01 1.060378541946411133e+02 4.921663284301757812e+01 1.805679893493652344e+01
3.447242355346679688e+01 1.058178253173828125e+02 5.154066467285156250e+01 1.844649505615234375e+01
3.231815910339355469e+01 1.060609598159790039e+02 5.086180496215820312e+01 1.811030387878417969e+01
2.943346405029296875e+01 1.064985055923461914e+02 5.055158233642578125e+01 1.831311607360839844e+01
2.640569114685058594e+01 1.062110137939453125e+02 5.194016647338867188e+01 1.888154602050781250e+01
2.426406478881835938e+01 1.062076053619384766e+02 5.225017547607421875e+01 1.900104141235351562e+01
2.097982788085937500e+01 1.071603059768676758e+02 5.214649963378906250e+01 1.908393669128417969e+01
1.740226173400878906e+01 1.073521547317504883e+02 5.271304702758789062e+01 1.930718803405761719e+01
1.562247085571289062e+01 1.071265497207641602e+02 5.235958862304687500e+01 1.945786857604980469e+01
1.284327125549316406e+01 1.074935388565063477e+02 5.253339004516601562e+01 1.959734916687011719e+01
