8.900000000000000000e+01 8.300000000000000000e+01 2.200000000000000000e+01 1.500000000000000000e+01
8.912091922760009766e+01 8.291686248779296875e+01 2.288992118835449219e+01 1.464672851562500000e+01
8.939499759674072266e+01 8.310698223114013672e+01 2.284705924987792969e+01 1.470774269104003906e+01
8.978703689575195312e+01 8.345534181594848633e+01 2.335649871826171875e+01 1.449876308441162109e+01
9.060806369781494141e+01 8.284184789657592773e+01 2.352931785583496094e+01 1.450971698760986328e+01
9.002368927001953125e+01 8.325043392181396484e+01 2.421763610839843750e+01 1.443108558654785156e+01
8.967225360870361328e+01 8.296919250488281250e+01 2.458831596374511719e+01 1.463854217529296875e+01
9.187505340576171875e+01 8.320649003982543945e+01 2.312548065185546875e+01 1.501848506927490234e+01
9.128848075866699219e+01 8.326248407363891602e+01 2.404450607299804688e+01 1.491456890106201172e+01
9.456662082672119141e+01 8.272828912734985352e+01 2.039880180358886719e+01 1.496779918670654297e+01
9.304943656921386719e+01 8.326763105392456055e+01 2.199243545532226562e+01 1.540179538726806641e+01
9.583707237243652344e+01 8.319447755813598633e+01 1.991042709350585938e+01 1.507335567474365234e+01
9.399466800689697266e+01 8.286782073974609375e+01 2.169036674499511719e+01 1.524555206298828125e+01
9.464464855194091797e+01 8.344788980484008789e+01 2.201655006408691406e+01 1.501990032196044922e+01
9.453836154937744141e+01 8.393834972381591797e+01 2.349565696716308594e+01 1.532903480529785156e+01
9.675917339324951172e+01 8.300853490829467773e+01 2.157484626770019531e+01 1.529087543487548828e+01
9.844630146026611328e+01 8.358420610427856445e+01 2.092917442321777344e+01 1.576305294036865234e+01
9.696367168426513672e+01 8.380498552322387695e+01 2.291637611389160156e+01 1.481502437591552734e+01
9.807703685760498047e+01 8.441783809661865234e+01 2.257867622375488281e+01 1.463305091857910156e+01
9.710655593872070312e+01 8.428166770935058594e+01 2.270323181152343750e+01 1.486343765258789062e+01
9.981269073486328125e+01 8.385689210891723633e+01 2.193875885009765625e+01 1.502412319183349609e+01
9.876878356933593750e+01 8.377310371398925781e+01 2.486120605468750000e+01 1.593327713012695312e+01
9.850542545318603516e+01 8.386248731613159180e+01 2.547529411315917969e+01 1.524462223052978516e+01
9.857392024993896484e+01 8.351204872131347656e+01 2.560655403137207031e+01 1.631089401245117188e+01
1.004667215347290039e+02 8.356449890136718750e+01 2.505225181579589844e+01 1.588593292236328125e+01
9.977707767486572266e+01 8.319384574890136719e+01 2.574358177185058594e+01 1.615109634399414062e+01
1.008479242324829102e+02 8.366907024383544922e+01 2.569695091247558594e+01 1.696256446838378906e+01
9.998451995849609375e+01 8.381733417510986328e+01 2.631988525390625000e+01 1.621652793884277344e+01
1.007785434722900391e+02 8.404388999938964844e+01 2.727991867065429688e+01 1.683729171752929688e+01
1.029016408920288086e+02 8.418007946014404297e+01 2.673346138000488281e+01 1.688104438781738281e+01
1.017504940032958984e+02 8.351613712310791016e+01 2.688038253784179688e+01 1.710221672058105469e+01
1.049014024734497070e+02 8.421791934967041016e+01 2.610271263122558594e+01 1.687634086608886719e+01
1.051170024871826172e+02 8.361202621459960938e+01 2.714410781860351562e+01 1.705587005615234375e+01
1.061115398406982422e+02 8.382513332366943359e+01 2.712495040893554688e+01 1.684076118469238281e+01
1.057211780548095703e+02 8.462068271636962891e+01 2.696057510375976562e+01 1.665189933776855469e+01
1.066456804275512695e+02 8.447744655609130859e+01 2.816211509704589844e+01 1.742221260070800781e+01
1.078346595764160156e+02 8.422164440155029297e+01 2.808754730224609375e+01 1.696850776672363281e+01
1.077134494781494141e+02 8.421485519409179688e+01 2.825713729858398438e+01 1.689426422119140625e+01
1.090413799285888672e+02 8.404547405242919922e+01 2.807780075073242188e+01 1.744338417053222656e+01
1.084516448974609375e+02 8.525432395935058594e+01 2.816829681396484375e+01 1.666612625122070312e+01
1.112059650421142578e+02 8.500879955291748047e+01 2.756360244750976562e+01 1.668805885314941406e+01
1.134855165481567383e+02 8.536828613281250000e+01 2.669822502136230469e+01 1.677986145019531250e+01
1.134122705459594727e+02 8.467737388610839844e+01 2.699991416931152344e+01 1.739158248901367188e+01
1.154940328598022461e+02 8.454642963409423828e+01 2.632354927062988281e+01 1.687717247009277344e+01
1.160807952880859375e+02 8.528582572937011719e+01 2.513020324707031250e+01 1.705566024780273438e+01
1.185751581192016602e+02 8.517844390869140625e+01 2.499849510192871094e+01 1.718932342529296875e+01
1.186406021118164062e+02 8.518148326873779297e+01 2.489202880859375000e+01 1.706563758850097656e+01
1.179930210113525391e+02 8.505991268157958984e+01 2.616046524047851562e+01 1.722421455383300781e+01
1.183484296798706055e+02 8.491922473907470703e+01 2.811071968078613281e+01 1.789463615417480469e+01
1.221574382781982422e+02 8.486125183105468750e+01 2.576228713989257812e+01 1.744702911376953125e+01
1.215877704620361328e+02 8.495633602142333984e+01 2.638039779663085938e+01 1.790503883361816406e+01
1.226562271118164062e+02 8.543888664245605469e+01 2.788454437255859375e+01 1.787820053100585938e+01
1.216804676055908203e+02 8.540026664733886719e+01 2.812355422973632812e+01 1.777582168579101562e+01
1.234046154022216797e+02 8.543633842468261719e+01 2.861353683471679688e+01 1.810416030883789062e+01
1.237530431747436523e+02 8.546600532531738281e+01 2.896327400207519531e+01 1.820465469360351562e+01
1.251280422210693359e+02 8.443704414367675781e+01 2.982542800903320312e+01 1.859000778198242188e+01
1.260196943283081055e+02 8.538304328918457031e+01 2.902853584289550781e+01 1.819331741333007812e+01
1.269642534255981445e+02 8.539661884307861328e+01 2.915563011169433594e+01 1.875985527038574219e+01
1.267644348144531250e+02 8.490233516693115234e+01 3.010093688964843750e+01 1.868768501281738281e+01
1.279637794494628906e+02 8.487821674346923828e+01 3.196906280517578125e+01 1.891860771179199219e+01
1.301034088134765625e+02 8.501380920410156250e+01 3.176409912109375000e+01 1.912317657470703125e+01
1.311172065734863281e+02 8.523190021514892578e+01 3.204888153076171875e+01 1.921481132507324219e+01
1.308455657958984375e+02 8.496619129180908203e+01 3.258967590332031250e+01 1.920111656188964844e+01
1.336152524948120117e+02 8.544132518768310547e+01 3.078874397277832031e+01 1.922380256652832031e+01
1.351496763229370117e+02 8.548083019256591797e+01 3.110759925842285156e+01 1.955308723449707031e+01
1.357479858398437500e+02 8.532608985900878906e+01 3.235527038574218750e+01 1.925182723999023438e+01
1.351099796295166016e+02 8.552126121520996094e+01 3.401756668090820312e+01 1.921310806274414062e+01
1.369970149993896484e+02 8.518830776214599609e+01 3.294751358032226562e+01 1.957789802551269531e+01
1.387957592010498047e+02 8.624021911621093750e+01 3.347941207885742188e+01 1.887394714355468750e+01
1.361819496154785156e+02 8.582305717468261719e+01 3.557006072998046875e+01 1.948173904418945312e+01
1.379030094146728516e+02 8.568030548095703125e+01 3.432786178588867188e+01 1.943205261230468750e+01
1.394404258728027344e+02 8.654122734069824219e+01 3.553862762451171875e+01 1.947915267944335938e+01
1.397527103424072266e+02 8.639250564575195312e+01 3.640178298950195312e+01 1.972290039062500000e+01
1.408171730041503906e+02 8.607728862762451172e+01 3.678939056396484375e+01 2.014930152893066406e+01
1.418861160278320312e+02 8.562254238128662109e+01 3.717058563232421875e+01 2.030144691467285156e+01
1.432792053222656250e+02 8.563095283508300781e+01 3.715730285644531250e+01 2.048235702514648438e+01
1.469501552581787109e+02 8.650579929351806641e+01 3.825078964233398438e+01 2.067046928405761719e+01
1.450602531433105469e+02 8.605148220062255859e+01 3.504438018798828125e+01 2.067259407043457031e+01
1.457465000152587891e+02 8.624997806549072266e+01 3.722612380981445312e+01 2.074936485290527344e+01
1.514260616302490234e+02 8.543167400360107422e+01 3.639953994750976562e+01 2.113418006896972656e+01
1.516572666168212891e+02 8.629491806030273438e+01 3.613679122924804688e+01 2.138792419433593750e+01
1.503831748962402344e+02 8.577423095703125000e+01 3.901430511474609375e+01 2.151364135742187500e+01
1.511230888366699219e+02 8.546496582031250000e+01 4.209518432617187500e+01 2.209934234619140625e+01
1.543169403076171875e+02 8.598827648162841797e+01 3.866785430908203125e+01 2.166985511779785156e+01
1.538605613708496094e+02 8.577914524078369141e+01 3.944789123535156250e+01 2.177635765075683594e+01
1.570375499725341797e+02 8.569065189361572266e+01 3.825023269653320312e+01 2.136909294128417969e+01
1.597130851745605469e+02 8.603204154968261719e+01 4.271492004394531250e+01 2.171803665161132812e+01
1.604106464385986328e+02 8.601922130584716797e+01 4.550840377807617188e+01 2.247352027893066406e+01
1.612897148132324219e+02 8.645040416717529297e+01 4.673040008544921875e+01 2.309833717346191406e+01
1.623843822479248047e+02 8.593078994750976562e+01 4.687855911254882812e+01 2.341506195068359375e+01
1.631629734039306641e+02 8.615062427520751953e+01 4.778910446166992188e+01 2.379347801208496094e+01
1.644505233764648438e+02 8.534463500976562500e+01 4.844830322265625000e+01 2.388490295410156250e+01
1.666367835998535156e+02 8.551872539520263672e+01 4.855176544189453125e+01 2.407225990295410156e+01
1.683192386627197266e+02 8.596050071716308594e+01 4.854487228393554688e+01 2.431732559204101562e+01
1.688103218078613281e+02 8.576922798156738281e+01 4.743755340576171875e+01 2.500106430053710938e+01
1.698288326263427734e+02 8.578399372100830078e+01 4.739163589477539062e+01 2.491211509704589844e+01
1.719319782257080078e+02 8.581120109558105469e+01 4.864902877807617188e+01 2.528488540649414062e+01
1.744084110260009766e+02 8.533441543579101562e+01 4.766119003295898438e+01 2.521961212158203125e+01
1.758483791351318359e+02 8.629410457611083984e+01 4.818613052368164062e+01 2.495991706848144531e+01
1.769942455291748047e+02 8.603612136840820312e+01 5.023500442504882812e+01 2.486006927490234375e+01
1.794801578521728516e+02 8.620142078399658203e+01 5.067553329467773438e+01 2.576123619079589844e+01
1.814620170593261719e+02 8.575285434722900391e+01 5.039322662353515625e+01 2.521595573425292969e+01
1.833479022979736328e+02 8.597931003570556641e+01 5.143876266479492188e+01 2.571041679382324219e+01
1.849280357360839844e+02 8.575496196746826172e+01 5.135619354248046875e+01 2.560239601135253906e+01
1.835784797668457031e+02 8.560189628601074219e+01 5.411916351318359375e+01 2.537048721313476562e+01
1.847851963043212891e+02 8.588320732116699219e+01 5.627357101440429688e+01 2.553010940551757812e+01
1.859711837768554688e+02 8.607093811035156250e+01 5.612474060058593750e+01 2.519154357910156250e+01
2.037665805816650391e+02 8.753476238250732422e+01 4.313822555541992188e+01 2.438762855529785156e+01
1.917097053527832031e+02 8.623085689544677734e+01 5.630400848388671875e+01 2.565620613098144531e+01
2.001116142272949219e+02 8.683857440948486328e+01 5.163927459716796875e+01 2.545218467712402344e+01
1.966754875183105469e+02 8.655213832855224609e+01 5.562149810791015625e+01 2.592111396789550781e+01
1.935482940673828125e+02 8.613951110839843750e+01 6.379017639160156250e+01 2.655044555664062500e+01
1.998339633941650391e+02 8.662629032135009766e+01 5.861709213256835938e+01 2.666299247741699219e+01
1.907114753723144531e+02 8.756741619110107422e+01 6.992797088623046875e+01 2.615571022033691406e+01
2.115317821502685547e+02 8.699473094940185547e+01 5.124394607543945312e+01 2.630550575256347656e+01
2.060339851379394531e+02 8.687506198883056641e+01 5.937425994873046875e+01 2.672939872741699219e+01
2.062188453674316406e+02 8.753399658203125000e+01 6.213318634033203125e+01 2.638220214843750000e+01
2.104530353546142578e+02 8.704190540313720703e+01 6.063196945190429688e+01 2.698608970642089844e+01
2.114682979583740234e+02 8.683079433441162109e+01 6.268376541137695312e+01 2.714517402648925781e+01
2.146909809112548828e+02 8.717820072174072266e+01 6.223882675170898438e+01 2.724105644226074219e+01
2.171474819183349609e+02 8.731899833679199219e+01 6.296344375610351562e+01 2.792552566528320312e+01
2.178753318786621094e+02 8.730422782897949219e+01 6.483098602294921875e+01 2.803778457641601562e+01
2.211718444824218750e+02 8.704020309448242188e+01 6.472073364257812500e+01 2.920293426513671875e+01
2.238201141357421875e+02 8.685541152954101562e+01 6.637315368652343750e+01 2.991674041748046875e+01
2.253276596069335938e+02 8.748550128936767578e+01 6.810800170898437500e+01 2.991329002380371094e+01
2.286928329467773438e+02 8.726980495452880859e+01 6.875422668457031250e+01 3.036561775207519531e+01
2.306458740234375000e+02 8.740572071075439453e+01 7.069685363769531250e+01 3.067841148376464844e+01
2.340409431457519531e+02 8.763951587677001953e+01 7.183408355712890625e+01 3.100859642028808594e+01
2.375668716430664062e+02 8.702444744110107422e+01 7.184219360351562500e+01 3.085964393615722656e+01
2.396370811462402344e+02 8.745496177673339844e+01 7.288771820068359375e+01 3.082437515258789062e+01
2.425434646606445312e+02 8.726610374450683594e+01 7.361303710937500000e+01 3.135092544555664062e+01
