3.000000000000000000e+00 1.690000000000000000e+02 1.880000000000000000e+02 8.400000000000000000e+01
1.631332397460934658e+01 1.678669013977050497e+02 1.790676879882812500e+02 8.327962493896484375e+01
3.089826965332031250e+01 1.690555572509765625e+02 1.718985900878906250e+02 8.211459350585937500e+01
4.618264770507812500e+01 1.694636802673339844e+02 1.636640930175781250e+02 8.097016143798828125e+01
5.789403533935546875e+01 1.704033775329589844e+02 1.570862274169921875e+02 7.924805450439453125e+01
6.987725067138671875e+01 1.700610885620117188e+02 1.517603912353515625e+02 7.762776184082031250e+01
8.462893676757812500e+01 1.710369720458984375e+02 1.428880920410156250e+02 7.558114624023437500e+01
9.369190216064453125e+01 1.716619415283203125e+02 1.381067962646484375e+02 7.135906982421875000e+01
1.018213958740234375e+02 1.718624496459960938e+02 1.338855285644531250e+02 6.994554138183593750e+01
1.104456787109375000e+02 1.714905967712402344e+02 1.298489685058593750e+02 6.875894927978515625e+01
1.195764045715332031e+02 1.715070114135742188e+02 1.244221420288085938e+02 6.713212585449218750e+01
1.297666702270507812e+02 1.721523628234863281e+02 1.189922332763671875e+02 6.511202239990234375e+01
1.369748992919921875e+02 1.729367771148681641e+02 1.158464965820312500e+02 6.103266525268554688e+01
1.440504226684570312e+02 1.735240650177001953e+02 1.129091339111328125e+02 5.937893295288085938e+01
1.500028953552246094e+02 1.735639858245849609e+02 1.094044570922851562e+02 5.935515213012695312e+01
1.577150764465332031e+02 1.737362651824951172e+02 1.058524093627929688e+02 5.729227066040039062e+01
1.620186004638671875e+02 1.743372783660888672e+02 1.042301635742187500e+02 5.710605239868164062e+01
1.700886459350585938e+02 1.747199497222900391e+02 1.005307159423828125e+02 5.538026046752929688e+01
1.756883735656738281e+02 1.741448955535888672e+02 9.770671844482421875e+01 5.455182266235351562e+01
1.809415397644042969e+02 1.747427845001220703e+02 9.532712554931640625e+01 5.403506088256835938e+01
1.884957160949707031e+02 1.746627464294433594e+02 9.061641693115234375e+01 5.295459747314453125e+01
1.923950157165527344e+02 1.758518238067626953e+02 8.967804718017578125e+01 5.161532211303710938e+01
1.969901847839355469e+02 1.757838191986083984e+02 8.792447662353515625e+01 4.988100051879882812e+01
2.024755210876464844e+02 1.758706302642822266e+02 8.537317657470703125e+01 4.910212326049804688e+01
2.073517494201660156e+02 1.756571865081787109e+02 8.233348846435546875e+01 4.895372390747070312e+01
2.109422302246093750e+02 1.763599567413330078e+02 8.109912109375000000e+01 4.737685775756835938e+01
2.161118125915527344e+02 1.755173072814941406e+02 7.970270538330078125e+01 4.801952362060546875e+01
2.193367767333984375e+02 1.752831287384033203e+02 7.796020507812500000e+01 4.644732284545898438e+01
2.239970054626464844e+02 1.759263477325439453e+02 7.550580596923828125e+01 4.548659896850585938e+01
2.287759323120117188e+02 1.758533191680908203e+02 7.293864440917968750e+01 4.516018295288085938e+01
2.311156349182128906e+02 1.762442283630371094e+02 7.240531158447265625e+01 4.514633941650390625e+01
2.346035690307617188e+02 1.764570846557617188e+02 7.027145385742187500e+01 4.351945495605468750e+01
2.377705879211425781e+02 1.768071117401123047e+02 6.869641876220703125e+01 4.313557815551757812e+01
2.416165466308593750e+02 1.770763397216796875e+02 6.695448303222656250e+01 4.194721984863281250e+01
2.455295524597167969e+02 1.765100860595703125e+02 6.474518585205078125e+01 4.129504394531250000e+01
2.487484817504882812e+02 1.762193164825439453e+02 6.364311218261718750e+01 4.074302291870117188e+01
2.496876716613769531e+02 1.768034973144531250e+02 6.364731597900390625e+01 3.966598510742187500e+01
2.541530570983886719e+02 1.769025897979736328e+02 6.128752899169921875e+01 3.928586959838867188e+01
2.558920097351074219e+02 1.769933967590332031e+02 6.147217559814453125e+01 3.917827606201171875e+01
2.598981723785400391e+02 1.775424213409423828e+02 5.881446456909179688e+01 3.731269454956054688e+01
2.620696392059326172e+02 1.774936695098876953e+02 5.836453628540039062e+01 3.706585311889648438e+01
2.647817382812500000e+02 1.774363346099853516e+02 5.700317382812500000e+01 3.673070907592773438e+01
2.677190895080566406e+02 1.776924552917480469e+02 5.564566802978515625e+01 3.498461151123046875e+01
2.694385814666748047e+02 1.773411731719970703e+02 5.510277175903320312e+01 3.472048568725585938e+01
2.715653419494628906e+02 1.782169647216796875e+02 5.479651641845703125e+01 3.456761169433593750e+01
2.737716693878173828e+02 1.777957992553710938e+02 5.346708297729492188e+01 3.428399658203125000e+01
2.753857421875000000e+02 1.782339820861816406e+02 5.251896667480468750e+01 3.319588470458984375e+01
2.778692455291748047e+02 1.779006977081298828e+02 5.133313369750976562e+01 3.387845993041992188e+01
2.798869018554687500e+02 1.785335617065429688e+02 5.094320678710937500e+01 3.336158752441406250e+01
2.818899669647216797e+02 1.782364044189453125e+02 4.978432083129882812e+01 3.237292480468750000e+01
2.841045932769775391e+02 1.781487197875976562e+02 4.977045822143554688e+01 3.241740417480468750e+01
2.857170867919921875e+02 1.783901910781860352e+02 5.002520751953125000e+01 3.185615348815917969e+01
2.850275764465332031e+02 1.789468612670898438e+02 4.981783294677734375e+01 3.121092224121093750e+01
2.892363243103027344e+02 1.785493040084838867e+02 4.729405975341796875e+01 3.008164405822753906e+01
2.900645523071289062e+02 1.791238584518432617e+02 4.760751342773437500e+01 2.994452857971191406e+01
2.918976802825927734e+02 1.792815227508544922e+02 4.610687637329101562e+01 2.920917129516601562e+01
2.941499118804931641e+02 1.794714775085449219e+02 4.535680770874023438e+01 2.940631866455078125e+01
2.958514404296875000e+02 1.792970142364501953e+02 4.419355773925781250e+01 2.747146224975585938e+01
2.973261337280273438e+02 1.793006324768066406e+02 4.360061645507812500e+01 2.879480743408203125e+01
2.986523475646972656e+02 1.790151643753051758e+02 4.391353607177734375e+01 2.790245628356933594e+01
2.998136234283447266e+02 1.794123973846435547e+02 4.293664169311523438e+01 2.878850173950195312e+01
3.012259864807128906e+02 1.795337228775024414e+02 4.216097259521484375e+01 2.819195365905761719e+01
3.031916732788085938e+02 1.790817937850952148e+02 4.133935546875000000e+01 2.723964118957519531e+01
3.052101001739501953e+02 1.792818546295166016e+02 4.073971176147460938e+01 2.793531417846679688e+01
3.052658214569091797e+02 1.794227380752563477e+02 4.124568557739257812e+01 2.675987052917480469e+01
3.076724796295166016e+02 1.801181011199951172e+02 3.961362838745117188e+01 2.657493972778320312e+01
3.093793659210205078e+02 1.802726268768310547e+02 3.899094772338867188e+01 2.669394302368164062e+01
3.100369739532470703e+02 1.793745460510253906e+02 3.876072311401367188e+01 2.634854125976562500e+01
3.120546455383300781e+02 1.791307573318481445e+02 3.802144622802734375e+01 2.655127525329589844e+01
3.122030906677246094e+02 1.800323448181152344e+02 3.823827362060546875e+01 2.620446014404296875e+01
3.132572097778320312e+02 1.795500211715698242e+02 3.779583740234375000e+01 2.523269081115722656e+01
3.155990486145019531e+02 1.800485048294067383e+02 3.615833282470703125e+01 2.501485252380371094e+01
3.170801105499267578e+02 1.799607257843017578e+02 3.612771224975585938e+01 2.470147323608398438e+01
3.176574859619140625e+02 1.803045206069946289e+02 3.610036468505859375e+01 2.436514854431152344e+01
3.191854381561279297e+02 1.801650104522705078e+02 3.527630996704101562e+01 2.395989608764648438e+01
3.199278278350830078e+02 1.799958219528198242e+02 3.520965957641601562e+01 2.325660133361816406e+01
3.207857990264892578e+02 1.803297815322875977e+02 3.478467941284179688e+01 2.269762229919433594e+01
3.215643939971923828e+02 1.806821279525756836e+02 3.420325088500976562e+01 2.216966438293457031e+01
3.241494579315185547e+02 1.808023204803466797e+02 3.304579544067382812e+01 2.178329849243164062e+01
3.240936470031738281e+02 1.801891717910766602e+02 3.274441528320312500e+01 2.113371086120605469e+01
3.265647068023681641e+02 1.801512022018432617e+02 3.186481857299804688e+01 2.152065467834472656e+01
3.260818881988525391e+02 1.808567943572998047e+02 3.211221694946289062e+01 2.136423873901367188e+01
3.270185356140136719e+02 1.804713468551635742e+02 3.199057769775390625e+01 2.121863746643066406e+01
3.273631572723388672e+02 1.801641559600830078e+02 3.236749649047851562e+01 2.099258804321289062e+01
3.293686103820800781e+02 1.807099123001098633e+02 3.113156890869140625e+01 2.040207481384277344e+01
3.304658708572387695e+02 1.808144836425781250e+02 3.117082786560058594e+01 2.093474578857421875e+01
3.299817447662353516e+02 1.803248653411865234e+02 3.173882675170898438e+01 2.114956283569335938e+01
3.322322101593017578e+02 1.806632347106933594e+02 3.009976577758789062e+01 2.038800048828125000e+01
3.336908178329467773e+02 1.804320135116577148e+02 2.998679542541503906e+01 2.018748664855957031e+01
3.337461719512939453e+02 1.805425186157226562e+02 2.977363204956054688e+01 1.980852508544921875e+01
3.337822074890136719e+02 1.810541763305664062e+02 2.970092773437500000e+01 1.980905151367187500e+01
3.350462102890014648e+02 1.807711620330810547e+02 2.894017982482910156e+01 1.968599319458007812e+01
3.352445201873779297e+02 1.804734697341918945e+02 2.969138717651367188e+01 1.963638114929199219e+01
3.364017829895019531e+02 1.809284648895263672e+02 2.861158752441406250e+01 1.873157119750976562e+01
3.381069927215576172e+02 1.807201108932495117e+02 2.788685226440429688e+01 1.904625892639160156e+01
3.373768444061279297e+02 1.807485303878784180e+02 2.882839584350585938e+01 1.881568336486816406e+01
3.393512973785400391e+02 1.812701921463012695e+02 2.736875534057617188e+01 1.890848350524902344e+01
3.395068073272705078e+02 1.815318317413330078e+02 2.739643478393554688e+01 1.835765457153320312e+01
3.412128038406372070e+02 1.808611412048339844e+02 2.704070091247558594e+01 1.853157043457031250e+01
3.408908939361572266e+02 1.813286571502685547e+02 2.690231704711914062e+01 1.785154342651367188e+01
3.428305225372314453e+02 1.815264692306518555e+02 2.638838577270507812e+01 1.844123268127441406e+01
3.420458049774169922e+02 1.815811653137207031e+02 2.667838668823242188e+01 1.796502685546875000e+01
3.446049842834472656e+02 1.808624248504638672e+02 2.556890106201171875e+01 1.820137405395507812e+01
3.437368574142456055e+02 1.816062784194946289e+02 2.622824287414550781e+01 1.784175682067871094e+01
3.460669002532958984e+02 1.811597433090209961e+02 2.453417587280273438e+01 1.788807868957519531e+01
3.464915008544921875e+02 1.815139751434326172e+02 2.453296661376953125e+01 1.690861892700195312e+01
3.460467834472656250e+02 1.813892173767089844e+02 2.469958496093750000e+01 1.707474517822265625e+01
3.476299600601196289e+02 1.816612634658813477e+02 2.425497245788574219e+01 1.661399650573730469e+01
3.480036573410034180e+02 1.817098207473754883e+02 2.490629768371582031e+01 1.690467643737792969e+01
3.482138557434082031e+02 1.812712202072143555e+02 2.458642578125000000e+01 1.634233283996582031e+01
3.495754823684692383e+02 1.811713542938232422e+02 2.386165428161621094e+01 1.675293350219726562e+01
3.486221809387207031e+02 1.808557262420654297e+02 2.476695251464843750e+01 1.654515457153320312e+01
3.500010643005371094e+02 1.809731912612915039e+02 2.408935546875000000e+01 1.642279624938964844e+01
3.509773130416870117e+02 1.814296913146972656e+02 2.390205574035644531e+01 1.665231323242187500e+01
3.510757970809936523e+02 1.810881280899047852e+02 2.430528450012207031e+01 1.628146934509277344e+01
3.523448400497436523e+02 1.815350513458251953e+02 2.330643653869628906e+01 1.607548904418945312e+01
3.526142768859863281e+02 1.810754470825195312e+02 2.374688720703125000e+01 1.645789337158203125e+01
3.536332302093505859e+02 1.818268303871154785e+02 2.337878036499023438e+01 1.599494457244873047e+01
3.538123283386230469e+02 1.814579319953918457e+02 2.415352630615234375e+01 1.525430202484130859e+01
3.540092563629150391e+02 1.814037117958068848e+02 2.361663436889648438e+01 1.497178173065185547e+01
3.544456720352172852e+02 1.815471425056457520e+02 2.323419761657714844e+01 1.533231258392333984e+01
3.550813827514648438e+02 1.819430713653564453e+02 2.276231384277343750e+01 1.515850448608398438e+01
3.560517101287841797e+02 1.816288461685180664e+02 2.226981735229492188e+01 1.527490806579589844e+01
3.566790790557861328e+02 1.818386135101318359e+02 2.194295883178710938e+01 1.522891616821289062e+01
3.561111459732055664e+02 1.817678813934326172e+02 2.226246452331542969e+01 1.495271682739257812e+01
3.575116186141967773e+02 1.812418627738952637e+02 2.148893928527832031e+01 1.476657199859619141e+01
3.582927675247192383e+02 1.813161334991455078e+02 2.120855522155761719e+01 1.496636581420898438e+01
3.580381889343261719e+02 1.815250983238220215e+02 2.188082885742187500e+01 1.469894886016845703e+01
3.594401741027832031e+02 1.817576684951782227e+02 2.083409881591796875e+01 1.440788841247558594e+01
3.597585382461547852e+02 1.820313458442687988e+02 2.060261344909667969e+01 1.413450527191162109e+01
3.601279611587524414e+02 1.817245278358459473e+02 2.088571739196777344e+01 1.457569408416748047e+01
3.602818040847778320e+02 1.821513557434082031e+02 2.074057579040527344e+01 1.439540100097656250e+01
3.612191381454467773e+02 1.824267063140869141e+02 2.067727851867675781e+01 1.420077133178710938e+01
3.622759685516357422e+02 1.822637600898742676e+02 2.079450607299804688e+01 1.447478389739990234e+01
3.619639701843261719e+02 1.817206764221191406e+02 2.082095336914062500e+01 1.446051025390625000e+01
3.634132614135742188e+02 1.821027998924255371e+02 2.038081359863281250e+01 1.411737537384033203e+01
3.626298704147338867e+02 1.825456900596618652e+02 2.065700721740722656e+01 1.342876911163330078e+01
3.649142704010009766e+02 1.818236026763916016e+02 1.976961135864257812e+01 1.388116836547851562e+01
3.643139276504516602e+02 1.823313698768615723e+02 2.025967979431152344e+01 1.364212322235107422e+01
3.651251888275146484e+02 1.818085474967956543e+02 1.982375717163085938e+01 1.394893741607666016e+01
3.644807157516479492e+02 1.824793934822082520e+02 1.957425880432128906e+01 1.351055812835693359e+01
3.661757345199584961e+02 1.824353680610656738e+02 1.882050514221191406e+01 1.363290309906005859e+01
3.667153215408325195e+02 1.819186553955078125e+02 1.922654533386230469e+01 1.377770233154296875e+01
3.672337455749511719e+02 1.823324680328369141e+02 1.920326995849609375e+01 1.343427658081054688e+01
3.673201265335083008e+02 1.823164863586425781e+02 1.941541099548339844e+01 1.315847778320312500e+01
3.667060794830322266e+02 1.822667703628540039e+02 2.014831924438476562e+01 1.371508598327636719e+01
3.683841104507446289e+02 1.823133478164672852e+02 1.900141716003417969e+01 1.342344474792480469e+01
3.677455244064331055e+02 1.825081524848937988e+02 1.982958412170410156e+01 1.285638713836669922e+01
3.683665533065795898e+02 1.822763509750366211e+02 1.942222785949707031e+01 1.327766609191894531e+01
3.678098745346069336e+02 1.823125114440917969e+02 1.974761390686035156e+01 1.393100738525390625e+01
3.703677940368652344e+02 1.823268823623657227e+02 1.857015991210937500e+01 1.338944816589355469e+01
3.698376750946044922e+02 1.824385881423950195e+02 1.881186676025390625e+01 1.331638145446777344e+01
3.710842981338500977e+02 1.825358223915100098e+02 1.770508003234863281e+01 1.298190975189208984e+01
3.719448680877685547e+02 1.820240459442138672e+02 1.750201416015625000e+01 1.297970962524414062e+01
3.717046060562133789e+02 1.821122279167175293e+02 1.782093238830566406e+01 1.335931110382080078e+01
3.717596902847290039e+02 1.823807449340820312e+02 1.682732963562011719e+01 1.267173385620117188e+01
3.725320081710815430e+02 1.827730031013488770e+02 1.667289161682128906e+01 1.281195354461669922e+01
3.733373079299926758e+02 1.825200076103210449e+02 1.756401252746582031e+01 1.267936038970947266e+01
3.727169485092163086e+02 1.832323837280273438e+02 1.790034675598144531e+01 1.279431915283203125e+01
3.730540437698364258e+02 1.830973954200744629e+02 1.788146400451660156e+01 1.213242244720458984e+01
3.738783206939697266e+02 1.806536178588867188e+02 1.794056320190429688e+01 1.290841674804687500e+01
3.733456869125366211e+02 1.795887269973754883e+02 1.831504631042480469e+01 1.306147956848144531e+01
3.731563062667846680e+02 1.814223570823669434e+02 1.786472511291503906e+01 1.240400028228759766e+01
3.749772100448608398e+02 1.823389072418212891e+02 1.735324287414550781e+01 1.258562088012695312e+01
3.760408535003662109e+02 1.840070223808288574e+02 1.724388885498046875e+01 1.213313388824462891e+01
3.761370086669921875e+02 1.842867217063903809e+02 1.814638900756835938e+01 1.194696903228759766e+01
3.766687088012695312e+02 1.832819066047668457e+02 1.752126312255859375e+01 1.212914943695068359e+01
3.761535701751708984e+02 1.829375329017639160e+02 1.797393798828125000e+01 1.151240062713623047e+01
3.765882720947265625e+02 1.823359150886535645e+02 1.751293182373046875e+01 1.199455547332763672e+01
3.763171644210815430e+02 1.828401727676391602e+02 1.750964546203613281e+01 1.182886695861816406e+01
3.760767993927001953e+02 1.823261451721191406e+02 1.765430068969726562e+01 1.162330245971679688e+01
3.762438688278198242e+02 1.822411785125732422e+02 1.718459510803222656e+01 1.169689178466796875e+01
3.779026374816894531e+02 1.813174471855163574e+02 1.642729187011718750e+01 1.155923557281494141e+01
3.788819122314453125e+02 1.821159048080444336e+02 1.576696014404296875e+01 1.162853050231933594e+01
3.800689697265625000e+02 1.836076107025146484e+02 1.602795410156250000e+01 1.134342575073242188e+01
3.809996857643127441e+02 1.842481079101562500e+02 1.554598522186279297e+01 1.153226852416992188e+01
3.814449925422668457e+02 1.844114632606506348e+02 1.583806514739990234e+01 1.114997005462646484e+01
3.824674854278564453e+02 1.845225939750671387e+02 1.486924743652343750e+01 1.106056308746337891e+01
3.815581951141357422e+02 1.835759601593017578e+02 1.572634506225585938e+01 1.122159194946289062e+01
3.825039978027343750e+02 1.827390837669372559e+02 1.501303482055664062e+01 1.103860187530517578e+01
3.813425011634826660e+02 1.818563370704650879e+02 1.494570446014404297e+01 1.131336879730224609e+01
3.816282835006713867e+02 1.829245157241821289e+02 1.503271293640136719e+01 1.048998832702636719e+01
3.811925816535949707e+02 1.826151175498962402e+02 1.585295772552490234e+01 1.092342472076416016e+01
3.815635752677917480e+02 1.823632454872131348e+02 1.557334613800048828e+01 1.101225185394287109e+01
3.828908691406250000e+02 1.834253811836242676e+02 1.484468460083007812e+01 1.035733318328857422e+01
3.840514793395996094e+02 1.829203324317932129e+02 1.489318466186523438e+01 1.129925441741943359e+01
3.848401188850402832e+02 1.833170099258422852e+02 1.465064525604248047e+01 1.144472694396972656e+01
3.843871159553527832e+02 1.840633149147033691e+02 1.506488704681396484e+01 1.099434947967529297e+01
3.838462638854980469e+02 1.832089061737060547e+02 1.608201217651367188e+01 1.092381668090820312e+01
3.843234086036682129e+02 1.822855248451232910e+02 1.552845668792724609e+01 1.081980037689208984e+01
3.841211194992065430e+02 1.822140927314758301e+02 1.540298652648925781e+01 1.045175838470458984e+01
3.846470432281494141e+02 1.830330286026000977e+02 1.442978668212890625e+01 1.003623390197753906e+01
3.851764302253723145e+02 1.827751040458679199e+02 1.450851726531982422e+01 1.062727069854736328e+01
3.853716998100280762e+02 1.830585575103759766e+02 1.523894977569580078e+01 1.055784225463867188e+01
3.860007195472717285e+02 1.828306226730346680e+02 1.505196666717529297e+01 1.078712272644042969e+01
3.866623220443725586e+02 1.825990262031555176e+02 1.495947456359863281e+01 1.068430614471435547e+01
3.862834844589233398e+02 1.840091009140014648e+02 1.505655097961425781e+01 1.044009590148925781e+01
3.874681534767150879e+02 1.835867075920104980e+02 1.464993953704833984e+01 1.000000000000000000e+01
3.872769298553466797e+02 1.838842649459838867e+02 1.410728836059570312e+01 1.000000000000000000e+01
3.879527959823608398e+02 1.826487617492675781e+02 1.436480903625488281e+01 1.086902809143066406e+01
3.872113790512084961e+02 1.825876922607421875e+02 1.571401405334472656e+01 1.002351570129394531e+01
3.868758540153503418e+02 1.824429512023925781e+02 1.470617771148681641e+01 1.053074836730957031e+01
3.881339063644409180e+02 1.826931982040405273e+02 1.470206260681152344e+01 1.020624160766601562e+01
3.880836553573608398e+02 1.830209832191467285e+02 1.307936286926269531e+01 1.004324054718017578e+01
3.878626041412353516e+02 1.825014657974243164e+02 1.327119064331054688e+01 1.064731597900390625e+01
3.891457700729370117e+02 1.832531032562255859e+02 1.401883125305175781e+01 1.034986686706542969e+01
3.885845589637756348e+02 1.836275277137756348e+02 1.429146480560302734e+01 1.000000000000000000e+01
3.891261835098266602e+02 1.828855400085449219e+02 1.378537940979003906e+01 1.014028644561767578e+01
3.900251545906066895e+02 1.839142413139343262e+02 1.294242382049560547e+01 1.000000000000000000e+01
3.903141746520996094e+02 1.824697089195251465e+02 1.353241729736328125e+01 1.056956481933593750e+01
3.899267673492431641e+02 1.822902874946594238e+02 1.401125335693359375e+01 1.000000000000000000e+01
3.896175851821899414e+02 1.834012498855590820e+02 1.387537956237792969e+01 1.000000000000000000e+01
3.897234077453613281e+02 1.835136270523071289e+02 1.409082794189453125e+01 1.000000000000000000e+01
3.903380784988403320e+02 1.818503952026367188e+02 1.364652824401855469e+01 1.036144447326660156e+01
3.911744570732116699e+02 1.823509550094604492e+02 1.329261875152587891e+01 1.136917495727539062e+01
3.915616192817687988e+02 1.810842857360839844e+02 1.582917308807373047e+01 1.150290489196777344e+01
3.919960942268371582e+02 1.822519011497497559e+02 1.339052104949951172e+01 1.135769557952880859e+01
3.909855566024780273e+02 1.817539792060852051e+02 1.529521369934082031e+01 1.140143299102783203e+01
3.922989559173583984e+02 1.808866677284240723e+02 1.744598007202148438e+01 1.156010150909423828e+01
3.909877223968505859e+02 1.814878358840942383e+02 1.687178421020507812e+01 1.122683715820312500e+01
3.914912657737731934e+02 1.821252245903015137e+02 1.454233264923095703e+01 1.094861507415771484e+01
3.922531080245971680e+02 1.829112586975097656e+02 1.395038795471191406e+01 1.015244102478027344e+01
3.922671642303466797e+02 1.830140681266784668e+02 1.376183319091796875e+01 1.000000000000000000e+01
3.923567352294921875e+02 1.811858658790588379e+02 1.413293075561523438e+01 1.083428764343261719e+01
3.935560994148254395e+02 1.821501441001892090e+02 1.327556514739990234e+01 1.093259429931640625e+01
3.931759152412414551e+02 1.825579571723937988e+02 1.387967967987060547e+01 1.042128181457519531e+01
3.930705413818359375e+02 1.829027862548828125e+02 1.329502105712890625e+01 1.001578807830810547e+01
3.937853741645812988e+02 1.830722541809082031e+02 1.286463069915771484e+01 1.008957958221435547e+01
3.943460745811462402e+02 1.819918198585510254e+02 1.354228687286376953e+01 1.000000000000000000e+01
3.936144418716430664e+02 1.832342481613159180e+02 1.313783073425292969e+01 1.004510402679443359e+01
3.944339375495910645e+02 1.819944977760314941e+02 1.353640270233154297e+01 1.071656417846679688e+01
3.941686730384826660e+02 1.822288651466369629e+02 1.308939266204833984e+01 1.047317886352539062e+01
3.943457412719726562e+02 1.816997122764587402e+02 1.351240158081054688e+01 1.109491539001464844e+01
3.947833776473999023e+02 1.820772771835327148e+02 1.369927406311035156e+01 1.057454586029052734e+01
3.951415672302246094e+02 1.820982317924499512e+02 1.331441116333007812e+01 1.056228065490722656e+01
3.952862858772277832e+02 1.833683419227600098e+02 1.260048580169677734e+01 1.005021286010742188e+01
3.956909084320068359e+02 1.815641217231750488e+02 1.397252273559570312e+01 1.106045913696289062e+01
3.952751231193542480e+02 1.822561230659484863e+02 1.292947101593017578e+01 1.021075057983398438e+01
3.962979006767272949e+02 1.836928691864013672e+02 1.247918415069580078e+01 1.000000000000000000e+01
3.968324475288391113e+02 1.818327517509460449e+02 1.292262935638427734e+01 1.043193531036376953e+01
3.965610756874084473e+02 1.822313518524169922e+02 1.205794429779052734e+01 1.000000000000000000e+01
3.967018098831176758e+02 1.835048480033874512e+02 1.312146186828613281e+01 1.000000000000000000e+01
3.972966866493225098e+02 1.818710603713989258e+02 1.391239452362060547e+01 1.000000000000000000e+01
3.975636024475097656e+02 1.828516616821289062e+02 1.321282958984375000e+01 1.000000000000000000e+01
3.976998205184936523e+02 1.829588680267333984e+02 1.369165611267089844e+01 1.000000000000000000e+01
3.977155485153198242e+02 1.835481271743774414e+02 1.255901145935058594e+01 1.000000000000000000e+01
3.981679677963256836e+02 1.821416621208190918e+02 1.321459770202636719e+01 1.000000000000000000e+01
3.978157482147216797e+02 1.833620066642761230e+02 1.230424118041992188e+01 1.000000000000000000e+01
3.984187393188476562e+02 1.817598195075988770e+02 1.274600601196289062e+01 1.000000000000000000e+01
3.981224694252014160e+02 1.825299758911132812e+02 1.180443477630615234e+01 1.000000000000000000e+01
3.986212067604064941e+02 1.813619637489318848e+02 1.192559719085693359e+01 1.027307415008544922e+01
3.986296968460083008e+02 1.832737426757812500e+02 1.210937690734863281e+01 1.000000000000000000e+01
3.991210703849792480e+02 1.823684430122375488e+02 1.273554325103759766e+01 1.000000000000000000e+01
3.992701086997985840e+02 1.833503408432006836e+02 1.139462757110595703e+01 1.000000000000000000e+01
3.996181488037109375e+02 1.827148170471191406e+02 1.196530914306640625e+01 1.000000000000000000e+01
3.981355628967285156e+02 1.822258863449096680e+02 1.178326797485351562e+01 1.000000000000000000e+01
3.985844821929931641e+02 1.837420325279235840e+02 1.220333099365234375e+01 1.000000000000000000e+01
3.976999993324279785e+02 1.827629885673522949e+02 1.410681438446044922e+01 1.000000000000000000e+01
3.979733448028564453e+02 1.813903436660766602e+02 1.443317031860351562e+01 1.090267276763916016e+01
3.980948338508605957e+02 1.831240782737731934e+02 1.265277004241943359e+01 1.000000000000000000e+01
3.974314165115356445e+02 1.811771268844604492e+02 1.486052131652832031e+01 1.035754489898681641e+01
3.982699036598205566e+02 1.826072015762329102e+02 1.590565013885498047e+01 1.059354114532470703e+01
3.999809355735778809e+02 1.817982831001281738e+02 1.463630390167236328e+01 1.000000000000000000e+01
3.978290810585021973e+02 1.832856469154357910e+02 1.589847850799560547e+01 1.000000000000000000e+01
4.090868439674377441e+02 1.860675525665283203e+02 1.303605937957763672e+01 1.124142169952392578e+01
4.090067205429077148e+02 1.853573493957519531e+02 1.468751335144042969e+01 1.132155323028564453e+01
4.076675357818603516e+02 1.881214661598205566e+02 1.433773803710937500e+01 1.116088485717773438e+01
3.999804620742797852e+02 1.832256584167480469e+02 1.762145805358886719e+01 1.083005237579345703e+01
4.054953632354736328e+02 1.829189600944519043e+02 1.612710189819335938e+01 1.324781227111816406e+01
4.066819996833801270e+02 1.844712505340576172e+02 1.467223644256591797e+01 1.217291355133056641e+01
4.050720057487487793e+02 1.844703826904296875e+02 1.471902179718017578e+01 1.081680011749267578e+01
4.051717000007629395e+02 1.845003380775451660e+02 1.551047420501708984e+01 1.087457275390625000e+01
4.038534078598022461e+02 1.846024942398071289e+02 1.732993888854980469e+01 1.197355175018310547e+01
4.028855829238891602e+02 1.842129459381103516e+02 1.902747917175292969e+01 1.198227024078369141e+01
4.017616176605224609e+02 1.832592730522155762e+02 1.738944244384765625e+01 1.301557731628417969e+01
4.039606513977050781e+02 1.843220353126525879e+02 1.761425399780273438e+01 1.231813049316406250e+01
4.023443412780761719e+02 1.850292754173278809e+02 1.720792007446289062e+01 1.156201362609863281e+01
3.998949890136718750e+02 1.845251832008361816e+02 1.887607955932617188e+01 1.209526443481445312e+01
3.986722364425659180e+02 1.841841187477111816e+02 1.978643608093261719e+01 1.270515823364257812e+01
3.955253915786743164e+02 1.820212073326110840e+02 1.754312324523925781e+01 1.347046852111816406e+01
3.991585531234741211e+02 1.831027383804321289e+02 1.860471916198730469e+01 1.232324504852294922e+01
3.961992893218994141e+02 1.835367236137390137e+02 1.971830749511718750e+01 1.231530189514160156e+01
3.950717887878417969e+02 1.845433759689331055e+02 2.060283279418945312e+01 1.187088298797607422e+01
3.958894004821777344e+02 1.834666595458984375e+02 2.062931442260742188e+01 1.275211429595947266e+01
3.951158285140991211e+02 1.846001873016357422e+02 1.892639732360839844e+01 1.224934101104736328e+01
3.944389743804931641e+02 1.844861288070678711e+02 2.013310241699218750e+01 1.235519695281982422e+01
3.929525709152221680e+02 1.828742032051086426e+02 1.904417610168457031e+01 1.258636093139648438e+01
3.934209871292114258e+02 1.837918901443481445e+02 1.994479942321777344e+01 1.242341136932373047e+01
3.922503280639648438e+02 1.808344745635986328e+02 1.990582656860351562e+01 1.361741733551025391e+01
3.935215454101562500e+02 1.814956688880920410e+02 1.687304306030273438e+01 1.369191741943359375e+01
3.923283691406250000e+02 1.822339515686035156e+02 1.714555740356445312e+01 1.407185840606689453e+01
3.900363798141479492e+02 1.825785036087036133e+02 1.905988883972167969e+01 1.335347652435302734e+01
3.844353837966918945e+02 1.835115227699279785e+02 1.981545448303222656e+01 1.302051162719726562e+01
3.847621250152587891e+02 1.812351841926574707e+02 2.066352844238281250e+01 1.459598159790039062e+01
3.855875940322875977e+02 1.823766841888427734e+02 1.949611091613769531e+01 1.324666690826416016e+01
3.847699136734008789e+02 1.824485187530517578e+02 1.909974098205566406e+01 1.250228977203369141e+01
3.854855070114135742e+02 1.827944054603576660e+02 1.870942497253417969e+01 1.335077285766601562e+01
3.839856910705566406e+02 1.832345137596130371e+02 1.832624816894531250e+01 1.381129264831542969e+01
3.842354879379272461e+02 1.834728417396545410e+02 1.817608070373535156e+01 1.381489181518554688e+01
3.854470901489257812e+02 1.836606001853942871e+02 1.727110290527343750e+01 1.349307823181152344e+01
3.832131147384643555e+02 1.841620035171508789e+02 1.845204734802246094e+01 1.243891429901123047e+01
3.859772949218750000e+02 1.819290275573730469e+02 1.653686141967773438e+01 1.253505802154541016e+01
3.831531038284301758e+02 1.828353891372680664e+02 1.925340461730957031e+01 1.261641597747802734e+01
3.798398599624633789e+02 1.837441906929016113e+02 1.937097358703613281e+01 1.285604095458984375e+01
3.772592172622680664e+02 1.855210981369018555e+02 1.901265144348144531e+01 1.268815135955810547e+01
3.761764698028564453e+02 1.861566209793090820e+02 1.930822372436523438e+01 1.225815868377685547e+01
3.822125930786132812e+02 1.837308897972106934e+02 2.114517974853515625e+01 1.109584236145019531e+01
3.749841470718383789e+02 1.870055494308471680e+02 1.857737541198730469e+01 1.178338527679443359e+01
3.747880048751831055e+02 1.841358947753906250e+02 1.793188667297363281e+01 1.317680835723876953e+01
3.709519414901733398e+02 1.859505105018615723e+02 1.982942771911621094e+01 1.204952239990234375e+01
3.714983921051025391e+02 1.859123244285583496e+02 2.016569900512695312e+01 1.231319618225097656e+01
3.709519596099853516e+02 1.851395874023437500e+02 1.837935256958007812e+01 1.317201709747314453e+01
3.701642026901245117e+02 1.859055676460266113e+02 1.872339439392089844e+01 1.326681137084960938e+01
3.697873477935791016e+02 1.862022151947021484e+02 1.759265136718750000e+01 1.220472812652587891e+01
3.719302897453308105e+02 1.845897727012634277e+02 1.551929569244384766e+01 1.233830451965332031e+01
3.683351860046386719e+02 1.861306128501892090e+02 1.725256729125976562e+01 1.238087654113769531e+01
3.705844764709472656e+02 1.836510682106018066e+02 1.569006347656250000e+01 1.263760375976562500e+01
3.690645999908447266e+02 1.855205140113830566e+02 1.652730941772460938e+01 1.198530960083007812e+01
3.666970005035400391e+02 1.846761579513549805e+02 1.869701004028320312e+01 1.306883907318115234e+01
3.661969890594482422e+02 1.837849473953247070e+02 1.931455230712890625e+01 1.413122844696044922e+01
3.644226694107055664e+02 1.851583518981933594e+02 2.067101478576660156e+01 1.360898303985595703e+01
3.630342559814453125e+02 1.834802660942077637e+02 1.967316055297851562e+01 1.438539695739746094e+01
3.626845502853393555e+02 1.856203036308288574e+02 1.801959037780761719e+01 1.351022148132324219e+01
3.624215774536132812e+02 1.843783755302429199e+02 1.722403335571289062e+01 1.400498390197753906e+01
3.599302492141723633e+02 1.864691057205200195e+02 1.745826148986816406e+01 1.298731899261474609e+01
3.590314683914184570e+02 1.857413458824157715e+02 1.716674613952636719e+01 1.352140998840332031e+01
3.590354709625244141e+02 1.858952298164367676e+02 1.592131423950195312e+01 1.314668655395507812e+01
3.590081925392150879e+02 1.860984578132629395e+02 1.488393688201904297e+01 1.312685012817382812e+01
3.595591812133789062e+02 1.861488733291625977e+02 1.461861801147460938e+01 1.227239513397216797e+01
3.575137252807617188e+02 1.850634446144104004e+02 1.532898712158203125e+01 1.335834121704101562e+01
3.571362228393554688e+02 1.836208066940307617e+02 1.438180923461914062e+01 1.324769115447998047e+01
