2.330000000000000000e+02 6.200000000000000000e+01 2.200000000000000000e+01 3.000000000000000000e+01
2.324648847579956055e+02 6.181894207000732422e+01 2.314859199523925781e+01 3.025560188293457031e+01
2.327836761474609375e+02 6.196012306213378906e+01 2.301156616210937500e+01 3.067383956909179688e+01
2.329688282012939453e+02 6.182607936859130859e+01 2.242233657836914062e+01 2.935780525207519531e+01
2.327366333007812500e+02 6.205657005310058594e+01 2.288671875000000000e+01 2.934540939331054688e+01
2.327786445617675781e+02 6.160383510589599609e+01 2.347637176513671875e+01 2.913875007629394531e+01
2.320702819824218750e+02 6.174764728546142578e+01 2.360460662841796875e+01 2.971890830993652344e+01
2.330607519149780273e+02 6.132097530364990234e+01 2.270163154602050781e+01 2.966057777404785156e+01
2.331824741363525391e+02 6.237884998321533203e+01 2.300789260864257812e+01 2.958865165710449219e+01
2.331923112869262695e+02 6.122874927520751953e+01 2.272923851013183594e+01 3.020863914489746094e+01
2.321461315155029297e+02 6.160612583160400391e+01 2.382004165649414062e+01 2.949159049987792969e+01
2.323897972106933594e+02 6.190326404571533203e+01 2.295037841796875000e+01 3.013656425476074219e+01
2.322723731994628906e+02 6.171364116668701172e+01 2.345983886718750000e+01 2.981868171691894531e+01
2.324902744293212891e+02 6.132537174224853516e+01 2.322951126098632812e+01 3.018025779724121094e+01
2.334466857910156250e+02 6.210667419433593750e+01 2.241367340087890625e+01 3.029064941406250000e+01
2.325268983840942383e+02 6.117091178894042969e+01 2.322720909118652344e+01 2.899893569946289062e+01
2.319882602691650391e+02 6.145268630981445312e+01 2.357874679565429688e+01 2.989885711669921875e+01
2.332222423553466797e+02 6.111183071136474609e+01 2.234519577026367188e+01 2.936779975891113281e+01
2.313903970718383789e+02 6.161515712738037109e+01 2.398330497741699219e+01 2.887774085998535156e+01
2.327468843460083008e+02 6.127905368804931641e+01 2.288702964782714844e+01 2.925686454772949219e+01
2.314757633209228516e+02 6.062724590301513672e+01 2.422622299194335938e+01 2.994587898254394531e+01
2.327075300216674805e+02 6.020832920074462891e+01 2.178793525695800781e+01 2.897475242614746094e+01
2.307047004699707031e+02 6.064656352996826172e+01 2.447564697265625000e+01 2.846734809875488281e+01
2.324644279479980469e+02 6.036326789855957031e+01 2.287841033935546875e+01 2.936613082885742188e+01
2.308409938812255859e+02 6.051257610321044922e+01 2.377877426147460938e+01 2.957080268859863281e+01
2.327392597198486328e+02 6.020211219787597656e+01 2.235805130004882812e+01 2.930553054809570312e+01
2.309193258285522461e+02 6.007057189941406250e+01 2.401387214660644531e+01 2.933383178710937500e+01
2.322463350296020508e+02 6.075781822204589844e+01 2.255198478698730469e+01 2.959428787231445312e+01
2.301708135604858398e+02 5.966660022735595703e+01 2.341262245178222656e+01 2.909228324890136719e+01
2.317306642532348633e+02 5.977103900909423828e+01 2.312897300720214844e+01 2.935260581970214844e+01
2.306420440673828125e+02 5.980130767822265625e+01 2.295212554931640625e+01 2.956028747558593750e+01
2.302361278533935547e+02 6.012911891937255859e+01 2.336343765258789062e+01 3.010810279846191406e+01
2.316737976074218750e+02 6.002292537689208984e+01 2.260321044921875000e+01 2.890817451477050781e+01
2.315014276504516602e+02 5.973344039916992188e+01 2.287727165222167969e+01 2.943985748291015625e+01
2.300182952880859375e+02 6.128100204467773438e+01 2.356430816650390625e+01 2.887496185302734375e+01
2.320186510086059570e+02 6.046422195434570312e+01 2.228986167907714844e+01 2.889006042480468750e+01
2.308696966171264648e+02 5.999846172332763672e+01 2.390378761291503906e+01 2.841159248352050781e+01
2.310104541778564453e+02 5.967974758148193359e+01 2.346857833862304688e+01 2.947026252746582031e+01
2.309083137512207031e+02 5.991554737091064453e+01 2.325280761718750000e+01 3.016169548034667969e+01
2.312786016464233398e+02 6.018385314941406250e+01 2.242212867736816406e+01 2.937734222412109375e+01
2.307875223159790039e+02 6.075184154510498047e+01 2.379445457458496094e+01 2.900467109680175781e+01
2.315182266235351562e+02 6.023784255981445312e+01 2.237775421142578125e+01 2.934468078613281250e+01
2.318134975433349609e+02 6.057331657409667969e+01 2.311989212036132812e+01 2.858523941040039062e+01
2.312548294067382812e+02 6.008610153198242188e+01 2.289702606201171875e+01 2.894320678710937500e+01
2.317262649536132812e+02 6.013648033142089844e+01 2.309662628173828125e+01 2.882447433471679688e+01
2.328931818008422852e+02 5.979079437255859375e+01 2.218596458435058594e+01 2.910140228271484375e+01
2.316500501632690430e+02 6.063041114807128906e+01 2.342386054992675781e+01 2.891928482055664062e+01
2.324302139282226562e+02 5.955140209197998047e+01 2.272088623046875000e+01 2.995632362365722656e+01
2.321260824203491211e+02 6.043886756896972656e+01 2.345130348205566406e+01 3.045186233520507812e+01
2.331015958786010742e+02 5.999561977386474609e+01 2.265756416320800781e+01 2.986677742004394531e+01
2.318609437942504883e+02 6.083084011077880859e+01 2.306347465515136719e+01 3.003624916076660156e+01
2.332614850997924805e+02 6.038718605041503906e+01 2.248233222961425781e+01 2.955012130737304688e+01
2.307924051284790039e+02 6.072511482238769531e+01 2.389755821228027344e+01 3.002524948120117188e+01
2.321754674911499023e+02 6.058821392059326172e+01 2.315329933166503906e+01 3.054223060607910156e+01
2.330860052108764648e+02 6.135365295410156250e+01 2.279454231262207031e+01 3.055920410156250000e+01
2.325771188735961914e+02 6.114967918395996094e+01 2.321786308288574219e+01 2.885955429077148438e+01
2.313511228561401367e+02 6.087955951690673828e+01 2.420331764221191406e+01 3.048114585876464844e+01
2.321540412902832031e+02 6.116494655609130859e+01 2.299139404296875000e+01 3.009216499328613281e+01
2.326320533752441406e+02 6.197287845611572266e+01 2.227619934082031250e+01 2.977867698669433594e+01
2.319997215270996094e+02 6.206486225128173828e+01 2.306106567382812500e+01 2.890066337585449219e+01
2.319752330780029297e+02 6.137096881866455078e+01 2.235747146606445312e+01 3.052790641784667969e+01
2.315966958999633789e+02 6.280214309692382812e+01 2.333212089538574219e+01 3.045313262939453125e+01
2.322255573272705078e+02 6.233149147033691406e+01 2.256143569946289062e+01 2.935196304321289062e+01
2.315345401763916016e+02 6.224591541290283203e+01 2.369636154174804688e+01 2.927218437194824219e+01
2.327077493667602539e+02 6.265153694152832031e+01 2.285886955261230469e+01 3.076208114624023438e+01
2.313863773345947266e+02 6.208953285217285156e+01 2.347936630249023438e+01 2.904732894897460938e+01
2.312505893707275391e+02 6.324978542327880859e+01 2.379804611206054688e+01 3.009971809387207031e+01
2.332801008224487305e+02 6.241436100006103516e+01 2.215930366516113281e+01 2.997321891784667969e+01
2.317367877960205078e+02 6.321166992187500000e+01 2.432163619995117188e+01 2.927964019775390625e+01
2.331901149749755859e+02 6.240355587005615234e+01 2.269639968872070312e+01 2.971738624572753906e+01
2.314184970855712891e+02 6.253419113159179688e+01 2.337720870971679688e+01 2.971343231201171875e+01
2.324282464981079102e+02 6.272064876556396484e+01 2.325961875915527344e+01 3.069017219543457031e+01
2.317762947082519531e+02 6.182670688629150391e+01 2.326458740234375000e+01 2.984691429138183594e+01
2.324466218948364258e+02 6.246268749237060547e+01 2.356874656677246094e+01 3.006534004211425781e+01
2.315805349349975586e+02 6.235927391052246094e+01 2.409787940979003906e+01 3.034081649780273438e+01
2.320321054458618164e+02 6.265966033935546875e+01 2.327945518493652344e+01 2.977543640136718750e+01
2.306638851165771484e+02 6.220701408386230469e+01 2.399966049194335938e+01 2.929396438598632812e+01
2.329183492660522461e+02 6.288666152954101562e+01 2.240786170959472656e+01 2.944980621337890625e+01
2.315359897613525391e+02 6.211592197418212891e+01 2.359682083129882812e+01 2.990025901794433594e+01
2.317455215454101562e+02 6.217326164245605469e+01 2.337903594970703125e+01 3.040163040161132812e+01
2.317435445785522461e+02 6.242658710479736328e+01 2.345674324035644531e+01 3.069344139099121094e+01
2.330974073410034180e+02 6.269283676147460938e+01 2.233456611633300781e+01 2.927500915527343750e+01
2.312768630981445312e+02 6.221226215362548828e+01 2.347881317138671875e+01 3.022641563415527344e+01
2.315935916900634766e+02 6.257096767425537109e+01 2.272402572631835938e+01 3.101772499084472656e+01
2.322623844146728516e+02 6.222378349304199219e+01 2.329146194458007812e+01 2.931991195678710938e+01
2.317946920394897461e+02 6.271127223968505859e+01 2.338869667053222656e+01 3.045559883117675781e+01
2.315646600723266602e+02 6.355310440063476562e+01 2.281711387634277344e+01 2.874225616455078125e+01
2.324158763885498047e+02 6.232578277587890625e+01 2.259556198120117188e+01 3.078075408935546875e+01
2.314930305480957031e+02 6.208343982696533203e+01 2.323529052734375000e+01 2.868153953552246094e+01
2.332465152740478516e+02 6.183827877044677734e+01 2.187691116333007812e+01 3.032902717590332031e+01
2.316811265945434570e+02 6.153796100616455078e+01 2.356848716735839844e+01 3.014906120300292969e+01
2.332391014099121094e+02 6.184411144256591797e+01 2.207182312011718750e+01 3.048599433898925781e+01
2.320656309127807617e+02 6.243870639801025391e+01 2.355717658996582031e+01 2.975066947937011719e+01
2.318122348785400391e+02 6.244395351409912109e+01 2.339007949829101562e+01 3.096439552307128906e+01
2.315195598602294922e+02 6.228168582916259766e+01 2.355852890014648438e+01 3.023759269714355469e+01
2.318173189163208008e+02 6.198291110992431641e+01 2.311926078796386719e+01 2.982478904724121094e+01
2.329440784454345703e+02 6.221486854553222656e+01 2.310628890991210938e+01 3.027624130249023438e+01
2.322876062393188477e+02 6.206848335266113281e+01 2.332755088806152344e+01 3.128193283081054688e+01
2.325486583709716797e+02 6.211684894561767578e+01 2.279993820190429688e+01 3.009673881530761719e+01
2.315717744827270508e+02 6.163200569152832031e+01 2.403800010681152344e+01 3.080282211303710938e+01
2.318225116729736328e+02 6.157377719879150391e+01 2.323679733276367188e+01 3.060899925231933594e+01
2.314253339767456055e+02 6.256787872314453125e+01 2.292891120910644531e+01 3.050653076171875000e+01
2.311171102523803711e+02 6.253012084960937500e+01 2.346248817443847656e+01 2.905484008789062500e+01
2.322261657714843750e+02 6.182256221771240234e+01 2.305810546875000000e+01 3.054531288146972656e+01
2.316495971679687500e+02 6.173559093475341797e+01 2.348722076416015625e+01 3.059556007385253906e+01
2.330018367767333984e+02 6.218895053863525391e+01 2.250371932983398438e+01 3.042848777770996094e+01
2.310922946929931641e+02 6.156223106384277344e+01 2.342869949340820312e+01 3.010651016235351562e+01
2.323927135467529297e+02 6.232520961761474609e+01 2.297919845581054688e+01 3.085929298400878906e+01
2.322505397796630859e+02 6.237346458435058594e+01 2.290841293334960938e+01 3.078486251831054688e+01
2.314705009460449219e+02 6.253485107421875000e+01 2.349138641357421875e+01 3.041881561279296875e+01
2.305705995559692383e+02 6.283501720428466797e+01 2.412346458435058594e+01 3.047983741760253906e+01
2.320009927749633789e+02 6.163407802581787109e+01 2.292476463317871094e+01 2.983745765686035156e+01
2.313528308868408203e+02 6.277023696899414062e+01 2.346265792846679688e+01 2.949465179443359375e+01
2.321104965209960938e+02 6.215693283081054688e+01 2.315496826171875000e+01 2.929499816894531250e+01
2.314745512008666992e+02 6.288054084777832031e+01 2.364987373352050781e+01 2.997300338745117188e+01
2.315018596649169922e+02 6.328431606292724609e+01 2.299901962280273438e+01 3.045882606506347656e+01
2.314541015625000000e+02 6.203682613372802734e+01 2.352233123779296875e+01 2.966377449035644531e+01
2.326563110351562500e+02 6.334591579437255859e+01 2.292012023925781250e+01 2.998963356018066406e+01
2.312385940551757812e+02 6.195925426483154297e+01 2.345337677001953125e+01 2.965020942687988281e+01
2.323306550979614258e+02 6.224484729766845703e+01 2.310902976989746094e+01 3.024215507507324219e+01
2.319590978622436523e+02 6.351019287109375000e+01 2.332734870910644531e+01 3.038347625732421875e+01
2.326256475448608398e+02 6.308918857574462891e+01 2.305240821838378906e+01 2.921222496032714844e+01
2.320197963714599609e+02 6.252323818206787109e+01 2.419073104858398438e+01 3.010150337219238281e+01
2.324110488891601562e+02 6.249306774139404297e+01 2.365280151367187500e+01 2.994271278381347656e+01
2.318162374496459961e+02 6.299924659729003906e+01 2.364118385314941406e+01 3.051486587524414062e+01
2.320835542678833008e+02 6.253681564331054688e+01 2.393277549743652344e+01 3.117498016357421875e+01
2.324750251770019531e+02 6.313582992553710938e+01 2.375335693359375000e+01 2.930262756347656250e+01
2.327086572647094727e+02 6.225161170959472656e+01 2.373586845397949219e+01 3.057589340209960938e+01
2.315975856781005859e+02 6.234389209747314453e+01 2.398794937133789062e+01 3.030810356140136719e+01
2.318546380996704102e+02 6.318769073486328125e+01 2.358798789978027344e+01 3.122649383544921875e+01
2.328726463317871094e+02 6.300767707824707031e+01 2.295040893554687500e+01 2.956951522827148438e+01
2.315103254318237305e+02 6.248401737213134766e+01 2.415220832824707031e+01 3.057671928405761719e+01
2.326489887237548828e+02 6.248676681518554688e+01 2.354948043823242188e+01 2.974726104736328125e+01
2.339728202819824219e+02 6.213401031494140625e+01 2.259607696533203125e+01 2.954608154296875000e+01
2.335093927383422852e+02 6.114300727844238281e+01 2.313523674011230469e+01 3.050172805786132812e+01
2.330995044708251953e+02 6.151926422119140625e+01 2.288619613647460938e+01 3.005921173095703125e+01
2.328363380432128906e+02 6.162484836578369141e+01 2.391139984130859375e+01 2.959233665466308594e+01
2.340636205673217773e+02 6.132265377044677734e+01 2.368858528137207031e+01 3.028447914123535156e+01
2.329910621643066406e+02 6.211956405639648438e+01 2.373816680908203125e+01 3.015821838378906250e+01
2.329882574081420898e+02 6.228742218017578125e+01 2.324946784973144531e+01 2.900609588623046875e+01
2.327605543136596680e+02 6.215147399902343750e+01 2.325909614562988281e+01 2.996872711181640625e+01
2.339056816101074219e+02 6.233495998382568359e+01 2.290213012695312500e+01 2.985149574279785156e+01
2.320585823059082031e+02 6.200953102111816406e+01 2.391826629638671875e+01 3.068594741821289062e+01
2.319860849380493164e+02 6.221666336059570312e+01 2.397222709655761719e+01 2.994699096679687500e+01
2.325038108825683594e+02 6.296295261383056641e+01 2.411608886718750000e+01 3.055933189392089844e+01
2.321374921798706055e+02 6.230169868469238281e+01 2.414489173889160156e+01 2.990863418579101562e+01
2.312553520202636719e+02 6.294080638885498047e+01 2.509194183349609375e+01 3.073778724670410156e+01
2.324016275405883789e+02 6.362496089935302734e+01 2.371842765808105469e+01 2.884284400939941406e+01
2.324817628860473633e+02 6.259647560119628906e+01 2.329474449157714844e+01 2.934099960327148438e+01
2.330568895339965820e+02 6.222360420227050781e+01 2.320930290222167969e+01 3.048825454711914062e+01
2.325842094421386719e+02 6.245398998260498047e+01 2.392308807373046875e+01 3.045866584777832031e+01
2.327727260589599609e+02 6.228270435333251953e+01 2.274103164672851562e+01 3.015272331237792969e+01
2.317251825332641602e+02 6.251011085510253906e+01 2.390536308288574219e+01 3.101977920532226562e+01
2.324308080673217773e+02 6.219395637512207031e+01 2.386352729797363281e+01 2.949939346313476562e+01
2.319444627761840820e+02 6.335905456542968750e+01 2.428046226501464844e+01 2.978906250000000000e+01
2.321903772354125977e+02 6.349471664428710938e+01 2.394082450866699219e+01 3.003736114501953125e+01
2.335316877365112305e+02 6.164338874816894531e+01 2.259395790100097656e+01 3.007054519653320312e+01
2.329000282287597656e+02 6.318451118469238281e+01 2.369357299804687500e+01 2.970792770385742188e+01
2.327040205001831055e+02 6.203572273254394531e+01 2.365964698791503906e+01 2.970479965209960938e+01
2.322748479843139648e+02 6.298985004425048828e+01 2.402047157287597656e+01 3.055909538269042969e+01
2.327393598556518555e+02 6.175887584686279297e+01 2.341332435607910156e+01 3.005399513244628906e+01
2.326706256866455078e+02 6.269011402130126953e+01 2.373759841918945312e+01 3.095406913757324219e+01
2.332908334732055664e+02 6.143036174774169922e+01 2.295499992370605469e+01 3.011023902893066406e+01
2.318876056671142578e+02 6.245124053955078125e+01 2.362650680541992188e+01 3.009771728515625000e+01
2.325557289123535156e+02 6.207935428619384766e+01 2.351538848876953125e+01 3.006116294860839844e+01
2.318579998016357422e+02 6.200118160247802734e+01 2.370212936401367188e+01 2.978494453430175781e+01
2.323100681304931641e+02 6.236839294433593750e+01 2.361959457397460938e+01 3.127684783935546875e+01
2.328687915802001953e+02 6.130231571197509766e+01 2.226999282836914062e+01 3.029997062683105469e+01
2.315656070709228516e+02 6.294244956970214844e+01 2.387764358520507812e+01 2.969309616088867188e+01
2.323523769378662109e+02 6.277437782287597656e+01 2.388106918334960938e+01 3.049628829956054688e+01
2.329502964019775391e+02 6.226232814788818359e+01 2.328152084350585938e+01 3.022436714172363281e+01
2.327109012603759766e+02 6.179337501525878906e+01 2.333259963989257812e+01 3.005732345581054688e+01
2.332854118347167969e+02 6.173548126220703125e+01 2.313710784912109375e+01 3.033541107177734375e+01
2.316628942489624023e+02 6.192193603515625000e+01 2.364717292785644531e+01 3.052860260009765625e+01
2.329360895156860352e+02 6.260687923431396484e+01 2.365405082702636719e+01 3.017791175842285156e+01
2.320061655044555664e+02 6.243563652038574219e+01 2.372604179382324219e+01 3.028267288208007812e+01
2.324711475372314453e+02 6.231073856353759766e+01 2.308906173706054688e+01 2.914197349548339844e+01
2.330771446228027344e+02 6.237905502319335938e+01 2.273205566406250000e+01 2.999177551269531250e+01
2.321088085174560547e+02 6.184779453277587891e+01 2.404419326782226562e+01 3.034133720397949219e+01
2.315948085784912109e+02 6.225520706176757812e+01 2.372307205200195312e+01 3.033984375000000000e+01
2.331254787445068359e+02 6.303251743316650391e+01 2.335660171508789062e+01 3.011963462829589844e+01
2.332836675643920898e+02 6.216007900238037109e+01 2.308160591125488281e+01 2.910079383850097656e+01
2.331196012496948242e+02 6.189860916137695312e+01 2.274277687072753906e+01 3.051465606689453125e+01
2.330589084625244141e+02 6.260592842102050781e+01 2.382151412963867188e+01 3.112874221801757812e+01
2.337951974868774414e+02 6.226980495452880859e+01 2.289568138122558594e+01 2.942431831359863281e+01
2.333996696472167969e+02 6.250372409820556641e+01 2.325757598876953125e+01 2.936987876892089844e+01
2.323447008132934570e+02 6.282769012451171875e+01 2.355855369567871094e+01 2.998451232910156250e+01
2.326852827072143555e+02 6.312866687774658203e+01 2.321547126770019531e+01 3.029607200622558594e+01
2.326613006591796875e+02 6.233579730987548828e+01 2.364530944824218750e+01 2.967934989929199219e+01
2.342747697830200195e+02 6.252481079101562500e+01 2.266725730895996094e+01 3.042262268066406250e+01
2.321040649414062500e+02 6.294406223297119141e+01 2.377947235107421875e+01 2.924944114685058594e+01
2.330888595581054688e+02 6.237593746185302734e+01 2.327099609375000000e+01 2.973507881164550781e+01
2.324541492462158203e+02 6.301248073577880859e+01 2.341408920288085938e+01 3.000051307678222656e+01
2.328993368148803711e+02 6.205470466613769531e+01 2.347986030578613281e+01 2.969997787475585938e+01
2.330110845565795898e+02 6.267194366455078125e+01 2.331316566467285156e+01 2.993669128417968750e+01
2.324985237121582031e+02 6.217793655395507812e+01 2.371459197998046875e+01 3.025867462158203125e+01
2.338367624282836914e+02 6.329096984863281250e+01 2.318655204772949219e+01 3.004621124267578125e+01
2.326414566040039062e+02 6.277308273315429688e+01 2.395530700683593750e+01 3.048904418945312500e+01
2.335636072158813477e+02 6.217349910736083984e+01 2.295627403259277344e+01 2.948543739318847656e+01
2.318120918273925781e+02 6.276685142517089844e+01 2.396903228759765625e+01 3.046439743041992188e+01
2.331325473785400391e+02 6.325722599029541016e+01 2.313698196411132812e+01 2.977240562438964844e+01
2.330692472457885742e+02 6.171270084381103516e+01 2.324463081359863281e+01 3.048114585876464844e+01
2.326315755844116211e+02 6.294976615905761719e+01 2.332936286926269531e+01 3.032378005981445312e+01
2.331704902648925781e+02 6.144404220581054688e+01 2.254505920410156250e+01 3.042314910888671875e+01
2.324397478103637695e+02 6.269548606872558594e+01 2.341203117370605469e+01 3.023302841186523438e+01
2.316095085144042969e+02 6.270853710174560547e+01 2.384552001953125000e+01 3.124490547180175781e+01
2.322381715774536133e+02 6.271984386444091797e+01 2.336457633972167969e+01 3.019289588928222656e+01
2.324275131225585938e+02 6.285766029357910156e+01 2.340093994140625000e+01 2.996742630004882812e+01
2.322721595764160156e+02 6.176515483856201172e+01 2.341304016113281250e+01 3.040812873840332031e+01
2.333962917327880859e+02 6.309164810180664062e+01 2.248336410522460938e+01 3.065463256835937500e+01
2.309794998168945312e+02 6.290286540985107422e+01 2.380411529541015625e+01 3.040401649475097656e+01
2.319126195907592773e+02 6.241037845611572266e+01 2.314024543762207031e+01 2.960658836364746094e+01
2.314998445510864258e+02 6.256116962432861328e+01 2.383545494079589844e+01 3.065760612487792969e+01
2.319843339920043945e+02 6.271077919006347656e+01 2.286353111267089844e+01 3.008530044555664062e+01
2.319752016067504883e+02 6.266462707519531250e+01 2.293612480163574219e+01 3.076315307617187500e+01
2.318292779922485352e+02 6.194283771514892578e+01 2.294472312927246094e+01 2.929041862487792969e+01
2.323273639678955078e+02 6.209285449981689453e+01 2.263953018188476562e+01 3.005762290954589844e+01
2.313512649536132812e+02 6.255133914947509766e+01 2.331879425048828125e+01 2.962462425231933594e+01
2.317017564773559570e+02 6.295054435729980469e+01 2.266234397888183594e+01 3.009306716918945312e+01
2.312320499420166016e+02 6.322589302062988281e+01 2.268726730346679688e+01 3.055443191528320312e+01
2.313265190124511719e+02 6.251187705993652344e+01 2.282848358154296875e+01 2.948167800903320312e+01
2.315444622039794922e+02 6.307594490051269531e+01 2.264304733276367188e+01 2.936301040649414062e+01
2.318668899536132812e+02 6.217641639709472656e+01 2.294725799560546875e+01 3.093723678588867188e+01
2.306672925949096680e+02 6.301108741760253906e+01 2.386245918273925781e+01 3.056104660034179688e+01
2.322236070632934570e+02 6.226582527160644531e+01 2.206743431091308594e+01 2.929887008666992188e+01
2.321767663955688477e+02 6.237631320953369141e+01 2.276959037780761719e+01 3.016288566589355469e+01
2.314411916732788086e+02 6.161935138702392578e+01 2.287944221496582031e+01 3.086831474304199219e+01
2.325982074737548828e+02 6.107981586456298828e+01 2.269997787475585938e+01 2.920287132263183594e+01
2.325695981979370117e+02 6.078347873687744141e+01 2.289294624328613281e+01 3.086437797546386719e+01
2.323286294937133789e+02 5.978224086761474609e+01 2.277380943298339844e+01 3.007548713684082031e+01
2.337062749862670898e+02 5.908579158782958984e+01 2.236303138732910156e+01 3.033318519592285156e+01
2.342414073944091797e+02 5.754062843322753906e+01 2.259933090209960938e+01 2.888549423217773438e+01
2.340833587646484375e+02 5.612716197967529297e+01 2.275300598144531250e+01 2.957497596740722656e+01
2.361396217346191406e+02 5.424976444244384766e+01 2.075567626953125000e+01 2.780051994323730469e+01
2.345024232864379883e+02 5.116072654724121094e+01 2.198030662536621094e+01 2.794704818725585938e+01
2.343844461441040039e+02 4.972178363800048828e+01 2.124205589294433594e+01 2.563197898864746094e+01
2.344675559997558594e+02 4.751579952239990234e+01 2.196703338623046875e+01 2.599616432189941406e+01
2.339917602539062500e+02 4.592213249206542969e+01 2.309259033203125000e+01 2.554374313354492188e+01
2.331953878402709961e+02 4.369323253631591086e+01 2.123675727844238281e+01 2.480067634582520242e+01
2.309737758636474609e+02 4.038240432739257812e+01 2.421212387084960938e+01 2.664273071289062500e+01
2.312361507415771484e+02 3.965248966217041016e+01 2.533537673950195312e+01 2.445010185241699219e+01
2.238339509963989258e+02 3.700675106048583984e+01 3.045323753356933594e+01 2.681185340881347656e+01
2.294772758483886719e+02 3.532312297821044922e+01 2.426808166503906250e+01 2.771013069152832031e+01
2.257107992172241211e+02 3.298920249938964844e+01 2.799569129943847656e+01 2.932759475708007812e+01
2.280777683258056641e+02 3.276360893249511719e+01 2.615909194946289062e+01 2.886552810668945312e+01
2.301384649276733398e+02 3.370605468750000000e+01 2.470396614074707031e+01 2.775913238525390625e+01
2.291458959579467773e+02 3.344503974914551492e+01 2.572146797180175781e+01 2.546776199340820312e+01
2.228981304168701172e+02 3.059989356994628906e+01 2.522610092163085938e+01 2.490530014038085938e+01
2.220084486007690430e+02 2.792911624908447266e+01 2.585141181945800781e+01 2.686698722839355469e+01
2.237956895828247070e+02 2.636023807525634766e+01 2.589181327819824219e+01 2.792066764831542969e+01
2.259817447662353516e+02 2.393630599975585938e+01 2.392327499389648438e+01 2.783163452148437500e+01
2.244697217941284180e+02 2.516937160491943359e+01 2.494381141662597656e+01 2.631734657287597656e+01
2.242109384536743164e+02 2.458922958374022727e+01 2.460957908630371094e+01 2.659955596923828125e+01
2.192690191268920898e+02 2.648947334289549360e+01 2.782216835021972656e+01 2.740045547485351562e+01
2.219353151321411133e+02 2.759714126586912641e+01 2.636713981628417969e+01 3.005605316162109375e+01
2.225603990554809570e+02 3.095160484313963423e+01 2.561736869812011719e+01 2.923631668090820312e+01
2.224644584655761719e+02 3.435117530822752485e+01 2.478494262695312500e+01 2.823332595825195312e+01
2.210044717788696289e+02 3.670285511016844282e+01 2.540405845642089844e+01 2.987262535095214844e+01
2.201975688934326172e+02 4.017457771301268110e+01 2.552787399291992188e+01 2.871487045288085938e+01
2.220196704864501953e+02 4.561355113983152876e+01 2.450156784057617188e+01 2.563072395324707031e+01
2.229037942886352539e+02 4.774001121520994673e+01 2.284947013854980469e+01 2.583821487426757812e+01
2.235463256835937500e+02 4.852945041656492009e+01 2.424714660644531250e+01 2.820739555358886008e+01
2.254350042343139648e+02 5.153895378112790127e+01 2.193957710266113281e+01 2.850197982788085938e+01
2.263441371917724609e+02 5.389007949829098720e+01 2.142081832885742188e+01 2.926922607421875000e+01
2.265121002197265625e+02 5.622927474975583095e+01 2.147891998291015625e+01 2.877679443359375000e+01
2.281374130249023438e+02 5.798770046234128017e+01 2.108806610107421875e+01 2.939425086975097656e+01
2.276065397262573242e+02 5.986574840545651455e+01 2.202952766418457031e+01 3.025675392150878906e+01
2.285949316024780273e+02 6.175555896759030361e+01 2.152970314025878906e+01 3.012407493591308594e+01
2.294156484603881836e+02 6.361089611053463955e+01 2.134208869934082031e+01 2.967987251281738281e+01
2.288758840560913086e+02 6.563407325744626064e+01 2.129043769836425781e+01 2.991760635375976562e+01
2.287581520080566406e+02 6.801093387603756923e+01 2.131255340576171875e+01 2.910024070739746094e+01
2.288240680694580078e+02 6.841762733459469814e+01 2.165901565551757812e+01 2.959435653686523438e+01
2.269419431686401367e+02 7.120660591125485439e+01 2.196423530578613281e+01 2.911983871459960938e+01
2.272076492309570312e+02 7.319863319396969814e+01 2.109077453613281250e+01 2.972603225708007812e+01
2.261782569885253906e+02 7.575880146026608486e+01 2.174727630615234375e+01 2.869978904724121094e+01
2.251652822494506836e+02 7.871737003326413173e+01 2.204911994934082031e+01 2.851437950134277344e+01
2.249406013488769531e+02 8.098576450347897548e+01 2.143199920654296875e+01 2.861747550964355469e+01
2.231987190246582031e+02 8.274226570129391689e+01 2.248549652099609375e+01 2.871482467651367188e+01
2.249047546386718750e+02 8.332258415222165127e+01 2.131474304199218750e+01 2.894736862182617188e+01
2.228292665481567383e+02 8.347296333312985439e+01 2.265209007263183594e+01 2.920354080200195312e+01
2.230736379623413086e+02 8.565592956542965908e+01 2.189440345764160156e+01 2.773602294921875000e+01
2.230784635543823242e+02 8.647318267822262783e+01 2.211389350891113281e+01 2.797550964355468750e+01
2.241236686706542969e+02 8.817791366577145595e+01 2.179637908935546875e+01 2.780610656738281250e+01
2.225703239440917969e+02 8.726706790924069423e+01 2.228260040283203125e+01 2.787862205505371094e+01
2.233082265853881836e+02 8.850299739837643642e+01 2.208726692199707031e+01 2.756151771545410156e+01
2.223878288269042969e+02 8.699265384674069423e+01 2.263466644287109375e+01 2.828928184509277344e+01
2.232056112289428711e+02 8.741649627685544033e+01 2.288690376281738281e+01 2.812282562255859375e+01
2.228251361846923828e+02 8.638853168487545986e+01 2.298809432983398438e+01 2.892823600769042969e+01
2.243981304168701172e+02 8.591425418853756923e+01 2.203409957885742188e+01 2.780258750915527344e+01
2.240560474395751953e+02 8.587541484832760830e+01 2.258984756469726562e+01 2.825032997131347656e+01
2.240874586105346680e+02 8.771711730957028408e+01 2.244623756408691406e+01 2.777194976806640625e+01
2.247660989761352539e+02 8.797103595733639736e+01 2.206686973571777344e+01 2.793281364440917969e+01
2.241381597518920898e+02 8.942196750640866298e+01 2.187500953674316406e+01 2.812288475036621094e+01
2.246183738708496094e+02 9.171470451354977627e+01 2.176058959960937500e+01 2.697201156616210938e+01
2.240299472808837891e+02 9.241871452331540127e+01 2.177705764770507812e+01 2.708044815063476562e+01
2.262142543792724609e+02 9.210623264312741298e+01 2.099488449096679688e+01 2.764845085144042969e+01
2.279727773666381836e+02 9.289018440246579189e+01 2.163268470764160156e+01 2.792586898803710938e+01
2.300122623443603516e+02 9.168414497375485439e+01 2.206606674194335938e+01 2.917373275756835938e+01
2.305567369461059570e+02 9.140031528472897548e+01 2.165947532653808594e+01 2.896493339538574219e+01
2.325511703491210938e+02 9.124895000457760830e+01 2.064304351806640625e+01 2.888211250305175781e+01
2.339092264175415039e+02 8.998728084564206142e+01 2.179354667663574219e+01 2.856368446350097656e+01
2.357808313369750977e+02 9.035063362121579189e+01 2.181483268737792969e+01 2.811925125122070312e+01
2.372244377136230469e+02 8.942795658111569423e+01 2.281229400634765625e+01 2.885780906677246094e+01
2.391394481658935547e+02 8.851554679870602627e+01 2.435362625122070312e+01 2.830244827270507812e+01
2.405105104446411133e+02 8.805014610290524502e+01 2.256495475769042969e+01 2.902759933471679688e+01
2.434514579772949219e+02 8.810145568847653408e+01 2.254907989501953125e+01 2.874384307861328125e+01
2.442928113937377930e+02 8.788191318511960048e+01 2.525600624084472656e+01 3.017548179626464844e+01
2.487949209213256836e+02 8.682832336425778408e+01 2.444944190979003906e+01 3.096703338623046875e+01
2.484528989791870117e+02 8.685604953765866298e+01 2.445217323303222656e+01 3.115288352966308594e+01
2.516968612670898438e+02 8.635611152648922939e+01 2.373345184326171875e+01 3.045608139038085938e+01
2.513347520828247070e+02 8.595523452758786220e+01 2.511104393005371094e+01 3.053357696533203125e+01
2.557156705856323242e+02 8.504811382293698330e+01 2.389367103576660156e+01 3.089412117004394531e+01
2.543499412536621094e+02 8.572079277038571377e+01 2.455980682373046875e+01 3.016610336303710938e+01
2.572022695541381836e+02 8.441701412200924892e+01 2.435772895812988281e+01 3.138235664367675781e+01
2.575011396408081055e+02 8.306568050384518642e+01 2.426204872131347656e+01 3.156466102600097656e+01
2.595462255477905273e+02 8.426483058929440517e+01 2.594458198547363281e+01 3.101715278625488281e+01
2.600792179107666016e+02 8.335053157806393642e+01 2.412968063354492188e+01 2.938839912414550781e+01
2.615008344650268555e+02 8.415536212921139736e+01 2.458560371398925781e+01 2.929844474792480469e+01
2.622077360153198242e+02 8.432741832733151455e+01 2.332889747619628906e+01 2.878457069396972656e+01
2.618750658035278320e+02 8.321401023864743252e+01 2.319049644470214844e+01 2.940725326538085938e+01
2.618459119796752930e+02 8.363341903686520595e+01 2.338740730285644531e+01 2.946105194091796875e+01
2.604404869079589844e+02 8.227612304687497158e+01 2.347698211669921875e+01 3.015751647949218750e+01
2.584799365997314453e+02 7.828133106231686611e+01 2.474971389770507812e+01 3.169519615173339844e+01
2.609397897720336914e+02 7.497537612915036220e+01 2.516826438903808594e+01 3.049636840820312500e+01
2.600693960189819336e+02 7.134836387634274502e+01 2.470293617248535156e+01 3.025980758666992188e+01
2.606445903778076172e+02 6.824981880187985439e+01 2.578388595581054688e+01 2.979124069213867188e+01
2.611024723052978516e+02 6.352614021301266689e+01 2.419158554077148438e+01 2.985303115844726562e+01
2.603810176849365234e+02 6.232782173156735439e+01 2.554870223999023438e+01 2.879861068725585938e+01
2.598773870468139648e+02 6.026426410675045986e+01 2.507996559143066406e+01 2.713098716735839844e+01
2.593636770248413086e+02 5.733597564697262783e+01 2.623465156555175781e+01 2.798323059082031250e+01
2.575135526657104492e+02 5.186503410339352627e+01 2.603293800354003906e+01 2.921703720092773438e+01
2.510626935958862305e+02 4.867052364349362392e+01 2.804818153381347656e+01 3.005679512023925781e+01
2.457878885269165039e+02 4.645974636077878728e+01 2.603487968444824219e+01 3.090535163879393821e+01
2.486955003738403320e+02 4.256682491302487392e+01 2.612159538269042969e+01 3.173210334777832031e+01
2.514383125305175781e+02 4.202556133270260830e+01 2.470497131347656250e+01 2.861861610412597656e+01
2.473772811889648438e+02 3.767602539062496447e+01 2.632960510253906250e+01 3.249503326416016336e+01
2.530627231597900391e+02 3.874629688262936611e+01 2.452560806274414062e+01 2.961952781677246094e+01
2.491769027709960938e+02 3.454361915588376064e+01 2.618786621093750000e+01 3.456601333618164062e+01
2.541130199432373047e+02 3.646383190155026455e+01 2.226105880737304688e+01 3.076009559631347656e+01
2.489378480911254883e+02 3.465421676635740056e+01 2.467598533630371094e+01 3.488526916503905539e+01
2.515940275192260742e+02 3.358963775634762783e+01 2.324894905090332031e+01 3.266693878173828125e+01
2.502768735885620117e+02 3.324688720703122158e+01 2.318682289123535156e+01 3.091808319091796875e+01
2.524686851501464844e+02 3.135082817077633877e+01 2.237074279785156250e+01 2.943837356567382812e+01
2.520985755920410156e+02 3.141290950775142932e+01 2.371923065185546875e+01 2.943036842346191406e+01
2.500561342239379883e+02 3.273882293701168322e+01 2.461440849304199219e+01 3.474169158935547586e+01
2.553984489440917969e+02 3.126303100585935368e+01 2.437921142578125000e+01 3.331543731689452414e+01
2.538342275619506836e+02 3.367023658752438564e+01 2.283785438537597656e+01 3.613267135620117188e+01
2.547812156677246094e+02 3.637198257446286220e+01 2.646617126464843750e+01 2.981367492675781250e+01
2.447153720855712891e+02 3.393145179748532314e+01 2.675221633911132812e+01 4.048896408081054688e+01
2.434573431015014648e+02 3.608641624450680752e+01 2.983045387268066406e+01 3.643536758422851562e+01
2.498669195175170898e+02 4.464153480529782314e+01 2.784714698791503906e+01 3.217884445190429688e+01
2.456377944946289062e+02 4.138812828063962002e+01 2.731267547607421875e+01 3.639459609985351562e+01
2.401834182739257812e+02 4.388263511657712002e+01 3.050000000000000000e+01 3.725264358520507812e+01
2.544598236083984375e+02 4.963191699981686611e+01 2.502613830566406250e+01 2.925191307067871094e+01
2.529075012207031250e+02 4.813705348968503017e+01 2.421772003173828125e+01 2.748645973205566406e+01
2.585075445175170898e+02 5.141919898986813564e+01 2.408399391174316406e+01 2.822433090209960938e+01
2.571375198364257812e+02 5.382783126831051845e+01 2.358950805664062500e+01 2.892558288574218750e+01
2.560289697647094727e+02 5.703823852539059658e+01 2.424304008483886719e+01 2.856300354003906250e+01
2.572173681259155273e+02 6.115332031249997158e+01 2.444005775451660156e+01 2.861984252929687500e+01
2.565935382843017578e+02 6.405814361572262783e+01 2.300040054321289062e+01 2.843446350097656250e+01
2.521610527038574219e+02 6.414245891571042080e+01 2.212684631347656250e+01 2.865929603576660156e+01
2.502575111389160156e+02 6.795341491699215908e+01 2.543147277832031250e+01 2.987566375732421875e+01
2.492535171508789062e+02 7.158625221252438564e+01 2.387104797363281250e+01 2.950592422485351562e+01
2.466532974243164062e+02 7.461878299713131923e+01 2.355744934082031250e+01 2.842668724060058594e+01
2.447156419754028320e+02 7.749677944183346767e+01 2.237051200866699219e+01 2.778110694885253906e+01
2.428163099288940430e+02 8.086939048767087002e+01 2.184443092346191406e+01 2.719327163696289062e+01
2.420651063919067383e+02 8.465150833129879970e+01 2.195542716979980469e+01 2.659967803955078125e+01
2.403360624313354492e+02 8.729264640808102627e+01 2.194277381896972656e+01 2.845217514038085938e+01
2.374931097030639648e+02 8.702945518493649502e+01 2.202139472961425781e+01 2.888195419311523438e+01
2.358987751007080078e+02 9.029863548278805752e+01 2.168495559692382812e+01 2.698839950561523438e+01
2.342315521240234375e+02 9.273639392852780361e+01 2.228181457519531250e+01 2.680859947204589844e+01
2.334675006866455078e+02 9.394252014160153408e+01 2.091071701049804688e+01 2.689234161376953125e+01
2.321688070297241211e+02 9.479202270507809658e+01 2.130417060852050781e+01 2.654711914062500000e+01
2.306900348663330078e+02 9.617590522766110439e+01 2.147489547729492188e+01 2.608572006225585938e+01
2.302296075820922852e+02 9.665717220306393642e+01 2.180847740173339844e+01 2.541658210754394531e+01
2.298717632293701172e+02 9.827299785614010830e+01 2.131377029418945312e+01 2.394032478332519531e+01
2.288166189193725586e+02 9.844880485534665127e+01 2.088138008117675781e+01 2.498204421997070312e+01
2.288206253051757812e+02 9.932234668731686611e+01 2.097653961181640625e+01 2.656406974792480469e+01
2.274854259490966797e+02 9.873056411743161220e+01 2.150436782836914062e+01 2.673679351806640625e+01
2.277596502304077148e+02 1.001991853713988974e+02 2.087706184387207031e+01 2.619360923767089844e+01
2.269136610031127930e+02 9.990505218505856533e+01 2.206097602844238281e+01 2.610804748535156250e+01
2.270356349945068359e+02 9.922338008880612392e+01 2.196493148803710938e+01 2.663929939270019531e+01
2.262965583801269531e+02 9.868932342529294033e+01 2.186211395263671875e+01 2.672045898437500000e+01
2.275560617446899414e+02 9.666203498840329189e+01 2.060106468200683594e+01 2.622191238403320312e+01
2.291372642517089844e+02 9.399809551239010830e+01 2.172566986083984375e+01 2.854480934143066406e+01
2.310394611358642578e+02 9.070721149444577236e+01 2.055081558227539062e+01 2.805106925964355469e+01
2.321341810226440430e+02 8.492060375213620205e+01 2.089022254943847656e+01 2.941308021545410156e+01
2.327289381027221680e+02 7.997301197051999111e+01 2.038423347473144531e+01 2.971734428405761719e+01
2.331745204925537109e+02 7.689954853057858486e+01 2.069253921508789062e+01 2.900102043151855469e+01
2.327602329254150391e+02 7.276212120056149502e+01 2.064294815063476562e+01 2.923495101928710938e+01
2.329789400100708008e+02 6.840875339508053798e+01 2.056246757507324219e+01 2.975155448913574219e+01
2.317367935180664062e+02 6.460622024536129970e+01 2.111546325683593750e+01 2.910916900634765625e+01
2.306381616592407227e+02 6.132724571228024502e+01 2.158153343200683594e+01 2.883803939819335938e+01
2.294045124053955078e+02 5.695088005065915127e+01 2.166951370239257812e+01 2.913914108276367188e+01
2.264841089248657227e+02 5.403594398498532314e+01 2.299032402038574219e+01 2.814976119995117188e+01
2.246646595001220703e+02 5.164661884307858486e+01 2.313071823120117188e+01 2.670003318786621094e+01
2.244746217727661133e+02 4.903754997253415127e+01 2.280960655212402344e+01 2.632509994506835938e+01
2.222124090194702148e+02 4.691801261901853337e+01 2.423610877990722656e+01 2.613224411010741477e+01
2.194521093368530273e+02 4.572881317138669033e+01 2.379157447814941406e+01 2.510783386230468750e+01
2.192674789428710938e+02 4.466939067840572619e+01 2.455998992919921875e+01 2.474402046203613992e+01
2.172964973449707031e+02 4.122934246063230290e+01 2.445745849609375000e+01 2.498751258850096946e+01
2.165360574722290039e+02 4.084325122833249821e+01 2.526982688903808594e+01 2.470643424987792258e+01
2.166489648818969727e+02 4.003124713897702236e+01 2.538731956481933594e+01 2.563728904724121094e+01
2.162819128036499023e+02 3.773655223846431994e+01 2.513369178771972656e+01 2.585073280334472656e+01
2.147166757583618164e+02 3.649881744384762072e+01 2.690706443786621094e+01 2.722666931152343750e+01
2.160781469345092773e+02 3.661171627044674182e+01 2.626666450500488281e+01 2.654224586486816406e+01
2.165794839859008789e+02 3.600309467315670275e+01 2.600173759460449219e+01 2.736596488952636719e+01
2.192515954971313477e+02 3.872576713562007455e+01 2.436114311218261719e+01 2.465600204467773438e+01
2.181618461608886719e+02 3.503008651733394885e+01 2.557864379882812500e+01 2.675107574462890625e+01
2.184202747344970703e+02 3.531753444671628017e+01 2.722668838500976562e+01 2.820562171936035156e+01
2.252231807708740234e+02 4.212543869018551845e+01 2.090180587768554688e+01 2.389879608154296875e+01
2.237746477127075195e+02 4.215414714813229580e+01 2.280086326599121094e+01 2.595973396301269531e+01
2.280668325424194336e+02 4.605836391448971057e+01 2.197192573547363281e+01 2.421752357482910867e+01
2.274343547821044922e+02 4.495099163055417790e+01 2.352211380004882812e+01 2.851053810119628196e+01
2.298788900375366211e+02 4.775352668762204189e+01 2.512262153625488281e+01 2.773253250122070312e+01
2.353413267135620117e+02 4.911469841003415127e+01 2.461210060119628906e+01 2.849317550659179688e+01
2.377285842895507812e+02 5.326565361022946377e+01 2.452848815917968750e+01 2.818535995483398438e+01
2.402448444366455078e+02 5.624690914154049892e+01 2.470255661010742188e+01 2.939508247375488281e+01
2.411425762176513672e+02 5.927405166625973720e+01 2.604392623901367188e+01 2.913156127929687500e+01
2.449031314849853516e+02 6.239419078826901455e+01 2.454458236694335938e+01 2.927922248840332031e+01
2.471003437042236328e+02 6.548923683166501064e+01 2.421727371215820312e+01 2.871320724487304688e+01
2.484968709945678711e+02 6.750977134704587002e+01 2.517557716369628906e+01 3.036025619506835938e+01
2.513132991790771484e+02 7.132615852355954189e+01 2.404395675659179688e+01 2.980459213256835938e+01
2.532840414047241211e+02 7.594631290435788173e+01 2.479038429260253906e+01 2.863876914978027344e+01
2.544244461059570312e+02 7.748522472381588955e+01 2.461280822753906250e+01 2.987789344787597656e+01
2.547587699890136719e+02 7.930464458465573330e+01 2.575643920898437500e+01 3.116049385070800781e+01
2.551116504669189453e+02 8.167355823516842861e+01 2.437623977661132812e+01 3.051665306091308594e+01
2.545211858749389648e+02 8.393219184875485439e+01 2.549096870422363281e+01 3.103611373901367188e+01
2.556547727584838867e+02 8.525365734100338955e+01 2.672344398498535156e+01 3.183262062072753906e+01
2.555362815856933594e+02 8.815088367462155361e+01 2.466302490234375000e+01 2.968153953552246094e+01
2.576924781799316406e+02 9.008842658996579189e+01 2.456333923339843750e+01 3.111259078979492188e+01
2.576165647506713867e+02 9.164256858825680752e+01 2.337201118469238281e+01 2.990727615356445312e+01
2.576078996658325195e+02 9.156237697601315517e+01 2.313986015319824219e+01 2.914890480041503906e+01
2.584632711410522461e+02 9.303339290618893642e+01 2.349747657775878906e+01 3.033143043518066406e+01
2.581899356842041016e+02 9.310351848602292080e+01 2.360721969604492188e+01 2.852721595764160156e+01
2.574037017822265625e+02 9.225883007049557705e+01 2.557660675048828125e+01 3.077662849426269531e+01
2.587414712905883789e+02 9.245158958435055752e+01 2.618855094909667969e+01 3.038663101196289062e+01
2.590411863327026367e+02 9.243719577789303798e+01 2.448390388488769531e+01 2.944267082214355469e+01
2.598791379928588867e+02 9.275399112701413173e+01 2.388722419738769531e+01 2.848851585388183594e+01
2.592220106124877930e+02 9.378495311737057705e+01 2.397826576232910156e+01 3.026729011535644531e+01
2.581708993911743164e+02 9.280550098419186611e+01 2.335368156433105469e+01 2.872798728942871094e+01
2.573054399490356445e+02 9.315889644622799892e+01 2.277006340026855469e+01 2.892803382873535156e+01
2.568746480941772461e+02 9.048002338409420986e+01 2.372667121887207031e+01 2.921192741394042969e+01
2.558103961944580078e+02 8.884922790527340908e+01 2.339390182495117188e+01 2.877850341796875000e+01
2.551660318374633789e+02 8.555471229553219814e+01 2.555636405944824219e+01 3.059400558471679688e+01
2.581515693664550781e+02 8.135075092315670986e+01 2.425521087646484375e+01 3.098634147644042969e+01
2.586243991851806641e+02 7.673134803771969814e+01 2.481909561157226562e+01 3.000380325317382812e+01
2.590554561614990234e+02 7.217553520202633877e+01 2.587767410278320312e+01 3.119290542602539062e+01
2.579144487380981445e+02 6.856125831604001064e+01 2.682935142517089844e+01 2.954861068725585938e+01
2.592142143249511719e+02 6.314952564239499111e+01 2.625541687011718750e+01 2.930924034118652344e+01
2.583937282562255859e+02 5.928073596954342861e+01 2.705179214477539062e+01 2.893086814880371094e+01
2.540201692581176758e+02 5.423712062835690517e+01 2.506521415710449219e+01 2.677610969543457031e+01
2.501995916366577148e+02 4.939815807342526455e+01 1.950694465637207031e+01 2.674655342102050781e+01
2.528584480285644531e+02 4.519229793548581142e+01 2.280484771728515625e+01 2.843259620666503906e+01
2.501738224029541016e+02 3.919147300720212002e+01 2.553099441528320312e+01 3.287716293334960938e+01
2.458469190597534180e+02 3.570653724670407314e+01 2.781212806701660156e+01 3.485099411010742188e+01
2.522757892608642578e+02 3.436792755126950283e+01 2.464596176147460938e+01 3.274632263183593750e+01
2.481211814880371094e+02 3.128296089172360439e+01 2.412104034423828125e+01 3.462841415405273438e+01
2.487624998092651367e+02 3.277870273590085048e+01 2.466501045227050781e+01 3.085646629333496094e+01
2.499836587905883789e+02 3.120444679260251064e+01 2.422639274597167969e+01 2.999973678588867188e+01
2.544698953628540039e+02 3.143778800964352627e+01 2.178240013122558594e+01 3.380717849731445312e+01
2.484308986663818359e+02 3.142611598968503017e+01 2.341025924682617188e+01 3.120848274230957031e+01
2.509627647399902344e+02 3.038193702697751064e+01 2.366998291015625000e+01 3.019781112670898438e+01
2.480111293792724609e+02 2.729693603515621447e+01 2.534801864624023438e+01 3.661554718017578125e+01
2.547044391632080078e+02 2.967646598815914416e+01 2.382562637329101562e+01 3.336677932739257812e+01
2.496781501770019531e+02 3.138647079467769885e+01 2.765949249267578125e+01 3.326787567138672586e+01
2.560989627838134766e+02 3.318979454040524502e+01 2.797863388061523438e+01 3.090438461303710938e+01
2.675743827819824219e+02 3.441119194030758877e+01 2.887905120849609375e+01 3.187778854370117188e+01
2.684180841445922852e+02 3.634024429321286220e+01 2.806970787048339844e+01 2.870086669921875000e+01
2.706393632888793945e+02 3.931630516052243252e+01 2.955827903747558594e+01 2.635829544067382812e+01
2.757315673828125000e+02 4.189588928222653408e+01 2.591780090332031250e+01 2.546562194824218750e+01
2.755186929702758789e+02 3.738969612121578479e+01 2.716143608093261719e+01 2.768726730346680398e+01
2.866733036041259766e+02 4.055334281921383877e+01 2.555659103393554688e+01 2.587048721313476562e+01
2.876907224655151367e+02 3.760754394531246447e+01 2.854478645324707031e+01 2.615415191650390625e+01
2.938240575790405273e+02 4.231282138824459338e+01 2.497870826721191406e+01 2.581740379333496804e+01
2.947803125381469727e+02 3.983041954040524502e+01 2.752824211120605469e+01 2.739526748657226562e+01
2.967628593444824219e+02 4.355172729492184658e+01 2.448577880859375000e+01 2.468820953369140625e+01
2.990319557189941406e+02 4.364986801147458806e+01 2.582798004150390625e+01 2.624461364746093039e+01
2.892085800170898438e+02 4.263554477691648259e+01 2.164276123046875000e+01 2.641718101501464133e+01
2.924999723434448242e+02 4.173683547973629970e+01 2.600087928771972656e+01 2.787939453125000000e+01
2.902730960845947266e+02 3.898133087158200283e+01 2.339207839965820312e+01 2.942126464843750000e+01
3.011233720779418945e+02 4.006861686706540837e+01 2.639011955261230469e+01 2.741153335571288352e+01
2.982147197723388672e+02 4.268778419494626064e+01 2.607542800903320312e+01 2.643902206420898438e+01
2.898011312484741211e+02 4.100662803649899502e+01 2.144055366516113281e+01 2.755601882934570312e+01
2.924939908981323242e+02 4.229504966735836291e+01 2.296286964416503906e+01 2.977560806274414773e+01
2.908176565170288086e+02 4.237034320831296696e+01 2.673584175109863281e+01 2.933022880554198508e+01
2.963154859542846680e+02 4.321963405609128017e+01 2.594821357727050781e+01 2.621562385559082031e+01
2.942681398391723633e+02 4.158856773376462712e+01 2.516490745544433594e+01 2.780909347534178977e+01
2.911407947540283203e+02 3.979845237731930752e+01 2.732292556762695312e+01 3.040159988403320312e+01
2.868133354187011719e+02 4.092919635772702236e+01 2.959556579589843750e+01 2.901099967956542969e+01
2.787073211669921875e+02 4.359844684600827236e+01 3.001040649414062500e+01 2.710603904724121094e+01
2.781309423446655273e+02 4.117549037933346767e+01 2.571756935119628906e+01 2.926246833801269531e+01
2.744355421066284180e+02 4.216002559661862392e+01 2.685730934143066406e+01 2.806978034973144531e+01
2.732634353637695312e+02 4.370192623138424892e+01 2.732091522216796875e+01 2.820115089416503906e+01
2.578411731719970703e+02 3.806952667236325283e+01 2.751123428344726562e+01 3.493678283691406250e+01
2.635245599746704102e+02 4.169078254699704189e+01 3.081467247009277344e+01 2.880444717407226562e+01
2.470648994445800781e+02 3.934834098815915127e+01 2.775440979003906250e+01 3.234819412231445312e+01
2.419101266860961914e+02 4.175307369232174892e+01 2.804067039489746094e+01 3.159736824035644531e+01
2.434559240341186523e+02 3.454942703247067470e+01 2.634945106506347656e+01 3.649428558349609375e+01
2.479574213027954102e+02 3.596667289733883877e+01 2.783856773376464844e+01 3.323421096801757812e+01
2.438484716415405273e+02 3.857653713226315517e+01 2.905117225646972656e+01 3.020628547668457031e+01
2.454431047439575195e+02 4.005177688598629970e+01 2.768221855163574219e+01 2.845613861083984375e+01
2.403265666961669922e+02 3.955047798156735439e+01 2.713646316528320312e+01 2.907085800170898438e+01
2.397452697753906250e+02 3.991549873352047939e+01 2.664117431640625000e+01 2.767429733276367188e+01
2.399627704620361328e+02 4.083218955993649502e+01 2.448405075073242188e+01 2.678232192993164062e+01
2.340362644195556641e+02 3.839977931976314807e+01 2.546694564819335938e+01 2.683603858947754617e+01
2.332288351058959961e+02 3.920627593994138493e+01 2.540399360656738281e+01 2.790380096435546164e+01
2.313390340805053711e+02 3.851716327667232775e+01 2.652643013000488281e+01 2.591977500915528054e+01
2.326722526550292969e+02 3.958315944671628728e+01 2.496942901611328125e+01 2.618189430236815696e+01
2.276603479385375977e+02 3.814975833892818713e+01 2.553314781188964844e+01 2.690783500671387429e+01
2.285377044677734375e+02 4.053321456909177556e+01 2.333123016357421875e+01 2.583078002929686789e+01
2.163616333007812500e+02 3.846235466003415837e+01 2.759268951416015625e+01 2.520702743530273438e+01
2.197258701324462891e+02 3.876659679412839665e+01 2.438751602172851562e+01 2.666698646545409446e+01
2.194148302078247070e+02 4.024546527862545275e+01 2.634536552429199219e+01 2.578183555603028054e+01
2.188060846328735352e+02 4.038687515258786931e+01 2.423808860778808594e+01 2.524953460693358664e+01
2.167758893966674805e+02 3.968971633911130681e+01 2.358256721496582031e+01 2.409252929687500000e+01
2.150389461517333984e+02 3.904216194152829900e+01 2.422941207885742188e+01 2.455022811889648438e+01
2.106267805099487305e+02 3.892727947235104580e+01 2.572475624084472656e+01 2.437270545959472656e+01
2.089088258743286133e+02 3.726151466369626064e+01 2.512509727478027344e+01 2.486062240600585938e+01
2.108033075332641602e+02 3.902160072326657314e+01 2.410802268981933594e+01 2.618651962280273438e+01
2.104905328750610352e+02 3.804000282287594814e+01 2.490491294860839844e+01 2.622616958618164062e+01
2.090884199142456055e+02 3.735699462890621447e+01 2.474193000793457031e+01 2.754679107666016336e+01
2.108831434249877930e+02 3.943593788146970525e+01 2.349899482727050781e+01 2.634387588500975852e+01
2.108951129913330078e+02 3.988149929046628017e+01 2.362828445434570312e+01 2.597617530822753906e+01
2.112233104705810547e+02 4.005603885650631923e+01 2.326707839965820312e+01 2.631751823425292969e+01
2.095947685241699219e+02 3.984086608886716618e+01 2.496833801269531250e+01 2.770147705078124289e+01
2.117333965301513672e+02 4.202825069427487392e+01 2.348381423950195312e+01 2.651243019104003906e+01
2.118763751983642578e+02 4.498988533020016689e+01 2.400754165649414062e+01 2.739407730102539062e+01
2.139008350372314453e+02 4.714067363739010119e+01 2.288719558715820312e+01 2.767370033264160867e+01
2.131232280731201172e+02 4.954889869689938564e+01 2.284738540649414062e+01 2.836783981323242188e+01
2.145319557189941406e+02 5.253927612304684658e+01 2.102776336669921875e+01 2.964068603515625000e+01
2.157110290527343750e+02 5.843625354766842861e+01 2.054382324218750000e+01 2.914404869079589844e+01
2.159183855056762695e+02 6.229537296295163173e+01 2.144048118591308594e+01 3.017970085144042969e+01
2.166938991546630859e+02 6.746722316741940517e+01 2.078096389770507812e+01 2.946675300598144531e+01
2.174157629013061523e+02 7.230360984802243252e+01 1.979653358459472656e+01 2.949501419067382812e+01
2.175182991027832031e+02 7.729566764831540127e+01 2.034759521484375000e+01 2.975866317749023438e+01
2.187696695327758789e+02 8.238774585723874111e+01 1.955071067810058594e+01 2.850281333923339844e+01
2.190357933044433594e+02 8.800119400024411220e+01 1.945330810546875000e+01 2.793477630615234375e+01
2.184731340408325195e+02 9.327485275268551845e+01 2.011539268493652344e+01 2.703572082519531250e+01
2.180141019821166992e+02 9.748966026306149502e+01 2.004319190979003906e+01 2.363429641723632812e+01
2.176143255233764648e+02 1.015477685928344442e+02 2.046588325500488281e+01 2.621441459655761719e+01
2.172009153366088867e+02 1.032397813796996786e+02 2.092697334289550781e+01 2.654862022399902344e+01
2.165198993682861328e+02 1.048270683288573935e+02 2.167851638793945312e+01 2.578742980957031250e+01
2.159291152954101562e+02 1.058352937698363974e+02 2.162559509277343750e+01 2.546366691589355469e+01
2.144070615768432617e+02 1.060175962448119833e+02 2.251796913146972656e+01 2.641481971740722656e+01
2.135065603256225586e+02 1.066631565093993856e+02 2.248966407775878906e+01 2.633987045288085938e+01
2.133695678710937500e+02 1.062711124420165731e+02 2.285328674316406250e+01 2.696442794799804688e+01
2.137908887863159180e+02 1.059329948425292685e+02 2.266058540344238281e+01 2.632578277587890625e+01
2.138542385101318359e+02 1.054472866058349325e+02 2.256308364868164062e+01 2.644423294067382812e+01
2.163745794296264648e+02 1.038320732116698935e+02 2.188331794738769531e+01 2.603846740722656250e+01
2.175031232833862305e+02 1.026367359161376669e+02 2.089165687561035156e+01 2.664857864379882812e+01
2.184605140686035156e+02 1.018215646743774130e+02 2.198789215087890625e+01 2.583525657653808594e+01
2.203107128143310547e+02 9.958347702026364345e+01 2.252979660034179688e+01 2.619453430175781250e+01
2.219410781860351562e+02 9.797463607788083095e+01 2.256033325195312500e+01 2.672401428222656250e+01
2.266722784042358398e+02 9.555249500274655361e+01 2.052804756164550781e+01 2.696227073669433594e+01
2.305922718048095703e+02 9.418222045898434658e+01 2.045172500610351562e+01 2.728928375244140625e+01
2.339216642379760742e+02 9.297910213470456142e+01 2.167713356018066406e+01 2.877031898498535156e+01
2.371955261230468750e+02 9.147878932952878017e+01 2.387262725830078125e+01 2.950317573547363281e+01
2.400247707366943359e+02 8.881747055053708095e+01 2.305520248413085938e+01 2.945310974121093750e+01
2.430442533493041992e+02 8.703188896179196377e+01 2.603013038635253906e+01 3.025342941284179688e+01
2.469918832778930664e+02 8.719221782684323330e+01 2.581257438659667969e+01 2.953492164611816406e+01
2.522862815856933594e+02 8.622796821594235439e+01 2.429447174072265625e+01 3.109247207641601562e+01
2.530488462448120117e+02 8.406763553619381923e+01 2.562593269348144531e+01 3.096390342712402344e+01
2.549782152175903320e+02 8.475471591949460048e+01 2.502719688415527344e+01 3.007211112976074219e+01
2.595068778991699219e+02 8.292978286743161220e+01 2.349516296386718750e+01 2.973354339599609375e+01
2.605646915435791016e+02 8.403038120269772548e+01 2.427724075317382812e+01 2.875947380065917969e+01
2.604665184020996094e+02 8.324849224090573330e+01 2.290962219238281250e+01 2.906904029846191406e+01
2.638048744201660156e+02 8.198349475860592861e+01 2.229208374023437500e+01 2.923003196716308594e+01
2.644196577072143555e+02 8.087337589263913173e+01 2.523501777648925781e+01 2.909505271911621094e+01
2.655680932998657227e+02 8.199693012237545986e+01 2.325604820251464844e+01 2.738207817077636719e+01
2.650034351348876953e+02 8.123605728149411220e+01 2.625217819213867188e+01 2.834444427490234375e+01
2.675864839553833008e+02 8.198652172088620205e+01 2.533141899108886719e+01 2.731928443908691406e+01
2.661011791229248047e+02 7.969683742523190517e+01 2.678502273559570312e+01 2.878198432922363281e+01
2.734638471603393555e+02 8.127328777313229580e+01 2.317706489562988281e+01 2.845159339904785156e+01
2.684243736267089844e+02 7.969734668731686611e+01 2.539627075195312500e+01 2.836478996276855469e+01
2.695243120193481445e+02 8.018389415740963955e+01 2.527406120300292969e+01 2.883554267883300781e+01
2.675783329010009766e+02 7.909439086914059658e+01 2.612383651733398438e+01 2.890529632568359375e+01
2.688634920120239258e+02 8.058165550231930752e+01 2.420744895935058594e+01 2.927476882934570312e+01
2.687115602493286133e+02 8.075341510772702236e+01 2.467213249206542969e+01 2.945963859558105469e+01
2.687694873809814453e+02 8.062665081024167080e+01 2.505772018432617188e+01 3.019530677795410156e+01
2.674084415435791016e+02 8.046773910522458095e+01 2.376580429077148438e+01 2.899753570556640625e+01
2.662009792327880859e+02 7.916252613067624111e+01 2.267963027954101562e+01 2.774284172058105469e+01
2.618380765914916992e+02 7.883778667449948330e+01 2.234644508361816406e+01 2.662864112854003906e+01
2.582211980819702148e+02 7.632823085784909267e+01 2.416925239562988281e+01 2.760932350158691406e+01
2.574011745452880859e+02 7.572254753112790127e+01 2.464996719360351562e+01 2.868855667114257812e+01
2.566003055572509766e+02 7.427872848510739345e+01 2.586845016479492188e+01 2.984320831298828125e+01
2.548081073760986328e+02 7.374808311462399502e+01 2.366108322143554688e+01 3.129629898071289062e+01
2.528059844970703125e+02 7.301169109344479580e+01 2.368482208251953125e+01 3.149759101867675781e+01
2.485555696487426758e+02 7.151959228515622158e+01 2.361736106872558594e+01 3.072599029541015625e+01
2.462688369750976562e+02 7.233581733703610439e+01 2.142928314208984375e+01 2.923698806762695312e+01
2.430936985015869141e+02 7.342617225646969814e+01 2.059042739868164062e+01 2.704794692993164062e+01
2.376628274917602539e+02 7.372189331054684658e+01 2.387868309020996094e+01 2.758358001708984375e+01
2.380348205566406250e+02 7.235143756866452236e+01 2.183831787109375000e+01 2.819499778747558594e+01
2.363531808853149414e+02 7.355682563781735439e+01 2.183141136169433594e+01 2.802010726928710938e+01
2.340730838775634766e+02 7.308924579620358486e+01 2.323972702026367188e+01 2.884342002868652344e+01
2.333595008850097656e+02 7.163963699340817470e+01 2.402285003662109375e+01 3.004733276367187500e+01
2.320980539321899414e+02 7.121912193298337002e+01 2.299120903015136719e+01 2.999452590942382812e+01
2.327887344360351562e+02 7.187056827545163173e+01 2.338432312011718750e+01 2.937412834167480469e+01
2.312837648391723633e+02 7.023315906524655361e+01 2.287580680847167969e+01 3.091773796081542969e+01
2.317954044342041016e+02 6.962217712402340908e+01 2.107410812377929688e+01 2.983296966552734375e+01
2.297108345031738281e+02 6.934457588195797939e+01 2.230903625488281250e+01 2.969041824340820312e+01
2.303215761184692383e+02 6.775910854339596767e+01 2.146265220642089844e+01 3.059013557434082031e+01
2.269998836517333984e+02 6.729862213134762783e+01 2.347020339965820312e+01 2.961355590820312500e+01
2.294728851318359375e+02 6.617762565612790127e+01 2.003657531738281250e+01 3.061536788940429688e+01
2.279788713455200195e+02 6.500627040863034267e+01 2.155430412292480469e+01 3.074379920959472656e+01
2.271713323593139648e+02 6.303005981445309658e+01 2.200586891174316406e+01 2.990583038330078125e+01
2.249337902069091797e+02 6.130950736999508877e+01 2.228506088256835938e+01 3.119601821899414062e+01
2.249053554534912109e+02 5.918733406066891689e+01 2.201942825317382812e+01 3.018787765502929688e+01
2.232535152435302734e+02 5.739607715606686611e+01 2.257650375366210938e+01 2.994633293151855469e+01
2.227948131561279297e+02 5.480808925628659267e+01 2.215722274780273438e+01 2.933499336242675781e+01
2.212363166809082031e+02 5.349410724639889736e+01 2.245912933349609375e+01 2.992427635192871094e+01
2.203066987991333008e+02 5.205044460296628017e+01 2.203837394714355469e+01 2.901693916320800781e+01
2.200281162261962891e+02 4.987141990661618252e+01 2.173794937133789062e+01 2.833534622192382812e+01
2.185859117507934570e+02 4.854675865173337002e+01 2.242688560485839844e+01 2.882094955444335938e+01
2.175920095443725586e+02 4.668704509735104580e+01 2.323027992248535156e+01 2.832798194885253906e+01
2.179374227523803711e+02 4.571617984771724963e+01 2.354213142395019531e+01 2.759564781188965554e+01
2.167858934402465820e+02 4.391143703460690517e+01 2.381491661071777344e+01 2.579995918273925781e+01
2.172212953567504883e+02 4.186862564086911220e+01 2.372990226745605469e+01 2.646345520019531250e+01
2.112256832122802734e+02 4.068112564086911220e+01 2.614873886108398438e+01 2.616696166992187500e+01
2.134856195449829102e+02 4.231422519683835759e+01 2.618797874450683594e+01 2.562826347351073508e+01
2.133897857666015625e+02 3.999081420898434658e+01 2.573509979248046875e+01 2.449424743652343750e+01
2.145119714736938477e+02 3.629007244110104580e+01 2.484544944763183594e+01 2.474807929992675781e+01
2.173102388381958008e+02 3.859755611419674892e+01 2.364684104919433594e+01 2.305457496643066406e+01
2.162073564529418945e+02 3.525012111663815517e+01 2.390450859069824219e+01 2.412941169738769531e+01
2.162563333511352539e+02 3.269336318969723720e+01 2.361475181579589844e+01 2.426454162597656250e+01
2.161415491104125977e+02 3.225301933288571377e+01 2.339141654968261719e+01 2.468515396118164062e+01
2.118547878265380859e+02 2.955517196655270595e+01 2.658179092407226562e+01 2.637028503417968750e+01
2.151701278686523438e+02 2.930065345764157314e+01 2.655944061279296875e+01 2.657533645629882812e+01
2.138885145187377930e+02 2.795218753814693713e+01 2.648719215393066406e+01 2.819366264343261719e+01
2.138972225189208984e+02 2.799562835693355822e+01 2.634082412719726562e+01 2.858792114257812500e+01
2.131128854751586914e+02 2.471632099151607775e+01 2.994408988952636719e+01 3.131883049011230469e+01
2.116407337188720703e+02 2.782902526855465908e+01 2.928935623168945312e+01 2.948650360107421875e+01
2.130108270645141602e+02 2.799405002593991298e+01 2.832106590270996094e+01 2.944769096374511719e+01
2.126171674728393555e+02 2.687970542907712002e+01 2.998237037658691406e+01 2.960579299926757812e+01
2.102204523086547852e+02 2.640673351287838955e+01 3.034350395202636719e+01 3.060231208801269531e+01
2.128132514953613281e+02 2.965580368041989345e+01 2.744705200195312500e+01 2.850724792480468750e+01
2.131030273437500000e+02 2.893910408020016689e+01 2.547945404052734375e+01 2.797977828979492188e+01
2.143095989227294922e+02 3.198831367492672229e+01 2.516744613647460938e+01 2.694234085083007812e+01
2.142130002975463867e+02 3.115648937225338955e+01 2.468657875061035156e+01 2.665806770324707031e+01
2.153860425949096680e+02 3.150744438171383166e+01 2.454413032531738281e+01 2.729188919067382812e+01
2.140939168930053711e+02 3.206942558288570666e+01 2.430703926086425781e+01 2.679167556762695312e+01
2.141094236373901367e+02 3.116928482055659799e+01 2.627263069152832031e+01 2.784883117675781250e+01
2.163888483047485352e+02 3.363355064392085580e+01 2.304113578796386719e+01 2.535757064819335938e+01
2.168833026885986328e+02 3.283683300018306284e+01 2.404736709594726562e+01 2.710363197326660156e+01
2.168138542175292969e+02 3.227324008941645417e+01 2.511386108398437500e+01 2.708632469177246094e+01
2.173588380813598633e+02 3.397662067413325815e+01 2.443747520446777344e+01 2.780474662780761719e+01
2.185493736267089844e+02 3.594385337829586291e+01 2.393161773681640625e+01 2.687597274780273438e+01
2.175880222320556641e+02 3.579660415649410510e+01 2.368327713012695312e+01 2.629005432128906250e+01
2.172802371978759766e+02 3.465909290313717150e+01 2.552588272094726562e+01 2.722281455993652344e+01
2.195948877334594727e+02 3.583723735809322619e+01 2.353388023376464844e+01 2.756374549865722656e+01
2.201332015991210938e+02 3.493456459045406604e+01 2.362854003906250000e+01 2.661683273315429688e+01
2.211330137252807617e+02 3.654030609130855822e+01 2.331025886535644531e+01 2.757716369628906961e+01
2.180790481567382812e+02 3.586799240112301845e+01 2.398458099365234375e+01 2.690441131591796875e+01
2.200076303482055664e+02 3.657037734985348720e+01 2.525398826599121094e+01 2.928873443603515625e+01
2.178717918395996094e+02 3.533153152465817470e+01 2.627793884277343750e+01 2.999277496337890625e+01
2.223334941864013672e+02 4.277407360076901455e+01 2.273694992065429688e+01 2.648572731018066406e+01
2.237168645858764648e+02 4.413405990600583806e+01 2.237662696838378906e+01 2.757508087158202414e+01
2.247830438613891602e+02 4.665479660034176845e+01 2.174401664733886719e+01 2.674649047851562500e+01
2.243794574737548828e+02 4.535632705688473720e+01 2.270581436157226562e+01 2.657592010498046875e+01
2.234116544723510742e+02 4.085272789001462712e+01 2.533652687072753906e+01 2.850043106079100852e+01
2.324242792129516602e+02 4.208138751983639736e+01 2.406459617614746094e+01 2.660880851745605469e+01
2.320953607559204102e+02 3.874838829040524502e+01 2.480398368835449219e+01 2.747747421264648438e+01
2.321330928802490234e+02 3.877372550964353337e+01 2.523718643188476562e+01 2.718803024291991477e+01
2.339083232879638672e+02 3.447101402282712712e+01 2.602715682983398438e+01 2.907111740112304688e+01
2.371799049377441406e+02 3.241971015930173650e+01 2.543742370605468750e+01 2.797907638549804688e+01
2.408865575790405273e+02 3.160870170593258877e+01 2.583341407775878906e+01 2.905887985229492188e+01
2.446416177749633789e+02 3.044069099426266689e+01 2.423199272155761719e+01 2.825866317749023438e+01
2.441923427581787109e+02 2.793335533142087712e+01 2.535262680053710938e+01 2.984967422485351562e+01
2.437701673507690430e+02 3.002074718475339665e+01 2.526815223693847656e+01 2.938218879699707031e+01
2.460819263458251953e+02 2.936280441284177556e+01 2.306536483764648438e+01 2.968820953369140625e+01
2.475137348175048828e+02 2.909648227691648970e+01 2.327127456665039062e+01 2.913796806335449219e+01
2.450671768188476562e+02 2.914023971557616477e+01 2.248500823974609375e+01 3.327529907226562500e+01
2.478597946166992188e+02 3.031937885284423118e+01 2.354204559326171875e+01 2.835745048522949219e+01
2.449086265563964844e+02 2.825917053222655539e+01 2.378353881835937500e+01 3.135288238525390625e+01
2.474713430404663086e+02 2.589336395263671164e+01 2.396370124816894531e+01 3.268738555908203125e+01
2.483855180740356445e+02 2.705776214599608664e+01 2.213728904724121094e+01 2.997756958007812500e+01
2.491759252548217773e+02 2.181711196899413352e+01 2.618696022033691406e+01 3.604283142089843750e+01
2.552578172683715820e+02 2.565373039245605469e+01 2.712617301940917969e+01 3.299904251098632812e+01
2.587143669128417969e+02 2.585468292236328125e+01 2.670487213134765625e+01 3.207063293457031250e+01
2.496360626220703125e+02 2.491998481750488281e+01 2.178559112548828125e+01 3.460431289672851562e+01
2.412819633483886719e+02 2.853536224365234375e+01 2.263663482666015625e+01 3.306202697753906250e+01
2.439551515579223633e+02 2.941036605834960938e+01 2.619562339782714844e+01 3.439554595947265625e+01
2.432706203460693359e+02 3.117557716369628906e+01 2.538258743286132812e+01 3.509607315063476562e+01
2.387525043487548828e+02 3.379365730285644531e+01 2.664880752563476562e+01 3.300353622436523438e+01
2.299510364532470703e+02 3.549058055877685547e+01 2.849722671508789062e+01 3.136791419982910156e+01
2.367560205459594727e+02 3.596327781677246094e+01 2.721106529235839844e+01 2.905387496948242188e+01
2.271974906921386719e+02 3.586291313171386719e+01 2.911619567871093750e+01 2.825856399536132812e+01
2.296156473159790039e+02 3.573383903503417969e+01 2.752764701843261719e+01 2.850777053833007812e+01
2.259481267929077148e+02 3.474275398254394531e+01 2.743312263488769531e+01 2.951548385620117188e+01
2.218634204864501953e+02 3.686646080017089844e+01 2.621640396118164062e+01 2.715216445922851562e+01
2.220008993148803711e+02 3.704546451568602805e+01 2.298668861389160156e+01 2.549940299987792969e+01
2.154527311325073242e+02 3.577063941955565696e+01 2.480792427062988281e+01 2.551350784301757812e+01
2.163132333755493164e+02 3.438326549530028586e+01 2.531989860534667969e+01 2.624849128723144531e+01
2.168075218200683594e+02 3.515190792083739524e+01 2.541986083984375000e+01 2.517112159729003906e+01
2.150512847900390625e+02 3.395348930358886008e+01 2.488422393798828125e+01 2.557379531860351562e+01
2.170714645385742188e+02 3.302800655364989524e+01 2.707894897460937500e+01 2.688235664367675781e+01
2.170711297988891602e+02 3.328406620025634055e+01 2.517647361755371094e+01 2.644014549255371094e+01
2.181006021499633789e+02 3.362616348266600852e+01 2.452584648132324219e+01 2.485913848876953125e+01
2.191648702621459961e+02 3.289095306396484375e+01 2.418605232238769531e+01 2.641416931152343750e+01
2.187924480438232422e+02 3.461516666412353516e+01 2.461281204223632812e+01 2.634134483337402344e+01
2.199071741104125977e+02 3.517641639709472656e+01 2.300286674499511719e+01 2.367910385131835938e+01
2.192029561996459961e+02 3.172003269195556641e+01 2.372342109680175781e+01 2.613980674743652344e+01
2.202340135574340820e+02 3.369704532623291016e+01 2.414793968200683594e+01 2.523933982849121094e+01
2.199035959243774414e+02 3.340155601501465554e+01 2.336848258972167969e+01 2.511848831176757812e+01
2.212315845489501953e+02 3.498565292358399148e+01 2.421715927124023438e+01 2.494505310058593750e+01
2.231178369522094727e+02 3.364741992950440874e+01 2.200836753845214844e+01 2.456432151794433594e+01
2.181076345443725586e+02 3.353522777557374468e+01 2.462549781799316406e+01 2.592780494689941406e+01
2.180450611114501953e+02 3.409643936157227984e+01 2.699798202514648438e+01 2.775985717773437500e+01
2.229366312026977539e+02 4.034982776641847124e+01 2.154997825622558594e+01 2.375808525085449219e+01
2.203938217163085938e+02 4.068968391418458452e+01 2.332762908935546875e+01 2.641611099243164062e+01
2.210380315780639648e+02 4.322232913970948687e+01 2.375614356994628906e+01 2.672237968444824219e+01
2.225840950012207031e+02 4.612807655334474077e+01 2.285875701904296875e+01 2.745168685913085938e+01
2.220734643936157227e+02 4.924208354949952593e+01 2.131923484802246094e+01 2.758629798889160156e+01
2.219923458099365234e+02 5.260013771057128906e+01 2.110176467895507812e+01 2.726169967651367188e+01
2.225018787384033203e+02 5.733484745025634766e+01 1.966857528686523438e+01 2.644549369812011719e+01
2.230812988281250000e+02 5.972565174102783203e+01 1.953117370605468750e+01 2.832728385925292969e+01
2.226045475006103516e+02 6.299720478057861328e+01 2.102365493774414062e+01 2.886055564880371094e+01
2.223069581985473633e+02 6.414984130859375000e+01 2.030929374694824219e+01 2.895626831054687500e+01
2.239051322937011719e+02 6.484879398345947266e+01 2.100286102294921875e+01 2.792743492126464844e+01
2.240739650726318359e+02 6.635628604888916016e+01 2.187027359008789062e+01 2.748675346374511719e+01
2.253611402511596680e+02 6.553811931610107422e+01 2.069461250305175781e+01 2.855476570129394531e+01
2.260657291412353516e+02 6.563718223571777344e+01 2.073447799682617188e+01 2.956832504272460938e+01
2.264379405975341797e+02 6.719721603393554688e+01 2.104706192016601562e+01 2.885427856445312500e+01
2.262575149536132812e+02 6.703221511840820312e+01 2.172595977783203125e+01 2.893997955322265625e+01
2.239895877838134766e+02 6.584958362579345703e+01 2.358555984497070312e+01 2.815996360778808594e+01
2.255501747131347656e+02 6.331478500366210938e+01 2.245288085937500000e+01 2.934532165527343750e+01
2.259790086746215820e+02 6.104052352905273438e+01 2.355530357360839844e+01 2.989668273925781250e+01
2.267343950271606445e+02 5.776822185516357422e+01 2.388902091979980469e+01 2.935197639465332031e+01
2.284556846618652344e+02 5.421536827087402344e+01 2.266142272949218750e+01 2.788750076293945312e+01
2.299774799346923828e+02 4.938058757781982422e+01 2.179450607299804688e+01 2.662809944152832031e+01
2.297171649932861328e+02 4.602789783477783203e+01 2.248572921752929688e+01 2.704498863220214844e+01
2.292360839843750000e+02 4.329534816741944070e+01 2.272016906738281250e+01 2.602250862121581321e+01
2.239895191192626953e+02 3.818060493469237571e+01 2.455120468139648438e+01 2.670885848999024148e+01
2.298230228424072266e+02 3.908903789520262961e+01 2.368880081176757812e+01 2.706147956848145242e+01
2.307665891647338867e+02 3.923329734802246094e+01 2.339540290832519531e+01 2.703167343139648438e+01
2.310524854660034180e+02 4.069453620910644531e+01 2.315810585021972656e+01 2.773221969604492188e+01
2.293398704528808594e+02 3.878707218170166016e+01 2.443897247314453125e+01 2.840261650085449219e+01
2.291943788528442383e+02 4.110965347290039062e+01 2.269982719421386719e+01 2.587882995605468750e+01
2.272631978988647461e+02 3.562610340118408203e+01 2.521201515197753906e+01 2.787242698669433594e+01
2.322725486755371094e+02 3.766090106964110618e+01 2.435183715820312500e+01 2.825588035583496804e+01
2.312785024642944336e+02 3.900158119201660867e+01 2.379892921447753906e+01 2.582722854614257102e+01
2.330580654144287109e+02 3.765697193145751953e+01 2.224392318725585938e+01 2.498511314392089844e+01
2.295794773101806641e+02 3.610919284820556641e+01 2.351774215698242188e+01 2.483524131774902344e+01
2.314682140350341797e+02 3.724084949493408203e+01 2.415420150756835938e+01 2.682726860046386719e+01
2.317028808593750000e+02 3.674313735961914062e+01 2.338800811767578125e+01 2.576676940917968750e+01
2.301391515731811523e+02 3.712069511413574929e+01 2.405955696105957031e+01 2.574186325073242188e+01
2.302617740631103516e+02 3.726910495758057351e+01 2.386704635620117188e+01 2.627664756774902344e+01
2.292301158905029297e+02 3.661034011840821023e+01 2.439304733276367188e+01 2.513884735107421875e+01
2.320252370834350586e+02 3.481660270690918679e+01 2.345981025695800781e+01 2.642923355102539062e+01
2.323755884170532227e+02 3.463549709320069070e+01 2.314292716979980469e+01 2.674126625061035156e+01
2.340309877395629883e+02 3.346199893951416726e+01 2.171431541442871094e+01 2.762795066833496094e+01
2.345101251602172852e+02 3.412673759460449219e+01 2.185572624206542969e+01 2.713141250610351562e+01
2.323358449935913086e+02 3.411004734039305930e+01 2.187814521789550781e+01 2.542978477478027344e+01
2.309827318191528320e+02 3.264632606506346946e+01 2.431738853454589844e+01 2.767168807983398438e+01
2.331264095306396484e+02 3.461190223693846946e+01 2.339099502563476562e+01 2.687383651733398438e+01
2.333372192382812500e+02 3.467636108398436789e+01 2.200695037841796875e+01 2.454882812500000000e+01
2.307481451034545898e+02 3.345072269439697266e+01 2.264502143859863281e+01 2.717259788513183594e+01
2.306997241973876953e+02 3.298603343963623047e+01 2.371516036987304688e+01 2.385915565490722656e+01
2.306805629730224609e+02 3.107640457153320312e+01 2.395956802368164062e+01 2.652046203613281250e+01
2.285527362823486328e+02 3.059533882141113281e+01 2.613926315307617188e+01 2.825603103637695312e+01
2.316171522140502930e+02 3.243574523925781250e+01 2.348700904846191406e+01 2.285687255859375000e+01
2.321938085556030273e+02 3.276808738708496804e+01 2.169933509826660156e+01 2.476350784301757812e+01
2.297196855545043945e+02 3.002382183074952593e+01 2.349403190612792969e+01 2.595913887023925781e+01
2.323159122467041016e+02 3.227433204650881038e+01 2.144481277465820312e+01 2.418444442749023438e+01
2.291892347335815430e+02 2.968695449829103694e+01 2.237230873107910156e+01 2.655529785156250000e+01
2.305644330978393555e+02 3.165555572509767046e+01 2.236735725402832031e+01 2.594591522216796875e+01
2.277947645187377930e+02 3.228706073760987749e+01 2.210115242004394531e+01 2.465161705017089844e+01
2.297677555084228516e+02 3.123285675048829546e+01 2.119727706909179688e+01 2.470059204101562500e+01
2.298023490905761719e+02 3.354301261901856890e+01 2.056404876708984375e+01 2.288103103637695312e+01
2.291843748092651367e+02 3.447332763671876421e+01 2.076559638977050781e+01 2.329855346679687500e+01
2.280609855651855469e+02 3.362548160552979937e+01 2.143831634521484375e+01 2.318340110778808594e+01
2.292128171920776367e+02 3.197127628326417437e+01 2.205872535705566406e+01 2.425777244567871094e+01
2.290185985565185547e+02 3.088739776611330257e+01 2.108223342895507812e+01 2.378931427001953125e+01
2.266506910324096680e+02 3.003133201599123225e+01 2.200486183166503906e+01 2.440089035034179688e+01
2.287353258132934570e+02 3.132139396667483311e+01 2.183960533142089844e+01 2.345777511596679688e+01
2.296135673522949219e+02 2.996746730804446202e+01 2.210101318359375000e+01 2.383828926086425781e+01
2.285226411819458008e+02 3.052906894683840733e+01 2.111103630065917969e+01 2.224207878112792969e+01
2.277638969421386719e+02 2.908419418334963780e+01 2.124752807617187500e+01 2.158162689208984375e+01
2.287154750823974609e+02 2.483535289764407139e+01 2.267529678344726562e+01 2.550270271301269531e+01
2.288596191406250000e+02 2.520444393157961827e+01 2.378877258300781250e+01 2.743840980529785156e+01
2.295102653503417969e+02 2.779230213165285335e+01 2.531130218505859375e+01 2.655788993835449219e+01
2.299924144744873047e+02 2.872658920288088069e+01 2.487615585327148438e+01 2.677012634277343750e+01
2.301493654251098633e+02 3.104807758331300960e+01 2.524645042419433594e+01 2.660289573669433594e+01
2.257871723175048828e+02 3.118865871429445491e+01 2.834518051147460938e+01 2.765871620178222656e+01
2.272357988357543945e+02 3.394875240325929866e+01 2.863084983825683594e+01 2.807471656799316406e+01
2.280408487319946289e+02 3.323904991149904475e+01 2.920567131042480469e+01 2.734498214721679688e+01
2.260303792953491211e+02 3.414112949371340022e+01 3.045493507385253906e+01 2.690758323669433594e+01
2.249860029220581055e+02 3.501755332946779475e+01 3.019626808166503906e+01 2.569854354858398438e+01
2.273709983825683594e+02 3.452853202819826350e+01 2.765777587890625000e+01 2.463383865356445312e+01
2.256134605407714844e+02 3.450122928619387608e+01 2.987583160400390625e+01 2.458813285827636719e+01
2.279337797164916992e+02 3.308127403259280186e+01 2.842436408996582031e+01 2.529364395141601562e+01
2.264023723602294922e+02 3.246735191345217686e+01 2.879597854614257812e+01 2.352089309692382812e+01
2.257343015670776367e+02 3.154741573333743787e+01 2.983590126037597656e+01 2.360413551330566406e+01
2.267625293731689453e+02 3.165328216552737217e+01 3.086667251586914062e+01 2.347521972656250000e+01
2.264743947982788086e+02 3.153997135162356358e+01 3.078942298889160156e+01 2.364749717712402344e+01
2.242193946838378906e+02 3.124056243896487217e+01 3.203102111816406250e+01 2.370817565917968750e+01
2.265422687530517578e+02 2.967506885528567295e+01 3.007946395874023438e+01 2.319916343688964844e+01
2.253316392898559570e+02 3.208741950988772373e+01 3.183194541931152344e+01 2.191992568969726562e+01
2.266678495407104492e+02 3.154748725891116123e+01 3.024110603332519531e+01 2.236022567749023438e+01
2.269146184921264648e+02 3.242034912109378553e+01 3.104514503479003906e+01 2.230497741699218750e+01
2.273556318283081055e+02 3.126569366455081678e+01 3.000112342834472656e+01 2.289707183837890625e+01
2.306052389144897461e+02 3.079815387725834341e+01 2.830951881408691406e+01 2.393491172790527344e+01
2.327102317810058594e+02 3.317588520050053802e+01 2.729849243164062500e+01 2.264259910583496094e+01
2.316237144470214844e+02 3.218028163909917083e+01 2.681845092773437500e+01 2.421774482727050781e+01
2.305274000167846680e+02 3.283958530426030364e+01 2.572318458557128906e+01 2.535239219665527344e+01
2.330256824493408203e+02 3.301504707336430045e+01 2.623468399047851562e+01 2.458731460571289062e+01
2.318448686599731445e+02 3.170343780517582388e+01 2.637579917907714844e+01 2.564456939697265625e+01
2.331583433151245117e+02 2.997833251953129974e+01 2.550812721252441406e+01 2.729683685302734375e+01
2.347218160629272461e+02 2.994293212890629974e+01 2.540462684631347656e+01 2.868588256835937500e+01
2.332370681762695312e+02 3.088448143005376068e+01 2.591949462890625000e+01 2.811909866333007812e+01
2.330071878433227539e+02 3.073976135253911224e+01 2.546891593933105469e+01 2.807221984863281250e+01
2.305596599578857422e+02 3.063432598114017935e+01 2.533683395385742188e+01 2.740466499328613281e+01
2.332900714874267578e+02 3.017067527771000357e+01 2.406956863403320312e+01 2.712857437133789062e+01
2.341089830398559570e+02 3.234299468994144178e+01 2.387405967712402344e+01 2.775000762939453125e+01
2.347949676513671875e+02 3.136254119873049717e+01 2.573179626464843750e+01 2.750708007812500000e+01
2.359340190887451172e+02 3.048453617095949397e+01 2.516341018676757812e+01 2.802789878845214844e+01
2.348245868682861328e+02 3.078030681610108843e+01 2.570553970336914062e+01 3.040616798400878906e+01
2.363765907287597656e+02 3.028370571136476030e+01 2.708851623535156250e+01 3.061310768127441406e+01
2.346729907989501953e+02 3.120955371856690874e+01 2.560094070434570312e+01 2.903050804138183594e+01
2.362632656097412109e+02 3.175042152404786577e+01 2.720854568481445312e+01 2.814310836791992188e+01
2.351227617263793945e+02 3.235121822357179155e+01 2.502341270446777344e+01 2.849712562561035156e+01
2.366393918991088867e+02 3.435039710998535867e+01 2.510203742980957031e+01 2.554870223999023438e+01
2.368895387649536133e+02 3.499805641174317117e+01 2.376555442810058594e+01 2.612733078002929688e+01
2.367021207809448242e+02 3.449298954010010476e+01 2.413029670715332031e+01 2.576753807067871094e+01
2.363795814514160156e+02 3.486361503601074929e+01 2.404698944091796875e+01 2.554190444946289062e+01
2.379629392623901367e+02 3.444740772247315164e+01 2.299241065979003906e+01 2.470465660095214844e+01
2.380689077377319336e+02 3.409387207031250711e+01 2.270329475402832031e+01 2.486650848388671875e+01
2.378378143310546875e+02 3.352752590179444070e+01 2.278598785400390625e+01 2.551484870910644531e+01
2.401091451644897461e+02 3.314974117279053445e+01 2.158190345764160156e+01 2.744445228576660156e+01
2.415932779312133789e+02 3.335786533355712891e+01 2.118542289733886719e+01 2.677963829040527344e+01
2.419747486114501953e+02 3.251581573486328125e+01 2.165118026733398438e+01 2.670439147949218750e+01
2.431444196701049805e+02 3.324429225921630859e+01 2.105582618713378906e+01 2.524219703674316406e+01
2.413558197021484375e+02 3.336309528350830789e+01 2.217005157470703125e+01 2.549367332458496094e+01
2.392113876342773438e+02 3.173051071166992898e+01 2.304911804199218750e+01 2.596368408203125000e+01
2.405242252349853516e+02 3.216802787780761719e+01 2.291556930541992188e+01 2.493644332885742188e+01
2.428404941558837891e+02 3.206587505340576172e+01 2.139684677124023438e+01 2.489732551574707031e+01
2.425158796310424805e+02 3.158977508544922586e+01 2.095070838928222656e+01 2.481091308593750000e+01
2.440602149963378906e+02 3.156423854827881570e+01 2.088078308105468750e+01 2.576700019836425781e+01
2.427298479080200195e+02 3.103950595855714312e+01 2.202644157409667969e+01 2.626977348327636719e+01
2.439892826080322266e+02 3.008306789398194780e+01 2.239368057250976562e+01 2.660211372375488281e+01
2.424482297897338867e+02 3.201069450378418679e+01 2.272278785705566406e+01 2.585386276245117188e+01
2.432526779174804688e+02 3.113539123535156961e+01 2.278469848632812500e+01 2.589810943603515625e+01
2.416499414443969727e+02 3.136043453216552734e+01 2.232542991638183594e+01 2.588701820373535156e+01
2.397481489181518555e+02 3.092291164398193359e+01 2.327748298645019531e+01 2.598745155334472656e+01
2.403388414382934570e+02 3.193660163879395242e+01 2.306622123718261719e+01 2.570488357543945312e+01
2.408062887191772461e+02 3.118837261199951172e+01 2.257139778137207031e+01 2.564052009582519531e+01
2.402506227493286133e+02 3.156992435455322266e+01 2.281579399108886719e+01 2.473581504821777344e+01
2.400339689254760742e+02 3.107533836364746094e+01 2.201603889465332031e+01 2.488969802856445312e+01
2.407783432006835938e+02 3.051101398468017578e+01 2.310063171386718750e+01 2.543730735778808594e+01
2.401556797027587891e+02 3.041161918640136719e+01 2.264640426635742188e+01 2.477449417114257812e+01
2.419550523757934570e+02 3.113144779205322266e+01 2.258050346374511719e+01 2.430566978454589844e+01
2.437574224472045898e+02 2.941106128692626953e+01 2.201698493957519531e+01 2.475190544128417969e+01
2.434357309341430664e+02 2.876153087615966797e+01 2.045477104187011719e+01 2.398516273498535156e+01
2.425837907791137695e+02 2.966359615325927734e+01 2.238919639587402344e+01 2.353669929504394531e+01
2.419450798034667969e+02 2.934561729431152344e+01 2.250767517089843750e+01 2.369521713256835938e+01
2.433641624450683594e+02 2.806540584564209695e+01 2.197008514404296875e+01 2.439567756652832031e+01
2.425248985290527344e+02 2.876370334625245562e+01 2.160486602783203125e+01 2.492493247985839844e+01
2.428062601089477539e+02 2.823502731323244319e+01 2.144491386413574219e+01 2.526924133300781250e+01
2.420333690643310547e+02 2.802884387969972835e+01 2.217263412475585938e+01 2.527837181091308594e+01
2.405831985473632812e+02 2.847061347961427913e+01 2.303641510009765625e+01 2.517687606811523438e+01
2.393592605590820312e+02 2.867896842956545100e+01 2.281897735595703125e+01 2.543764877319335938e+01
2.400674180984497070e+02 2.882372093200685725e+01 2.299489402770996094e+01 2.554986190795898438e+01
2.397707748413085938e+02 2.899334716796877132e+01 2.220054626464843750e+01 2.575862884521484375e+01
2.393029823303222656e+02 2.913421440124513850e+01 2.224489593505859375e+01 2.491788101196289062e+01
2.402538337707519531e+02 2.929574871063234554e+01 2.220140838623046875e+01 2.580500221252441406e+01
2.434539718627929688e+02 2.736800479888918147e+01 2.027661132812500000e+01 2.501727104187011719e+01
2.439094228744506836e+02 2.706799030303957210e+01 1.894894599914550781e+01 2.306774711608886719e+01
2.419209718704223633e+02 2.698950195312502132e+01 1.971167564392089844e+01 2.215126037597656250e+01
2.423394346237182617e+02 2.882602119445802913e+01 1.881752204895019531e+01 2.211682510375976562e+01
2.411718931198120117e+02 2.749910736083986507e+01 2.116121101379394531e+01 2.318929290771484375e+01
2.430848436355590820e+02 2.768790626525881038e+01 2.132582664489746094e+01 2.336332321166992188e+01
2.434397048950195312e+02 2.771059417724611507e+01 2.161015319824218750e+01 2.451646423339843750e+01
2.442574396133422852e+02 2.787001895904543858e+01 2.037492942810058594e+01 2.373664665222167969e+01
2.437738723754882812e+02 2.645955371856692295e+01 1.991271972656250000e+01 2.329849815368652344e+01
2.419117794036865234e+02 2.625380134582522373e+01 2.058899307250976562e+01 2.454316329956054688e+01
2.419551210403442383e+02 2.598734855651858311e+01 2.013246726989746094e+01 2.426735305786132812e+01
2.413482761383056641e+02 2.617580986022952061e+01 1.982632827758789062e+01 2.389252090454101562e+01
2.417263412475585938e+02 2.665835571289065342e+01 1.990651702880859375e+01 2.463887786865234375e+01
2.384079704284667969e+02 2.608402729034426670e+01 2.061474609375000000e+01 2.369660758972167969e+01
2.371620149612426758e+02 2.383819293975832920e+01 2.187802696228027344e+01 2.514719200134277344e+01
2.379067735671997070e+02 2.269537544250491123e+01 2.273341941833496094e+01 2.591765213012695312e+01
2.404969863891601562e+02 1.961970996856691585e+01 2.156214141845703125e+01 2.684799766540527344e+01
2.404432811737060547e+02 1.725958728790285335e+01 2.186281967163085938e+01 2.763235282897949219e+01
2.414598913192749023e+02 1.546385765075686436e+01 2.338076972961425781e+01 2.693710708618164062e+01
2.433487129211425781e+02 1.393510532379153233e+01 2.270172882080078125e+01 2.692880821228027344e+01
2.453725900650024414e+02 1.081926250457767225e+01 2.295028495788574219e+01 2.732779884338378906e+01
2.462052764892578125e+02 9.062155723571812871e+00 2.393943786621093750e+01 2.586392402648925781e+01
2.468730669021606445e+02 6.451367378234898808e+00 2.302387046813964844e+01 2.746077537536621094e+01
2.469749336242675781e+02 5.982444763183629277e+00 2.402311706542968750e+01 2.734189605712890625e+01
2.448566818237304688e+02 9.494115829467801859e+00 2.560954284667968750e+01 2.634982681274414062e+01
2.456882410049438477e+02 6.687874794006376078e+00 2.616136741638183594e+01 2.810383415222167969e+01
2.434427223205566406e+02 8.705398559570340922e+00 2.864782714843750000e+01 2.881132507324218750e+01
2.394218101501464844e+02 9.151167869567899515e+00 2.676230621337890625e+01 2.962853431701660156e+01
2.408962564468383789e+02 8.231485366821317484e+00 2.650836753845214844e+01 2.923917007446289062e+01
2.440166883468627930e+02 8.022813796997098734e+00 2.617538642883300781e+01 2.924418258666992188e+01
2.361924562454223633e+02 7.017969131469754984e+00 2.793816947937011719e+01 2.852164077758789062e+01
2.279534645080566406e+02 6.924862861633329203e+00 3.201174926757812500e+01 2.935280418395996094e+01
2.193928089141845703e+02 3.231663703918492558e+00 3.868781661987304688e+01 3.073636436462402344e+01
2.182690505981445312e+02 2.013351440429723027e+00 4.060723876953125000e+01 3.364186096191406250e+01
2.166885566711425781e+02 1.733024597168004277e+00 3.988915252685546875e+01 3.334196472167968750e+01
2.169340648651123047e+02 3.435701370239293340e+00 4.042622756958007812e+01 3.279839706420898438e+01
2.180557537078857422e+02 3.507356643676793340e+00 3.955098342895507812e+01 3.320388412475585938e+01
2.172132263183593750e+02 3.635841369628941777e+00 3.872195434570312500e+01 3.311172485351562500e+01
2.172918624877929688e+02 5.530885696411168340e+00 3.961401367187500000e+01 3.389464950561523438e+01
2.157594223022460938e+02 5.217756271362340215e+00 3.944984436035156250e+01 3.310048294067382812e+01
2.168085918426513672e+02 6.961299896240269902e+00 3.995804214477539062e+01 3.449954986572265625e+01
2.163879909515380859e+02 5.988933563232457402e+00 4.192050552368164062e+01 3.469898223876953125e+01
2.167433872222900391e+02 7.065090179443394902e+00 4.170840072631835938e+01 3.569194793701171875e+01
2.158366050720214844e+02 8.430053710937535527e+00 4.306656646728515625e+01 3.782339477539062500e+01
2.160939788818359375e+02 8.510932922363316777e+00 4.264613342285156250e+01 4.009057617187500000e+01
2.196160373687744141e+02 1.155707931518558240e+01 3.964812850952148438e+01 3.971149444580078125e+01
2.381544265747070312e+02 2.533363151550296521e+01 2.236401367187500000e+01 3.012901687622070312e+01
2.402802295684814453e+02 2.988898181915286756e+01 2.179883956909179688e+01 2.870690727233886719e+01
2.392006692886352539e+02 3.126789855957034803e+01 2.240254020690917969e+01 2.905998229980468750e+01
2.390975790023803711e+02 3.416692829132082920e+01 2.186374855041503906e+01 2.777819633483886719e+01
2.384517755508422852e+02 3.482981204986575818e+01 2.243218040466308594e+01 2.781735801696777344e+01
2.373570566177368164e+02 3.594838333129886365e+01 2.336717033386230469e+01 2.757095336914062500e+01
2.382514581680297852e+02 3.685172462463382459e+01 2.300541496276855469e+01 2.684879684448242188e+01
2.380968255996704102e+02 3.647479343414310193e+01 2.267592430114746094e+01 2.738207054138183594e+01
2.391683082580566406e+02 3.715535068511966443e+01 2.239544677734375000e+01 2.687535667419432883e+01
2.405683879852294922e+02 3.621322250366214490e+01 2.266307449340820312e+01 2.803936004638671164e+01
2.406831760406494141e+02 3.706967163085940342e+01 2.467313003540039062e+01 2.789454650878906250e+01
2.406858882904052734e+02 3.984223651885989881e+01 2.458246231079101562e+01 2.831584739685057883e+01
2.426051435470581055e+02 4.324564933776858311e+01 2.397953224182128906e+01 2.741784286499023438e+01
2.417439289093017578e+02 4.804179477691652522e+01 2.469294357299804688e+01 2.555339622497559304e+01
2.405525436401367188e+02 5.061099433898928623e+01 2.535665130615234375e+01 2.773730087280273438e+01
2.425606632232666016e+02 5.342369079589846592e+01 2.552080154418945312e+01 2.691678619384765625e+01
2.421723337173461914e+02 5.518977737426760655e+01 2.729027366638183594e+01 2.690525817871093750e+01
2.420510425567626953e+02 5.444935703277590733e+01 2.539198684692382812e+01 2.632028007507324219e+01
2.415975513458251953e+02 5.172070789337161045e+01 2.611360549926757812e+01 2.649756431579589844e+01
