9.600000000000000000e+01 8.300000000000000000e+01 1.600000000000000000e+01 1.600000000000000000e+01
9.652823925018310547e+01 8.219632625579833984e+01 1.517883491516113281e+01 1.701872444152832031e+01
9.606883955001831055e+01 8.244576549530029297e+01 1.518444156646728516e+01 1.713397407531738281e+01
9.643801879882812500e+01 8.167078876495361328e+01 1.542294311523437500e+01 1.686336326599121094e+01
9.596624040603637695e+01 8.189184379577636719e+01 1.532000637054443359e+01 1.717314529418945312e+01
9.625541210174560547e+01 8.223715305328369141e+01 1.584349250793457031e+01 1.736343955993652344e+01
9.598751354217529297e+01 8.277956104278564453e+01 1.524766731262207031e+01 1.685861015319824219e+01
9.617423009872436523e+01 8.203139495849609375e+01 1.564896106719970703e+01 1.679280471801757812e+01
9.680660915374755859e+01 8.212043476104736328e+01 1.530051612854003906e+01 1.727897834777832031e+01
9.689143276214599609e+01 8.195824909210205078e+01 1.503090858459472656e+01 1.698539924621582031e+01
9.661001300811767578e+01 8.282738113403320312e+01 1.569096183776855469e+01 1.717183303833007812e+01
9.661233997344970703e+01 8.261561679840087891e+01 1.549884605407714844e+01 1.704728889465332031e+01
9.660757780075073242e+01 8.244319343566894531e+01 1.524387454986572266e+01 1.698993682861328125e+01
9.573253870010375977e+01 8.264054870605468750e+01 1.568591594696044922e+01 1.743785476684570312e+01
9.609578895568847656e+01 8.193799114227294922e+01 1.609232711791992188e+01 1.722460746765136719e+01
9.519196033477783203e+01 8.221651363372802734e+01 1.631116294860839844e+01 1.748135185241699219e+01
9.619565963745117188e+01 8.197456264495849609e+01 1.607352447509765625e+01 1.744094657897949219e+01
9.561827945709228516e+01 8.321893405914306641e+01 1.582459068298339844e+01 1.681346321105957031e+01
9.547759437561035156e+01 8.292919254302978516e+01 1.565091323852539062e+01 1.698245429992675781e+01
9.615734672546386719e+01 8.414762020111083984e+01 1.605300521850585938e+01 1.769643211364746094e+01
9.575524425506591797e+01 8.391772747039794922e+01 1.623130989074707031e+01 1.742368888854980469e+01
9.690327501296997070e+01 8.401899242401123047e+01 1.503951168060302734e+01 1.767213249206542969e+01
9.703049421310424805e+01 8.446269702911376953e+01 1.538830661773681641e+01 1.754084205627441406e+01
9.532976055145263672e+01 8.508970928192138672e+01 1.629287528991699219e+01 1.762849998474121094e+01
9.721434783935546875e+01 8.542852973937988281e+01 1.537718582153320312e+01 1.661386871337890625e+01
9.588290214538574219e+01 8.586732101440429688e+01 1.559511566162109375e+01 1.657892990112304688e+01
9.500676584243774414e+01 8.562510967254638672e+01 1.592619609832763672e+01 1.619705772399902344e+01
9.697762012481689453e+01 8.537455844879150391e+01 1.564738273620605469e+01 1.741541481018066406e+01
9.506819868087768555e+01 8.406585884094238281e+01 1.598974704742431641e+01 1.630120468139648438e+01
9.386236476898193359e+01 8.454978084564208984e+01 1.685993766784667969e+01 1.727449989318847656e+01
9.196136856079101562e+01 8.484656429290771484e+01 1.645113754272460938e+01 1.640318489074707031e+01
8.948634529113769531e+01 8.710097599029541016e+01 1.631933212280273438e+01 1.650715446472167969e+01
8.544514751434326172e+01 8.501138114929199219e+01 1.700797462463378906e+01 1.907242202758789062e+01
8.383134937286376953e+01 8.866512489318847656e+01 1.477399253845214844e+01 1.714278030395507812e+01
8.182170200347900391e+01 9.271956157684326172e+01 1.583302879333496094e+01 1.697052192687988281e+01
7.912086963653564453e+01 9.292848777770996094e+01 1.684124946594238281e+01 1.761395645141601562e+01
7.731386566162109375e+01 9.370193004608154297e+01 1.715313339233398438e+01 1.817050361633300781e+01
7.518597030639648438e+01 9.748306751251220703e+01 1.980865859985351562e+01 1.917461204528808594e+01
7.766160392761230469e+01 9.815846252441406250e+01 1.751177215576171875e+01 1.994592285156250000e+01
6.974807643890380859e+01 9.331914615631103516e+01 1.689602851867675781e+01 1.741737174987792969e+01
6.912680864334106445e+01 9.485214710235595703e+01 1.468105983734130859e+01 1.635803794860839844e+01
7.028282737731933594e+01 9.645332908630371094e+01 1.487091445922851562e+01 1.615802383422851562e+01
7.185783481597900391e+01 9.615594768524169922e+01 1.534759330749511719e+01 1.647706031799316406e+01
7.335007619857788086e+01 9.771694517135620117e+01 1.466071796417236328e+01 1.593750858306884766e+01
7.626052951812744141e+01 9.639405822753906250e+01 1.615032005310058594e+01 1.625445938110351562e+01
7.854754495620727539e+01 9.583418464660644531e+01 1.560524272918701172e+01 1.626643371582031250e+01
8.117735385894775391e+01 9.467900753021240234e+01 1.522052574157714844e+01 1.577147865295410156e+01
8.386224317550659180e+01 9.296606826782226562e+01 1.439321994781494141e+01 1.571860885620117188e+01
8.586867094039916992e+01 9.174841594696044922e+01 1.480942630767822266e+01 1.607326698303222656e+01
8.776071310043334961e+01 9.080115318298339844e+01 1.504448413848876953e+01 1.523539352416992188e+01
8.814334630966186523e+01 8.979472255706787109e+01 1.548943805694580078e+01 1.619844627380371094e+01
8.848138046264648438e+01 8.828647041320800781e+01 1.746102905273437500e+01 1.772225952148437500e+01
8.956009578704833984e+01 8.707470226287841797e+01 1.920340156555175781e+01 1.886142539978027344e+01
9.181700325012207031e+01 8.730894565582275391e+01 1.953661727905273438e+01 1.944527626037597656e+01
1.105897150039672852e+02 7.839542579650878906e+01 1.853316307067871094e+01 2.039250183105468750e+01
1.110975914001464844e+02 7.828164005279541016e+01 1.879383087158203125e+01 1.995819282531738281e+01
1.117828378677368164e+02 7.896320724487304688e+01 1.871008872985839844e+01 2.007194137573242188e+01
1.114670486450195312e+02 7.869549846649169922e+01 1.843594360351562500e+01 1.990709495544433594e+01
1.113738784790039062e+02 7.873535060882568359e+01 1.946989440917968750e+01 2.027539634704589844e+01
1.114880723953247070e+02 7.834745502471923828e+01 1.846688652038574219e+01 2.023716163635253906e+01
1.103125762939453125e+02 7.859923458099365234e+01 1.956932067871093750e+01 2.102316093444824219e+01
1.110700740814208984e+02 7.877750301361083984e+01 1.921042251586914062e+01 2.056587028503417969e+01
1.102807579040527344e+02 7.870678520202636719e+01 1.926348876953125000e+01 2.018613433837890625e+01
1.121237478256225586e+02 7.829974174499511719e+01 1.966296577453613281e+01 2.073307800292968750e+01
1.125383720397949219e+02 7.716972351074218750e+01 1.975461578369140625e+01 2.083499526977539062e+01
1.140510511398315430e+02 7.589647769927978516e+01 1.917289161682128906e+01 2.099621009826660156e+01
1.147320203781127930e+02 7.549756526947021484e+01 1.983138465881347656e+01 2.117346000671386719e+01
1.143833036422729492e+02 7.617751789093017578e+01 1.920466804504394531e+01 2.010010719299316406e+01
1.157802381515502930e+02 7.472590732574462891e+01 1.989643287658691406e+01 2.092716407775878906e+01
1.153316755294799805e+02 7.532130527496337891e+01 1.896248817443847656e+01 1.978440284729003906e+01
1.166193847656250000e+02 7.418440818786621094e+01 1.975857543945312500e+01 2.076789855957031250e+01
1.173302230834960938e+02 7.402684593200683594e+01 1.899070739746093750e+01 2.031514739990234375e+01
1.171589899063110352e+02 7.412013339996337891e+01 1.868124198913574219e+01 1.993676185607910156e+01
1.172464456558227539e+02 7.484372901916503906e+01 1.816986656188964844e+01 2.023817443847656250e+01
1.165234756469726562e+02 7.488259315490722656e+01 1.874005889892578125e+01 2.025366973876953125e+01
1.164041862487792969e+02 7.469569969177246094e+01 1.871199798583984375e+01 2.006014251708984375e+01
1.159852914810180664e+02 7.436737442016601562e+01 1.951235771179199219e+01 2.002296066284179688e+01
1.153932600021362305e+02 7.532420921325683594e+01 1.952140998840332031e+01 1.989550018310546875e+01
1.156108417510986328e+02 7.429141712188720703e+01 1.920859909057617188e+01 1.961789131164550781e+01
1.165963411331176758e+02 7.509520912170410156e+01 1.877849388122558594e+01 1.942044830322265625e+01
1.167314872741699219e+02 7.485162830352783203e+01 1.900040435791015625e+01 2.001091957092285156e+01
1.164367990493774414e+02 7.371923732757568359e+01 1.981374931335449219e+01 2.106776237487792969e+01
1.168611326217651367e+02 7.420963382720947266e+01 1.922794532775878906e+01 2.010392189025878906e+01
1.169234924316406250e+02 7.366868877410888672e+01 1.896015167236328125e+01 2.042896842956542969e+01
1.160345363616943359e+02 7.417059135437011719e+01 1.972466659545898438e+01 2.129798889160156250e+01
1.170548534393310547e+02 7.373736095428466797e+01 1.878010177612304688e+01 1.986485862731933594e+01
1.164463634490966797e+02 7.380802345275878906e+01 1.922854995727539062e+01 2.101352691650390625e+01
1.142199902534484863e+02 6.174932909011840820e+01 1.506871700286865234e+01 1.530148220062255859e+01
1.148582587242126465e+02 6.197333288192749023e+01 1.441155719757080078e+01 1.457382678985595703e+01
1.145443277359008789e+02 6.264835405349731445e+01 1.437807655334472656e+01 1.488785076141357422e+01
1.148139081001281738e+02 6.180992984771728516e+01 1.405944728851318359e+01 1.416084480285644531e+01
1.148097624778747559e+02 6.238223552703857422e+01 1.432342624664306641e+01 1.480586814880371094e+01
1.150998563766479492e+02 6.231565952301025391e+01 1.443248558044433594e+01 1.462600898742675781e+01
1.170962409973144531e+02 7.443926906585693359e+01 1.872138595581054688e+01 1.996075248718261719e+01
1.163395786285400391e+02 7.482925319671630859e+01 1.889685058593750000e+01 2.044264030456542969e+01
1.163169488906860352e+02 7.365275382995605469e+01 1.879255867004394531e+01 1.928913116455078125e+01
1.160503864288330078e+02 7.378237724304199219e+01 1.924143981933593750e+01 2.040003967285156250e+01
1.157817831039428711e+02 7.422342300415039062e+01 1.912183952331542969e+01 2.002958297729492188e+01
1.168387031555175781e+02 7.408999347686767578e+01 1.826849746704101562e+01 1.953373146057128906e+01
1.158611440658569336e+02 7.452892208099365234e+01 1.902618980407714844e+01 1.967436027526855469e+01
1.167117280960083008e+02 7.462973117828369141e+01 1.959546852111816406e+01 2.015415382385253906e+01
1.167119274139404297e+02 7.398703956604003906e+01 1.858688354492187500e+01 1.959253692626953125e+01
1.152667961120605469e+02 7.478685569763183594e+01 1.933995437622070312e+01 2.039547729492187500e+01
1.165965671539306641e+02 7.414767837524414062e+01 1.901377105712890625e+01 1.979841995239257812e+01
1.163843374252319336e+02 7.531665420532226562e+01 1.801720237731933594e+01 1.937764358520507812e+01
1.158396215438842773e+02 7.326523780822753906e+01 1.958288383483886719e+01 2.048455047607421875e+01
1.148522195816040039e+02 7.377001762390136719e+01 1.986625862121582031e+01 2.038019561767578125e+01
1.188091421127319336e+02 7.475264263153076172e+01 1.796948051452636719e+01 1.959160423278808594e+01
1.171008071899414062e+02 7.303142738342285156e+01 1.969465255737304688e+01 2.026306915283203125e+01
1.220310459136962891e+02 7.319449996948242188e+01 1.759038543701171875e+01 1.939703750610351562e+01
1.206514568328857422e+02 7.317803573608398438e+01 1.689093017578125000e+01 1.910321426391601562e+01
1.218453054428100586e+02 7.252182483673095703e+01 1.737452507019042969e+01 1.922077369689941406e+01
1.210702676773071289e+02 7.324778461456298828e+01 1.685323524475097656e+01 1.987439155578613281e+01
1.246321516036987305e+02 7.305296897888183594e+01 1.722504234313964844e+01 1.929762268066406250e+01
1.230514726638793945e+02 7.282564926147460938e+01 1.809012031555175781e+01 2.012060928344726562e+01
1.229790201187133789e+02 7.283315467834472656e+01 1.768653297424316406e+01 2.035179138183593750e+01
1.243018417358398438e+02 7.267786788940429688e+01 1.683253097534179688e+01 1.990755844116210938e+01
1.238611164093017578e+02 7.178526401519775391e+01 1.916396331787109375e+01 2.034468269348144531e+01
1.229413003921508789e+02 7.370446586608886719e+01 1.870324134826660156e+01 1.938753509521484375e+01
1.283450870513916016e+02 7.292448520660400391e+01 1.885824584960937500e+01 1.999170875549316406e+01
1.264216718673706055e+02 7.306834602355957031e+01 1.972115898132324219e+01 2.110831451416015625e+01
1.300972604751586914e+02 7.348259353637695312e+01 1.904146003723144531e+01 2.097782516479492188e+01
1.462208204269409180e+02 7.272476959228515625e+01 1.957291984558105469e+01 1.988621902465820312e+01
1.459611911773681641e+02 7.283032131195068359e+01 1.970889282226562500e+01 1.965810966491699219e+01
1.468099708557128906e+02 7.288765621185302734e+01 1.976189041137695312e+01 1.966475486755371094e+01
1.467538528442382812e+02 7.255464172363281250e+01 1.990167617797851562e+01 2.017199325561523438e+01
1.464428749084472656e+02 7.254661655426025391e+01 2.021769332885742188e+01 2.024006843566894531e+01
1.460276565551757812e+02 7.259832286834716797e+01 2.039392471313476562e+01 2.002676963806152344e+01
1.458618469238281250e+02 7.253662300109863281e+01 2.034118270874023438e+01 1.992789459228515625e+01
1.455397529602050781e+02 7.250286388397216797e+01 2.014758682250976562e+01 1.986319541931152344e+01
1.463470888137817383e+02 7.265465831756591797e+01 2.014741706848144531e+01 1.967262840270996094e+01
1.468835821151733398e+02 7.329174709320068359e+01 2.001482963562011719e+01 1.971473503112792969e+01
1.462674493789672852e+02 7.267881870269775391e+01 2.022728919982910156e+01 1.996267127990722656e+01
1.458035173416137695e+02 7.260111236572265625e+01 2.056595802307128906e+01 2.010941696166992188e+01
1.461269588470458984e+02 7.227979183197021484e+01 2.023131561279296875e+01 1.971583366394042969e+01
1.464928436279296875e+02 7.272528362274169922e+01 1.995523452758789062e+01 2.036604881286621094e+01
1.461835145950317383e+02 7.271340084075927734e+01 2.020129585266113281e+01 2.016041374206542969e+01
1.460752925872802734e+02 7.263670158386230469e+01 2.019911956787109375e+01 2.024451446533203125e+01
1.458670816421508789e+02 7.262169170379638672e+01 2.032969856262207031e+01 2.044302940368652344e+01
1.465423507690429688e+02 7.243502521514892578e+01 2.001676559448242188e+01 1.974612617492675781e+01
1.458604316711425781e+02 7.271702766418457031e+01 2.036668777465820312e+01 2.045153045654296875e+01
1.464332227706909180e+02 7.249154663085937500e+01 2.021771049499511719e+01 1.988756942749023438e+01
1.462954988479614258e+02 7.208568477630615234e+01 2.040731239318847656e+01 2.059778404235839844e+01
1.462614364624023438e+02 7.222747421264648438e+01 2.022970199584960938e+01 2.030011367797851562e+01
1.465684909820556641e+02 7.278414535522460938e+01 2.016796875000000000e+01 2.033737564086914062e+01
1.463058137893676758e+02 7.246579074859619141e+01 2.018055915832519531e+01 2.034404945373535156e+01
1.469481973648071289e+02 7.210867977142333984e+01 2.003826332092285156e+01 1.991546440124511719e+01
1.465355968475341797e+02 7.262827491760253906e+01 2.008319854736328125e+01 2.012689971923828125e+01
1.467211599349975586e+02 7.279265117645263672e+01 1.980750083923339844e+01 1.987936210632324219e+01
