2.010000000000000000e+02 6.100000000000000000e+01 3.200000000000000000e+01 5.400000000000000000e+01
1.990931453704833984e+02 6.295979499816894531e+01 3.496603775024414062e+01 4.935822677612304688e+01
1.996558799743652344e+02 6.364124870300292969e+01 3.506356048583984375e+01 4.774110794067382812e+01
2.002527008056640625e+02 6.020949745178222656e+01 3.409797668457031250e+01 5.143122482299804688e+01
2.006846599578857422e+02 5.958559226989746094e+01 3.362616348266601562e+01 5.185269546508789062e+01
2.007579517364501953e+02 5.900669097900390625e+01 3.346435165405273438e+01 5.137548828125000000e+01
2.010851993560791016e+02 5.920419311523437500e+01 3.292103195190429688e+01 5.182040405273437500e+01
1.988218250274658203e+02 6.386298942565917969e+01 3.501389694213867188e+01 4.676829910278320312e+01
2.002024154663085938e+02 6.317149353027343750e+01 3.332102966308593750e+01 4.835064697265625000e+01
2.006494331359863281e+02 6.142460823059082031e+01 3.309346771240234375e+01 5.015591049194335938e+01
2.001520252227783203e+02 6.126034355163574219e+01 3.341294479370117188e+01 5.006875991821289062e+01
2.000753917694091797e+02 6.229818725585937500e+01 3.332199478149414062e+01 4.893862915039062500e+01
1.999285774230957031e+02 6.158043479919433594e+01 3.357390594482421875e+01 4.939831924438476562e+01
2.002395935058593750e+02 6.065089416503906250e+01 3.397601318359375000e+01 5.057905578613281250e+01
2.001319141387939453e+02 6.106793403625488281e+01 3.369065475463867188e+01 5.020704269409179688e+01
2.007256374359130859e+02 5.992292785644531250e+01 3.327341079711914062e+01 5.172035217285156250e+01
2.004239597320556641e+02 6.067768669128417969e+01 3.338416671752929688e+01 5.043941116333007812e+01
1.991288967132568359e+02 6.339592933654785156e+01 3.452782058715820312e+01 4.811310958862304688e+01
2.002917785644531250e+02 6.237332916259765625e+01 3.354809570312500000e+01 4.995323181152343750e+01
1.999558105468750000e+02 6.144560813903808594e+01 3.397384643554687500e+01 5.049428176879882812e+01
1.996531715393066406e+02 6.043935585021972656e+01 3.418668365478515625e+01 5.078753280639648438e+01
2.001478919982910156e+02 6.115364265441894531e+01 3.411579132080078125e+01 5.016953659057617188e+01
2.003329334259033203e+02 6.085149955749511719e+01 3.367589950561523438e+01 5.101007461547851562e+01
2.004040012359619141e+02 6.167448806762695312e+01 3.402741622924804688e+01 4.950222015380859375e+01
2.012902793884277344e+02 6.096541595458984375e+01 3.391672515869140625e+01 5.025863647460937500e+01
2.023745231628417969e+02 6.253817558288574219e+01 3.586283111572265625e+01 4.907533645629882812e+01
2.037723751068115234e+02 6.284330368041992188e+01 3.531134414672851562e+01 4.839315032958984375e+01
2.046685943603515625e+02 6.160669517517089844e+01 3.572459411621093750e+01 5.000098037719726562e+01
2.033402404785156250e+02 6.191754341125488281e+01 3.684425354003906250e+01 4.855308151245117188e+01
2.045254211425781250e+02 6.123728179931640625e+01 3.616111755371093750e+01 4.991349792480468750e+01
2.036285781860351562e+02 6.208193588256835938e+01 3.661381530761718750e+01 4.875965118408203125e+01
2.038656520843505859e+02 6.016438484191894531e+01 3.655118179321289062e+01 5.129687118530273438e+01
2.039855403900146484e+02 6.029530143737792969e+01 3.456183242797851562e+01 5.008818435668945312e+01
2.023461856842041016e+02 6.023746299743652344e+01 3.527987289428710938e+01 5.087384414672851562e+01
2.028885440826416016e+02 5.932531547546386719e+01 3.374718856811523438e+01 5.234694290161132812e+01
2.031494731903076172e+02 5.966930389404296875e+01 3.283888626098632812e+01 5.230403137207031250e+01
2.026583061218261719e+02 5.997429847717285156e+01 3.367530059814453125e+01 5.213663864135742188e+01
2.038165664672851562e+02 6.044960021972656250e+01 3.246774291992187500e+01 5.168141174316406250e+01
2.037247810363769531e+02 6.055867385864257812e+01 3.412036895751953125e+01 5.133162689208984375e+01
2.042710494995117188e+02 5.982439994812011719e+01 3.406477355957031250e+01 5.240935134887695312e+01
2.048031978607177734e+02 5.886937904357910156e+01 3.489735794067382812e+01 5.321685409545898438e+01
2.055224018096923828e+02 5.942162704467773438e+01 3.334334945678710938e+01 5.251502227783203125e+01
2.050394210815429688e+02 5.745170783996582031e+01 3.428479003906250000e+01 5.431035995483398438e+01
2.047981185913085938e+02 5.815702629089355469e+01 3.368794250488281250e+01 5.363827896118164062e+01
2.054810581207275391e+02 5.895931243896484375e+01 3.411315536499023438e+01 5.337164306640625000e+01
2.056274909973144531e+02 5.930448913574218750e+01 3.455506134033203125e+01 5.263087463378906250e+01
2.068558540344238281e+02 5.825471305847167969e+01 3.390058135986328125e+01 5.375801467895507812e+01
2.072992458343505859e+02 5.769104003906250000e+01 3.468327713012695312e+01 5.373684692382812500e+01
2.065593376159667969e+02 5.839608001708984375e+01 3.560393524169921875e+01 5.274337768554687500e+01
2.076672401428222656e+02 5.793222999572753906e+01 3.473647308349609375e+01 5.338445663452148438e+01
2.074882659912109375e+02 5.740902900695800781e+01 3.527062988281250000e+01 5.362337875366210938e+01
2.074834537506103516e+02 5.832203292846679688e+01 3.449071884155273438e+01 5.241950225830078125e+01
2.055846290588378906e+02 5.795726394653320312e+01 3.596547698974609375e+01 5.278145599365234375e+01
2.070445384979248047e+02 5.767423439025878906e+01 3.389628982543945312e+01 5.319916915893554688e+01
2.069842052459716797e+02 5.804047775268554688e+01 3.475906753540039062e+01 5.308641815185546875e+01
2.076540565490722656e+02 5.708494567871093750e+01 3.390607452392578125e+01 5.354864501953125000e+01
2.068951797485351562e+02 5.832334327697753906e+01 3.480558776855468750e+01 5.271009445190429688e+01
2.078508415222167969e+02 5.756034278869628906e+01 3.333571624755859375e+01 5.324235153198242188e+01
2.062865047454833984e+02 5.695941925048828125e+01 3.550386428833007812e+01 5.392033386230468750e+01
2.070043659210205078e+02 5.749182701110839844e+01 3.372518539428710938e+01 5.380658340454101562e+01
2.072176246643066406e+02 5.787230110168457031e+01 3.421778106689453125e+01 5.284237289428710938e+01
2.057332363128662109e+02 5.716271209716796875e+01 3.450874710083007812e+01 5.378207397460937500e+01
2.057547473907470703e+02 5.695011711120605469e+01 3.538018417358398438e+01 5.381393814086914062e+01
2.047737350463867188e+02 5.831997108459472656e+01 3.464331054687500000e+01 5.297610092163085938e+01
2.049121379852294922e+02 5.785902023315429688e+01 3.443603897094726562e+01 5.337386322021484375e+01
2.043249607086181641e+02 5.725860977172851562e+01 3.399924850463867188e+01 5.366626739501953125e+01
2.015731487274169922e+02 5.676090621948242188e+01 3.571205520629882812e+01 5.407804107666015625e+01
2.023614788055419922e+02 5.696147155761718750e+01 3.481880569458007812e+01 5.394154357910156250e+01
1.988841743469238281e+02 5.769337081909179688e+01 3.709151458740234375e+01 5.301407623291015625e+01
1.989278526306152344e+02 5.820364379882812500e+01 3.477092742919921875e+01 5.289292907714843750e+01
1.970144519805908203e+02 5.745836830139160156e+01 3.591042709350585938e+01 5.314019393920898438e+01
1.952485809326171875e+02 5.792927551269531250e+01 3.584115600585937500e+01 5.231571960449218750e+01
1.927678012847900391e+02 5.775719261169433594e+01 3.687713241577148438e+01 5.247760391235351562e+01
1.927992610931396484e+02 5.783812141418457031e+01 3.431549453735351562e+01 5.304107284545898438e+01
1.909596633911132812e+02 5.728510665893554688e+01 3.552171325683593750e+01 5.323842620849609375e+01
1.884720458984375000e+02 5.687062835693359375e+01 3.655764770507812500e+01 5.316662597656250000e+01
1.889830646514892578e+02 5.780988311767578125e+01 3.520966720581054688e+01 5.230709838867187500e+01
1.863027076721191406e+02 5.737980270385742188e+01 3.505149078369140625e+01 5.272400665283203125e+01
1.842726936340332031e+02 5.733472633361816406e+01 3.620012664794921875e+01 5.257235336303710938e+01
1.832937335968017578e+02 5.703054618835449219e+01 3.603467941284179688e+01 5.322060012817382812e+01
1.822257575988769531e+02 5.651618576049804688e+01 3.588195037841796875e+01 5.347592926025390625e+01
1.816357688903808594e+02 5.702425956726074219e+01 3.547556304931640625e+01 5.300992202758789062e+01
1.799214553833007812e+02 5.693595695495605469e+01 3.458432006835937500e+01 5.277931594848632812e+01
1.781727333068847656e+02 5.643445587158203125e+01 3.449135589599609375e+01 5.316401672363281250e+01
1.781116771697998047e+02 5.692191886901855469e+01 3.460258865356445312e+01 5.274881362915039062e+01
1.768459358215332031e+02 5.649220275878906250e+01 3.575493621826171875e+01 5.298292541503906250e+01
1.782632293701171875e+02 5.769121360778808594e+01 3.316165161132812500e+01 5.250369644165039062e+01
1.780364418029785156e+02 5.769093704223632812e+01 3.375641632080078125e+01 5.261132049560546875e+01
1.783004035949707031e+02 5.691360282897949219e+01 3.382947540283203125e+01 5.353204727172851562e+01
1.773918151855468750e+02 5.725619316101074219e+01 3.448300170898437500e+01 5.298508071899414062e+01
1.779250373840332031e+02 5.728207397460937500e+01 3.475922393798828125e+01 5.308518981933593750e+01
1.786934642791748047e+02 5.804595756530761719e+01 3.425429153442382812e+01 5.190068435668945312e+01
1.786146183013916016e+02 5.774467658996582031e+01 3.583619308471679688e+01 5.293836593627929688e+01
1.795389766693115234e+02 5.684685707092285156e+01 3.366467666625976562e+01 5.350786972045898438e+01
1.788424739837646484e+02 5.776449584960937500e+01 3.548958206176757812e+01 5.217822265625000000e+01
1.794019718170166016e+02 5.818597602844238281e+01 3.443891525268554688e+01 5.234101486206054688e+01
1.794580211639404297e+02 5.891490936279296875e+01 3.486136245727539062e+01 5.187210083007812500e+01
1.812046489715576172e+02 5.852505302429199219e+01 3.374687576293945312e+01 5.261052322387695312e+01
1.812928352355957031e+02 5.893091011047363281e+01 3.402022552490234375e+01 5.192020797729492188e+01
1.818618431091308594e+02 5.849734878540039062e+01 3.442423248291015625e+01 5.280055999755859375e+01
1.820160102844238281e+02 5.843646430969238281e+01 3.591057586669921875e+01 5.294811630249023438e+01
1.851036663055419922e+02 5.799702262878417969e+01 3.305353164672851562e+01 5.333519363403320312e+01
1.870674610137939453e+02 5.774862480163574219e+01 3.262885665893554688e+01 5.277362442016601562e+01
1.891093063354492188e+02 5.750652122497558594e+01 3.339529418945312500e+01 5.396298599243164062e+01
1.903823432922363281e+02 5.780175018310546875e+01 3.297582244873046875e+01 5.374014282226562500e+01
1.922386226654052734e+02 5.786121177673339844e+01 3.447706985473632812e+01 5.372511672973632812e+01
1.926638374328613281e+02 5.861540222167968750e+01 3.459835052490234375e+01 5.284780883789062500e+01
1.946705551147460938e+02 5.784049987792968750e+01 3.296975708007812500e+01 5.388842773437500000e+01
1.947619953155517578e+02 5.722606277465820312e+01 3.467419052124023438e+01 5.483548736572265625e+01
1.964176311492919922e+02 5.849406623840332031e+01 3.388728713989257812e+01 5.333306503295898438e+01
1.983015060424804688e+02 5.792575645446777344e+01 3.344464111328125000e+01 5.348036575317382812e+01
2.000981712341308594e+02 5.707220840454101562e+01 3.424935150146484375e+01 5.499350738525390625e+01
2.018960456848144531e+02 5.771057510375976562e+01 3.420333099365234375e+01 5.405541229248046875e+01
2.040097007751464844e+02 5.686735534667968750e+01 3.362474822998046875e+01 5.503544616699218750e+01
2.062612743377685547e+02 5.807513809204101562e+01 3.371657180786132812e+01 5.365801239013671875e+01
2.050745849609375000e+02 5.890070533752441406e+01 3.686773681640625000e+01 5.300744247436523438e+01
2.078922710418701172e+02 5.829152679443359375e+01 3.424771499633789062e+01 5.296865844726562500e+01
2.074947967529296875e+02 5.812138748168945312e+01 3.721640014648437500e+01 5.312508392333984375e+01
2.104462566375732422e+02 5.788291168212890625e+01 3.390439224243164062e+01 5.281063842773437500e+01
2.113738842010498047e+02 5.784687042236328125e+01 3.415002822875976562e+01 5.331222534179687500e+01
2.128842277526855469e+02 5.757871818542480469e+01 3.340926361083984375e+01 5.335821914672851562e+01
2.132962760925292969e+02 5.768358612060546875e+01 3.592392730712890625e+01 5.309521484375000000e+01
2.146765537261962891e+02 5.815308380126953125e+01 3.356068038940429688e+01 5.247120666503906250e+01
2.165457324981689453e+02 5.810486030578613281e+01 3.392156600952148438e+01 5.335778427124023438e+01
2.168076210021972656e+02 5.866067123413085938e+01 3.388414764404296875e+01 5.237946319580078125e+01
2.184742259979248047e+02 5.853081893920898438e+01 3.481346511840820312e+01 5.273810577392578125e+01
2.194212951660156250e+02 5.801452445983886719e+01 3.381243896484375000e+01 5.252484512329101562e+01
2.210403289794921875e+02 5.739478683471679688e+01 3.297718811035156250e+01 5.292934417724609375e+01
2.218270416259765625e+02 5.748796463012695312e+01 3.414215087890625000e+01 5.242177581787109375e+01
2.233278255462646484e+02 5.715208816528320312e+01 3.300676345825195312e+01 5.238108062744140625e+01
2.252268562316894531e+02 5.702839660644531250e+01 3.498732757568359375e+01 5.197903442382812500e+01
2.270420436859130859e+02 5.578727722167968750e+01 3.431653213500976562e+01 5.263839721679687500e+01
2.276809272766113281e+02 5.589840698242187500e+01 3.302346038818359375e+01 5.243107604980468750e+01
2.279111080169677734e+02 5.509954452514648438e+01 3.389282608032226562e+01 5.337902069091796875e+01
2.295308265686035156e+02 5.686358261108398438e+01 3.320311737060546875e+01 5.224066925048828125e+01
2.288740806579589844e+02 5.638979911804199219e+01 3.439441680908203125e+01 5.274563980102539062e+01
2.293567295074462891e+02 5.628902435302734375e+01 3.406760787963867188e+01 5.286087036132812500e+01
2.295805377960205078e+02 5.604289627075195312e+01 3.349169540405273438e+01 5.280020904541015625e+01
2.285432720184326172e+02 5.529484748840332031e+01 3.545969009399414062e+01 5.389910507202148438e+01
2.282190876007080078e+02 5.563240432739257812e+01 3.533701705932617188e+01 5.294655609130859375e+01
2.280710964202880859e+02 5.627588653564453125e+01 3.582762527465820312e+01 5.250190734863281250e+01
2.275638923645019531e+02 5.587504196166992188e+01 3.570319366455078125e+01 5.262537384033203125e+01
2.273765583038330078e+02 5.706860923767089844e+01 3.585779953002929688e+01 5.159959793090820312e+01
2.254387607574462891e+02 5.674967765808105469e+01 3.693473434448242188e+01 5.236732864379882812e+01
2.255330772399902344e+02 5.528457450866699219e+01 3.646013641357421875e+01 5.337604141235351562e+01
2.262678527832031250e+02 5.646312522888183594e+01 3.439396667480468750e+01 5.204771804809570312e+01
2.261354503631591797e+02 5.634607124328613281e+01 3.508491897583007812e+01 5.207146835327148438e+01
2.260854415893554688e+02 5.500585556030273438e+01 3.451315307617187500e+01 5.307547760009765625e+01
2.257998256683349609e+02 5.490651893615722656e+01 3.544986343383789062e+01 5.298595809936523438e+01
2.240174980163574219e+02 5.699561882019042969e+01 3.536882781982421875e+01 5.154510879516601562e+01
2.247310905456542969e+02 5.718462944030761719e+01 3.375565338134765625e+01 5.136850357055664062e+01
2.239460830688476562e+02 5.784753799438476562e+01 3.416812133789062500e+01 5.033573150634765625e+01
2.238768596649169922e+02 5.675189971923828125e+01 3.382368850708007812e+01 5.160148620605468750e+01
2.238405036926269531e+02 5.722275543212890625e+01 3.318566131591796875e+01 5.014517211914062500e+01
2.245958595275878906e+02 5.801752281188964844e+01 3.280625152587890625e+01 4.995955276489257812e+01
2.230683746337890625e+02 5.735862922668457031e+01 3.394442749023437500e+01 5.068514633178710938e+01
2.239010238647460938e+02 5.785269737243652344e+01 3.265762329101562500e+01 4.942779922485351562e+01
2.236644763946533203e+02 5.650778388977050781e+01 3.255833053588867188e+01 5.166654586791992188e+01
2.244296646118164062e+02 5.850828361511230469e+01 3.182060241699218750e+01 4.907272720336914062e+01
2.226715354919433594e+02 5.757841682434082031e+01 3.353498077392578125e+01 4.999839401245117188e+01
2.234195594787597656e+02 5.848683929443359375e+01 3.183448028564453125e+01 4.860488891601562500e+01
2.223033828735351562e+02 5.697540664672851562e+01 3.287060546875000000e+01 5.034539031982421875e+01
2.214010887145996094e+02 5.805768394470214844e+01 3.308606719970703125e+01 4.903729629516601562e+01
2.208812541961669922e+02 5.852532577514648438e+01 3.347404861450195312e+01 4.838671112060546875e+01
2.209910354614257812e+02 5.973677444458007812e+01 3.260624694824218750e+01 4.779149627685546875e+01
2.215580463409423828e+02 5.968222427368164062e+01 3.231411361694335938e+01 4.762433624267578125e+01
2.213891544342041016e+02 6.109265708923339844e+01 3.319866561889648438e+01 4.609811782836914062e+01
2.224542198181152344e+02 6.342311286926269531e+01 3.173499298095703125e+01 4.329372787475585938e+01
2.217265024185180664e+02 6.366172218322753906e+01 3.179028129577636719e+01 4.278718185424804688e+01
2.218392772674560547e+02 6.409926414489746094e+01 3.204707717895507812e+01 4.274594497680664062e+01
2.219781665802001953e+02 6.447602462768554688e+01 3.144958114624023438e+01 4.229770660400390625e+01
2.215812435150146484e+02 6.317806816101074219e+01 3.159996414184570312e+01 4.278418350219726562e+01
2.224804229736328125e+02 6.369837379455566406e+01 3.242726135253906250e+01 4.195969772338867188e+01
2.221662406921386719e+02 6.214910697937011719e+01 3.175429534912109375e+01 4.402441787719726562e+01
2.233238811492919922e+02 6.454292869567871094e+01 3.181570816040039062e+01 4.197798538208007812e+01
2.229185552597045898e+02 6.345060348510742188e+01 3.104982185363769531e+01 4.307215118408203125e+01
2.230983238220214844e+02 6.443212890625000000e+01 3.042314910888671875e+01 4.250619506835937500e+01
2.233107833862304688e+02 6.744960403442382812e+01 3.099194335937500000e+01 3.827996063232421875e+01
2.229156990051269531e+02 6.708109092712402344e+01 3.118344879150390625e+01 3.822427749633789062e+01
2.234566164016723633e+02 6.506591987609863281e+01 2.998930931091308594e+01 4.064316940307617188e+01
2.237689580917358398e+02 6.646720886230468750e+01 3.136430549621582031e+01 3.996499633789062500e+01
2.233472881317138672e+02 6.566143226623535156e+01 3.137202835083007812e+01 4.049616622924804688e+01
2.221537246704101562e+02 6.677748489379882812e+01 3.134793090820312500e+01 3.932202911376953125e+01
2.237042760848999023e+02 6.747202682495117188e+01 3.088577461242675781e+01 3.840831756591796875e+01
2.236341075897216797e+02 6.610198402404785156e+01 3.016691970825195312e+01 3.973246383666992188e+01
2.231592960357666016e+02 6.905189514160156250e+01 3.162287521362304688e+01 3.725366210937500000e+01
2.234753742218017578e+02 6.564801597595214844e+01 3.077505111694335938e+01 4.005095291137695312e+01
2.234123115539550781e+02 6.607351684570312500e+01 3.086808013916015625e+01 3.963403320312500000e+01
2.225805425643920898e+02 6.592331504821777344e+01 3.120544624328613281e+01 3.951568984985351562e+01
2.219714736938476562e+02 6.606276512145996094e+01 3.043182373046875000e+01 3.957500076293945312e+01
2.225094041824340820e+02 6.182880020141601562e+01 2.930225181579589844e+01 4.538449859619140625e+01
2.224591941833496094e+02 6.164930534362792969e+01 2.992482757568359375e+01 4.423563003540039062e+01
2.218816766738891602e+02 6.261311912536621094e+01 3.110830497741699219e+01 4.326739883422851562e+01
2.210566663742065430e+02 6.121592330932617188e+01 3.061437416076660156e+01 4.497455596923828125e+01
2.211266956329345703e+02 6.234170722961425781e+01 2.858887863159179688e+01 4.468687057495117188e+01
2.204887981414794922e+02 6.378746414184570312e+01 2.959146499633789062e+01 4.291677093505859375e+01
2.195545444488525391e+02 6.410052871704101562e+01 2.892417526245117188e+01 4.127970123291015625e+01
2.189311714172363281e+02 6.465927505493164062e+01 2.894109344482421875e+01 4.158325958251953125e+01
2.179665880203247070e+02 6.762777328491210938e+01 2.882127952575683594e+01 3.838907623291015625e+01
2.178759298324584961e+02 6.545280647277832031e+01 2.897393989562988281e+01 4.162878036499023438e+01
2.172041854858398438e+02 6.451373100280761719e+01 2.876629638671875000e+01 4.161168289184570312e+01
2.167423362731933594e+02 6.892149353027343750e+01 2.888600921630859375e+01 3.761947631835937500e+01
2.151248741149902344e+02 6.603574752807617188e+01 2.888593292236328125e+01 4.021852874755859375e+01
2.132755470275878906e+02 6.744985580444335938e+01 2.995856475830078125e+01 3.869269561767578125e+01
2.124397048950195312e+02 6.890116500854492188e+01 2.936444091796875000e+01 3.813251495361328125e+01
2.117648534774780273e+02 6.805091285705566406e+01 2.944421577453613281e+01 3.812943649291992188e+01
2.108051900863647461e+02 6.511283302307128906e+01 2.909202766418457031e+01 4.116143417358398438e+01
2.097190485000610352e+02 6.761742401123046875e+01 2.887608146667480469e+01 3.913827514648437500e+01
2.075136308670043945e+02 6.501155853271484375e+01 2.917072105407714844e+01 4.081469726562500000e+01
2.066441555023193359e+02 6.946951484680175781e+01 2.941418838500976562e+01 3.683945846557617188e+01
2.049869527816772461e+02 6.738676834106445312e+01 2.903042793273925781e+01 3.906363677978515625e+01
2.030247135162353516e+02 7.090252304077148438e+01 3.159264755249023438e+01 3.637313079833984375e+01
2.017342853546142578e+02 6.794408988952636719e+01 2.918377304077148438e+01 3.860000991821289062e+01
2.002910728454589844e+02 6.928611946105957031e+01 3.066162872314453125e+01 3.670153427124023438e+01
1.987818412780761719e+02 6.719125366210937500e+01 3.028791046142578125e+01 3.892900085449218750e+01
1.965900373458862305e+02 6.761897087097167969e+01 3.021546363830566406e+01 3.897739028930664062e+01
1.943092412948608398e+02 6.851004028320312500e+01 3.138583564758300781e+01 3.821926879882812500e+01
1.915083560943603516e+02 6.803808784484863281e+01 3.237057113647460938e+01 3.922211837768554688e+01
1.910963010787963867e+02 6.814258766174316406e+01 3.170748329162597656e+01 3.840627670288085938e+01
1.888011512756347656e+02 6.807855987548828125e+01 3.118637847900390625e+01 3.897099304199218750e+01
1.897178020477294922e+02 6.803823089599609375e+01 3.055659866333007812e+01 3.764855957031250000e+01
1.880664472579956055e+02 6.907880783081054688e+01 3.191062355041503906e+01 3.780594635009765625e+01
1.850727863311767578e+02 6.736445426940917969e+01 3.216250228881835938e+01 3.967367935180664062e+01
1.852266216278076172e+02 6.695487403869628906e+01 3.178729629516601562e+01 3.909238815307617188e+01
1.851045379638671875e+02 6.769075965881347656e+01 3.170309448242187500e+01 3.795569992065429688e+01
1.851553726196289062e+02 6.483769989013671875e+01 3.100985717773437500e+01 4.220042419433593750e+01
1.857422838211059570e+02 6.439740371704101562e+01 3.035465049743652344e+01 4.377271270751953125e+01
1.871317291259765625e+02 6.592362785339355469e+01 3.034429931640625000e+01 4.133324050903320312e+01
1.868731479644775391e+02 6.655776023864746094e+01 3.077421188354492188e+01 3.979994583129882812e+01
1.889054183959960938e+02 6.674932479858398438e+01 3.049395751953125000e+01 4.094779205322265625e+01
1.899239492416381836e+02 6.569620132446289062e+01 3.052795600891113281e+01 4.160561370849609375e+01
1.903236455917358398e+02 6.602297973632812500e+01 3.047514533996582031e+01 4.084544372558593750e+01
1.922508611679077148e+02 6.684947967529296875e+01 3.148164558410644531e+01 4.038349914550781250e+01
1.960088748931884766e+02 6.458738517761230469e+01 2.907728195190429688e+01 4.188956069946289062e+01
1.965520467758178711e+02 6.411543464660644531e+01 2.836619758605957031e+01 4.261371994018554688e+01
1.974621257781982422e+02 6.558592796325683594e+01 3.192726516723632812e+01 4.254092788696289062e+01
1.988288726806640625e+02 6.469711303710937500e+01 3.160090637207031250e+01 4.316540527343750000e+01
2.000358524322509766e+02 6.251744461059570312e+01 3.018333053588867188e+01 4.629633331298828125e+01
2.012754392623901367e+02 6.058782196044921875e+01 3.045189857482910156e+01 4.741743469238281250e+01
2.014979915618896484e+02 6.102318191528320312e+01 3.098297500610351562e+01 4.827625274658203125e+01
2.028784322738647461e+02 6.024738502502441406e+01 3.144374275207519531e+01 4.781605148315429688e+01
2.033462009429931641e+02 6.026504707336425781e+01 3.215668869018554688e+01 4.871638107299804688e+01
2.057213668823242188e+02 6.071861839294433594e+01 3.401596069335937500e+01 4.741939163208007812e+01
2.066220741271972656e+02 6.028253746032714844e+01 3.338524627685546875e+01 4.788725662231445312e+01
2.074405384063720703e+02 5.879170227050781250e+01 3.303951644897460938e+01 5.048301696777343750e+01
2.081024188995361328e+02 5.947386360168457031e+01 3.295432662963867188e+01 4.886617660522460938e+01
2.094643383026123047e+02 5.846377944946289062e+01 3.298848342895507812e+01 5.044376373291015625e+01
2.098072128295898438e+02 5.798129081726074219e+01 3.261500549316406250e+01 5.028447341918945312e+01
2.100340080261230469e+02 5.894502067565917969e+01 3.260932159423828125e+01 4.960104751586914062e+01
2.099591960906982422e+02 5.956467628479003906e+01 3.245312881469726562e+01 4.875489425659179688e+01
2.099346084594726562e+02 5.716522598266601562e+01 3.296311950683593750e+01 5.139090728759765625e+01
2.093261184692382812e+02 5.933218193054199219e+01 3.310632324218750000e+01 4.900140762329101562e+01
2.090192508697509766e+02 5.739572334289550781e+01 3.298591232299804688e+01 5.131589889526367188e+01
2.086819305419921875e+02 5.751577758789062500e+01 3.242227172851562500e+01 5.093312072753906250e+01
2.088875465393066406e+02 5.781853294372558594e+01 3.210477447509765625e+01 5.121089553833007812e+01
2.082157287597656250e+02 5.692190361022949219e+01 3.360990905761718750e+01 5.169218826293945312e+01
2.059953269958496094e+02 5.813256072998046875e+01 3.505043792724609375e+01 5.010899353027343750e+01
2.057140846252441406e+02 5.731699752807617188e+01 3.371317291259765625e+01 5.084038543701171875e+01
2.050973567962646484e+02 5.729592704772949219e+01 3.478931045532226562e+01 5.038718032836914062e+01
2.056306324005126953e+02 5.671030807495117188e+01 3.428428268432617188e+01 5.161290740966796875e+01
2.041677093505859375e+02 5.463388061523437500e+01 3.571365356445312500e+01 5.250933837890625000e+01
2.043103752136230469e+02 5.382054138183593750e+01 3.456969451904296875e+01 5.355491638183593750e+01
2.041938514709472656e+02 5.344077682495117188e+01 3.518555450439453125e+01 5.392304229736328125e+01
2.044141025543212891e+02 5.313484382629394531e+01 3.438171005249023438e+01 5.407838058471679688e+01
2.034828987121582031e+02 5.286159896850585938e+01 3.582926177978515625e+01 5.397206878662109375e+01
2.038562145233154297e+02 5.336972045898437500e+01 3.625453567504882812e+01 5.352801513671875000e+01
2.035994758605957031e+02 5.158489227294921875e+01 3.580135345458984375e+01 5.535388183593750000e+01
2.022994861602783203e+02 5.118757247924804688e+01 3.631965255737304688e+01 5.566573333740234375e+01
2.021320819854736328e+02 5.090169143676757812e+01 3.679430770874023438e+01 5.603784942626953125e+01
2.016352081298828125e+02 5.051428222656250000e+01 3.726391601562500000e+01 5.624101257324218750e+01
2.015089187622070312e+02 5.018032836914062500e+01 3.780085754394531250e+01 5.644708251953125000e+01
2.015764064788818359e+02 5.045551872253417969e+01 3.796872329711914062e+01 5.623884963989257812e+01
2.013021888732910156e+02 5.010383605957031250e+01 3.773497772216796875e+01 5.667277526855468750e+01
2.006684017181396484e+02 4.994060134887695312e+01 3.815256118774414062e+01 5.638899993896484375e+01
2.008029384613037109e+02 5.051375961303712359e+01 3.912521743774414062e+01 5.580721282958984375e+01
2.005034065246582031e+02 4.956966400146485796e+01 3.922260284423828125e+01 5.640269470214843750e+01
1.999501266479492188e+02 4.967848777770997515e+01 3.884483337402343750e+01 5.638682937622070312e+01
2.025169124603271484e+02 5.004276084899903765e+01 3.581021499633789062e+01 5.452171707153320312e+01
2.021036605834960938e+02 4.805447196960450640e+01 3.610111999511718750e+01 5.763542556762695312e+01
2.023098659515380859e+02 4.917374610900880327e+01 3.711581802368164062e+01 5.656209945678710938e+01
2.030866832733154297e+02 4.826866722106935015e+01 3.491351699829101562e+01 5.691760635375976562e+01
2.029076023101806641e+02 4.803104019165040484e+01 3.578207015991210938e+01 5.722840118408203125e+01
2.029061450958251953e+02 4.780801773071290484e+01 3.730591964721679688e+01 5.654924774169921875e+01
2.029962558746337891e+02 4.847937965393067827e+01 3.552907943725585938e+01 5.682160568237304688e+01
2.035433292388916016e+02 4.818809700012208452e+01 3.598531723022460938e+01 5.780717086791992188e+01
2.042055110931396484e+02 4.785243225097657671e+01 3.465166091918945312e+01 5.694932556152343750e+01
2.041496505737304688e+02 4.855983352661134234e+01 3.538102722167968750e+01 5.701021575927734375e+01
2.050031127929687500e+02 4.858304023742677202e+01 3.595678710937500000e+01 5.679356002807617188e+01
2.049752655029296875e+02 4.960688972473145952e+01 3.849536132812500000e+01 5.603956222534179688e+01
2.065011425018310547e+02 4.867450523376467686e+01 3.579620742797851562e+01 5.562556838989257812e+01
2.074906272888183594e+02 4.909966087341311436e+01 3.683475494384765625e+01 5.564130020141601562e+01
2.101219367980957031e+02 4.840502357482912998e+01 3.555394744873046875e+01 5.595644760131835938e+01
2.130040283203125000e+02 4.826939582824709873e+01 3.685815429687500000e+01 5.552041244506835938e+01
2.151923942565917969e+02 4.781329345703127842e+01 3.552564239501953125e+01 5.552270507812500000e+01
2.177316799163818359e+02 4.638424110412600498e+01 3.783737564086914062e+01 5.635665512084960938e+01
2.219820652008056641e+02 4.781580734252932530e+01 3.386637496948242188e+01 5.487003326416015625e+01
2.247131958007812500e+02 4.740511894226077061e+01 3.380966186523437500e+01 5.441438674926757812e+01
2.247049980163574219e+02 4.612700653076174717e+01 3.405977630615234375e+01 5.517259216308593750e+01
2.256288738250732422e+02 4.592850112915041905e+01 3.476456069946289062e+01 5.505754852294921875e+01
2.267293548583984375e+02 4.457400703430178623e+01 3.608876037597656250e+01 5.619852828979492188e+01
2.305303630828857422e+02 4.459329795837405186e+01 3.482846450805664062e+01 5.617712783813476562e+01
2.321900920867919922e+02 4.529560852050784092e+01 3.375828933715820312e+01 5.556098937988281250e+01
2.315856533050537109e+02 4.473174285888674717e+01 3.585950088500976562e+01 5.570352172851562500e+01
2.322074451446533203e+02 4.514289855957034092e+01 3.513975143432617188e+01 5.502239990234375000e+01
2.319274444580078125e+02 4.333644104003909092e+01 3.657032775878906250e+01 5.692625427246093750e+01
2.320372848510742188e+02 4.372642135620120030e+01 3.643884277343750000e+01 5.748328399658203125e+01
2.309836616516113281e+02 4.398970794677737217e+01 3.560948944091796875e+01 5.623075866699218750e+01
2.309911880493164062e+02 4.424907684326174717e+01 3.504890441894531250e+01 5.546551513671875000e+01
2.301888561248779297e+02 4.499543762207034092e+01 3.408081436157226562e+01 5.589038085937500000e+01
2.292500572204589844e+02 4.339101219177248936e+01 3.374344635009765625e+01 5.705270767211914062e+01
2.275728378295898438e+02 4.433814620971682530e+01 3.474969482421875000e+01 5.678502655029296875e+01
2.260080547332763672e+02 4.541880607604983311e+01 3.461038589477539062e+01 5.614969253540039062e+01
2.242861976623535156e+02 4.648200798034670811e+01 3.315041351318359375e+01 5.553267288208007812e+01
2.231192893981933594e+02 4.626097106933596592e+01 3.489629364013671875e+01 5.595217895507812500e+01
2.221433773040771484e+02 4.602887535095217686e+01 3.398993301391601562e+01 5.646020889282226562e+01
2.198216972351074219e+02 4.685820579528811436e+01 3.433795928955078125e+01 5.571683120727539062e+01
2.173180541992187500e+02 4.810566520690920811e+01 3.646821594238281250e+01 5.485216140747070312e+01
2.157637901306152344e+02 4.757383918762209873e+01 3.408541107177734375e+01 5.568758773803710938e+01
2.151524028778076172e+02 4.670381927490237217e+01 3.528604507446289062e+01 5.681318664550781250e+01
2.136725940704345703e+02 4.852912712097170811e+01 3.421113204956054688e+01 5.522272109985351562e+01
2.123795471191406250e+02 4.868543052673342686e+01 3.518572998046875000e+01 5.517007827758789062e+01
2.126065044403076172e+02 4.847853851318362217e+01 3.364804458618164062e+01 5.521353149414062500e+01
2.115939254760742188e+02 4.990529441833498936e+01 3.820164489746093750e+01 5.444014358520507812e+01
2.108849220275878906e+02 5.082021331787112217e+01 3.822591400146484375e+01 5.388284301757812500e+01
2.092298583984375000e+02 5.278057670593264561e+01 3.614724731445312500e+01 5.276399612426757812e+01
2.085145149230957031e+02 5.482161712646487217e+01 3.570278167724609375e+01 5.057546997070312500e+01
2.097047710418701172e+02 5.796202278137209873e+01 3.441664505004882812e+01 4.825730514526367188e+01
2.086266345977783203e+02 5.778792190551760655e+01 3.474045944213867188e+01 4.918650054931640625e+01
2.078222808837890625e+02 5.861545753479006748e+01 3.474429321289062500e+01 4.836483383178710938e+01
2.086213283538818359e+02 5.832994842529299717e+01 3.385631179809570312e+01 4.827967834472656250e+01
2.065746154785156250e+02 5.902868080139162998e+01 3.513874816894531250e+01 4.842446517944335938e+01
2.063956680297851562e+02 5.925611877441409092e+01 3.556814575195312500e+01 4.719377136230468750e+01
2.049239597320556641e+02 5.954733276367190342e+01 3.683817672729492188e+01 4.650712585449218750e+01
2.041216564178466797e+02 5.827295494079592686e+01 3.777168655395507812e+01 4.714815139770507812e+01
2.039665775299072266e+02 5.944349098205569248e+01 3.940278244018554688e+01 4.507909774780273438e+01
2.039368762969970703e+02 5.781892013549807530e+01 4.088601303100585938e+01 4.657888031005859375e+01
2.061494617462158203e+02 5.505962944030764561e+01 3.843777084350585938e+01 4.786532974243164062e+01
2.100339527130126953e+02 6.042676925659182530e+01 3.446580123901367188e+01 4.292931365966796875e+01
2.126682882308959961e+02 6.115022659301760655e+01 3.171478462219238281e+01 4.199591827392578125e+01
2.132953529357910156e+02 6.649558258056643467e+01 3.333771514892578125e+01 3.650222778320312500e+01
2.143121433258056641e+02 6.624785995483401280e+01 3.180858993530273438e+01 3.600238800048828125e+01
2.128228969573974609e+02 6.796813583374026280e+01 3.280205154418945312e+01 3.394286346435546875e+01
2.129519128799438477e+02 6.471228408813479405e+01 3.125784111022949219e+01 3.313656616210937500e+01
2.141349868774414062e+02 6.676349449157717686e+01 3.513909912109375000e+01 3.360613632202148438e+01
2.137876682281494141e+02 6.554458427429202061e+01 3.414251327514648438e+01 3.256873703002929688e+01
2.098718585968017578e+02 6.428900337219241123e+01 3.438826370239257812e+01 3.218638992309570312e+01
2.149895229339599609e+02 6.904616165161135655e+01 3.195251083374023438e+01 3.225784301757812500e+01
2.165963611602783203e+02 6.713344192504885655e+01 3.468481826782226562e+01 3.236789703369140625e+01
2.165829887390136719e+02 6.628041076660159092e+01 3.299497985839843750e+01 3.291839599609375000e+01
2.178359184265136719e+02 6.809294319152834873e+01 3.304421997070312500e+01 3.099375534057617188e+01
2.163016395568847656e+02 6.639983177185061436e+01 2.942544555664062500e+01 3.219881820678710938e+01
2.147188119888305664e+02 6.715580558776858311e+01 3.067162132263183594e+01 3.213965225219726562e+01
2.152067565917968750e+02 6.893228912353518467e+01 2.982357788085937500e+01 2.999279785156250000e+01
2.147163228988647461e+02 6.856229877471926670e+01 2.922721290588378906e+01 3.091288566589355469e+01
2.146316719055175781e+02 6.702362728118899327e+01 3.175920104980468750e+01 3.150495338439941406e+01
2.135741043090820312e+02 6.929647827148440342e+01 3.050185394287109375e+01 3.190804290771484375e+01
2.133164882659912109e+02 6.932122230529787998e+01 3.201155471801757812e+01 2.925853347778320312e+01
2.106761894226074219e+02 7.070456981658938389e+01 3.424375915527343750e+01 2.778595161437988281e+01
2.054599819183349609e+02 6.796275138854983311e+01 2.842505264282226562e+01 2.767975234985351562e+01
2.029601211547851562e+02 6.904331970214846592e+01 3.211598205566406250e+01 2.813923645019531250e+01
2.011022548675537109e+02 6.744853305816653233e+01 3.212919998168945312e+01 2.819378471374511719e+01
1.904654960632324219e+02 6.625658035278323155e+01 3.275010681152343750e+01 2.868171691894531250e+01
1.875674610137939453e+02 6.690684127807620030e+01 3.692201614379882812e+01 2.969908905029296875e+01
2.030349292755126953e+02 7.044013023376467686e+01 2.864702224731445312e+01 3.211304092407226562e+01
1.860478076934814453e+02 6.889947891235354405e+01 3.734234237670898438e+01 2.905239105224609375e+01
1.876972236633300781e+02 6.619041824340823155e+01 3.301834869384765625e+01 3.029865264892578125e+01
2.072823619842529297e+02 7.040683460235598545e+01 2.943844985961914062e+01 3.052937889099121094e+01
2.098018760681152344e+02 7.066967201232912998e+01 2.591142272949218750e+01 2.866205215454101562e+01
2.106919307708740234e+02 6.864358615875246983e+01 2.599679946899414062e+01 2.953312492370605469e+01
2.118194198608398438e+02 6.789670181274416905e+01 2.712377929687500000e+01 2.748799896240234375e+01
2.192754516601562500e+02 6.757789230346682530e+01 3.139355468750000000e+01 3.029098510742187500e+01
2.177790422439575195e+02 6.757236194610598545e+01 2.807190513610839844e+01 2.914654350280761719e+01
2.212650766372680664e+02 6.915140724182131748e+01 2.781340599060058594e+01 2.876877975463867188e+01
2.176981678009033203e+02 6.575119686126711827e+01 2.876195144653320312e+01 2.997181892395019531e+01
2.204919643402099609e+02 6.690406227111819248e+01 2.967114639282226562e+01 3.350139999389648438e+01
2.001433506011962891e+02 6.291801452636721592e+01 3.388010025024414062e+01 3.413449096679687500e+01
2.097846393585205078e+02 6.521512794494631748e+01 3.645856094360351562e+01 3.900498580932617188e+01
2.124299850463867188e+02 6.414781570434573155e+01 3.762752532958984375e+01 3.737819671630859375e+01
2.166781749725341797e+02 6.572860145568850498e+01 3.447768783569335938e+01 3.570627975463867188e+01
2.169073905944824219e+02 6.305540657043459873e+01 3.235319519042968750e+01 3.748870468139648438e+01
2.194317655563354492e+02 6.640184783935549717e+01 3.172532844543457031e+01 3.601824951171875000e+01
2.148834133148193359e+02 6.311315155029299717e+01 3.111937332153320312e+01 3.683253479003906250e+01
2.166827049255371094e+02 6.786201667785647373e+01 3.268025970458984375e+01 3.341692733764648438e+01
2.186513872146606445e+02 6.732253265380862217e+01 2.813675498962402344e+01 3.255334472656250000e+01
2.210058784484863281e+02 7.108087253570559483e+01 2.688433837890625000e+01 2.732802391052246094e+01
2.225338268280029297e+02 6.734445190429690342e+01 2.734744644165039062e+01 3.197459411621093750e+01
2.212813472747802734e+02 6.494954490661623936e+01 2.676500320434570312e+01 3.330353927612304688e+01
2.216976947784423828e+02 6.544499397277834873e+01 2.677035140991210938e+01 3.206839370727539062e+01
2.200581598281860352e+02 6.770018768310549717e+01 2.789282035827636719e+01 3.186199188232421875e+01
2.198118953704833984e+02 6.749169826507571202e+01 2.712700271606445312e+01 3.077423286437988281e+01
2.180922727584838867e+02 6.441580963134768467e+01 2.804419898986816406e+01 3.449983978271484375e+01
2.163245840072631836e+02 6.451802062988284092e+01 2.958900642395019531e+01 3.535899353027343750e+01
2.148540773391723633e+02 6.363690376281741123e+01 3.191498374938964844e+01 3.722149276733398438e+01
2.142330513000488281e+02 6.317126655578616123e+01 3.079700469970703125e+01 3.802082443237304688e+01
2.120198326110839844e+02 6.213988304138186436e+01 3.292993927001953125e+01 3.750096511840820312e+01
2.122021474838256836e+02 6.455658721923830967e+01 3.185113716125488281e+01 3.746517944335937500e+01
2.162345695495605469e+02 6.313516235351565342e+01 3.021688079833984375e+01 3.765364074707031250e+01
2.160445156097412109e+02 6.552163314819338780e+01 3.565141677856445312e+01 3.686429595947265625e+01
2.151778602600097656e+02 6.463991928100588780e+01 3.221504974365234375e+01 3.690515899658203125e+01
2.155295600891113281e+02 6.476973533630373936e+01 3.172722625732421875e+01 3.711778640747070312e+01
2.146635551452636719e+02 6.451872062683108311e+01 3.103905487060546875e+01 3.734799575805664062e+01
2.139818220138549805e+02 6.137887382507327061e+01 3.150321388244628906e+01 4.052257156372070312e+01
2.091962985992431641e+02 6.334299087524416905e+01 3.613593673706054688e+01 3.967334747314453125e+01
2.097512054443359375e+02 5.986261940002444248e+01 3.589932250976562500e+01 4.341987228393554688e+01
2.076255207061767578e+02 5.856938934326174717e+01 3.597256088256835938e+01 4.431958007812500000e+01
2.038524703979492188e+02 5.579291725158694248e+01 3.900262451171875000e+01 4.772397994995117188e+01
2.009828834533691406e+02 5.713325500488284092e+01 4.129701995849609375e+01 4.708746337890625000e+01
2.041694736480712891e+02 5.665334701538088780e+01 3.946914291381835938e+01 4.565714263916015625e+01
2.012964591979980469e+02 5.298597526550295811e+01 4.009143829345703125e+01 5.082175064086914062e+01
2.023230838775634766e+02 5.466721343994143467e+01 4.169454574584960938e+01 4.745056152343750000e+01
2.004621219635009766e+02 5.316900825500491123e+01 4.258547592163085938e+01 5.071023178100585938e+01
2.011910800933837891e+02 5.160379409790043326e+01 4.199773788452148438e+01 5.059214019775390625e+01
2.002354164123535156e+02 5.468566894531254263e+01 4.180704498291015625e+01 4.760609436035156250e+01
1.987971115112304688e+02 5.168922615051273795e+01 4.356652832031250000e+01 5.018221664428710938e+01
1.960051078796386719e+02 5.287236595153812857e+01 4.461409759521484375e+01 4.799347305297851562e+01
1.960848884582519531e+02 5.192473602294927559e+01 4.354726409912109375e+01 4.889910888671875000e+01
1.956081371307373047e+02 5.119643783569341622e+01 4.360028457641601562e+01 4.946437835693359375e+01
1.938984355926513672e+02 5.040620803833014918e+01 4.668494033813476562e+01 5.032109832763671875e+01
1.906444301605224609e+02 4.980968475341803980e+01 4.786478042602539062e+01 5.149288940429687500e+01
1.915827503204345703e+02 5.093006324768073512e+01 4.637014389038085938e+01 5.111625289916992188e+01
1.920960826873779297e+02 5.135686874389655543e+01 4.483742141723632812e+01 5.024948883056640625e+01
1.998463687896728516e+02 5.558014488220221949e+01 3.806437301635742188e+01 4.706778335571289062e+01
2.035227584838867188e+02 5.647476005554206324e+01 3.629681396484375000e+01 4.365982437133789062e+01
2.030425205230712891e+02 5.895017433166511012e+01 3.698176193237304688e+01 4.199421310424804688e+01
2.033613376617431641e+02 5.627555847167975855e+01 3.727505111694335938e+01 4.238201904296875000e+01
2.029617462158203125e+02 5.759467315673835230e+01 3.827351379394531250e+01 4.313157653808593750e+01
2.025469951629638672e+02 5.775906372070319605e+01 4.259721755981445312e+01 4.188067626953125000e+01
2.023744754791259766e+02 5.930958747863776637e+01 4.092789840698242188e+01 4.185618209838867188e+01
2.034349803924560547e+02 6.045037460327155543e+01 4.065649795532226562e+01 4.079788970947265625e+01
2.049799423217773438e+02 5.832803344726569605e+01 4.155635070800781250e+01 4.207801818847656250e+01
2.021380558013916016e+02 6.178819656372077418e+01 3.893873214721679688e+01 4.071216583251953125e+01
2.044853420257568359e+02 6.003818511962897730e+01 3.837463760375976562e+01 4.161454772949218750e+01
2.054581451416015625e+02 5.858120155334479762e+01 3.853700256347656250e+01 4.046247482299804688e+01
2.026895809173583984e+02 5.809474945068366480e+01 3.954404067993164062e+01 4.342251586914062500e+01
2.043480014801025391e+02 5.734663772583014918e+01 3.770978927612304688e+01 4.303020477294921875e+01
2.025913085937500000e+02 5.680945205688483668e+01 3.916050720214843750e+01 4.406525421142578125e+01
2.037343273162841797e+02 5.545827102661139918e+01 3.855963516235351562e+01 4.555831146240234375e+01
1.997876415252685547e+02 5.682199096679694605e+01 4.102911758422851562e+01 4.401577758789062500e+01
2.040997123718261719e+02 5.642720603942878199e+01 3.682472991943359375e+01 4.510058975219726562e+01
2.055593948364257812e+02 5.529997634887702418e+01 3.643399047851562500e+01 4.558267974853515625e+01
2.034213104248046875e+02 5.504798698425300074e+01 3.879525756835937500e+01 4.630946731567382812e+01
1.993983860015869141e+02 5.114447593688971949e+01 4.195907211303710938e+01 5.082152175903320312e+01
1.999239025115966797e+02 5.201450538635261012e+01 4.375418472290039062e+01 4.984273910522460938e+01
2.009227867126464844e+02 5.311398696899421168e+01 4.202399444580078125e+01 4.994768524169921875e+01
2.035164318084716797e+02 5.630841445922858668e+01 3.929433059692382812e+01 4.682463836669921875e+01
2.040310554504394531e+02 5.485004425048835230e+01 3.774591827392578125e+01 4.848086547851562500e+01
2.054610500335693359e+02 5.620628547668464137e+01 3.631355667114257812e+01 4.848868942260742188e+01
2.058790340423583984e+02 5.872854804992682887e+01 3.543315505981445312e+01 4.582210922241210938e+01
2.042054157257080078e+02 5.682043266296393824e+01 3.725370407104492188e+01 4.708900833129882812e+01
2.082483997344970703e+02 5.764865112304694605e+01 3.437682723999023438e+01 4.635758972167968750e+01
2.094695205688476562e+02 5.985279846191413355e+01 3.376663208007812500e+01 4.361573791503906250e+01
2.094102497100830078e+02 6.051201057434089137e+01 3.348670578002929688e+01 4.259902572631835938e+01
2.118241500854492188e+02 6.043254470825202418e+01 2.933287048339843750e+01 4.254100799560546875e+01
2.131557092666625977e+02 6.374110221862800074e+01 2.816947746276855469e+01 3.728198623657226562e+01
2.136529684066772461e+02 6.685430717468268824e+01 2.777066230773925781e+01 3.430733108520507812e+01
2.131582012176513672e+02 6.295575332641608668e+01 2.758170700073242188e+01 3.216510009765625000e+01
2.135730199813842773e+02 6.650536155700690699e+01 3.071347999572753906e+01 3.017865371704101562e+01
2.155746412277221680e+02 6.670446586608893824e+01 2.970994758605957031e+01 3.102106094360351562e+01
2.158610401153564453e+02 7.001049613952643824e+01 2.888700485229492188e+01 2.960338973999023438e+01
2.163334331512451172e+02 7.009987163543709698e+01 2.807489395141601562e+01 3.195379829406738281e+01
2.174349489212036133e+02 7.108995437622078839e+01 3.009120750427246094e+01 3.405255889892578125e+01
2.168210268020629883e+02 7.014833641052254620e+01 3.192046165466308594e+01 3.656267166137695312e+01
2.181277837753295898e+02 7.225990676879891339e+01 3.198263740539550781e+01 3.514868927001953125e+01
2.183520298004150391e+02 7.069500923156746808e+01 2.748792648315429688e+01 3.916212081909179688e+01
2.181089200973510742e+02 7.135528182983406964e+01 3.105054664611816406e+01 3.891513824462890625e+01
2.182315683364868164e+02 6.972533416748055402e+01 3.190106010437011719e+01 4.339764404296875000e+01
2.196106834411621094e+02 7.311930084228524152e+01 3.212749481201171875e+01 4.135311889648437500e+01
2.197532253265380859e+02 7.094712066650399152e+01 3.332339859008789062e+01 4.437759399414062500e+01
2.196740264892578125e+02 7.150058174133309308e+01 3.351495361328125000e+01 4.462084579467773438e+01
2.193479423522949219e+02 7.181500434875496808e+01 3.044774627685546875e+01 4.447832870483398438e+01
2.196073036193847656e+02 7.196233940124520245e+01 2.875037384033203125e+01 4.131366348266601562e+01
2.193307762145996094e+02 6.933285331726082745e+01 2.806844329833984375e+01 4.596211624145507812e+01
2.178295383453369141e+02 7.083437347412117902e+01 2.940714645385742188e+01 4.541947937011718750e+01
2.153014984130859375e+02 7.079973411560067120e+01 3.123574829101562500e+01 4.467193984985351562e+01
2.129397506713867188e+02 7.115369987487801495e+01 3.236773681640625000e+01 4.402392959594726562e+01
2.102358245849609375e+02 7.155897331237801495e+01 3.331657409667968750e+01 4.408371353149414062e+01
2.060295639038085938e+02 7.301316452026375714e+01 3.439575195312500000e+01 4.270842742919921875e+01
2.033451480865478516e+02 7.529441833496102277e+01 3.580871200561523438e+01 4.127577209472656250e+01
1.997220630645751953e+02 7.316647720336922589e+01 3.764483261108398438e+01 4.193776702880859375e+01
1.969854373931884766e+02 7.349609375000008527e+01 3.939764022827148438e+01 4.211875915527343750e+01
1.955034580230712891e+02 7.308333778381356183e+01 3.965478134155273438e+01 4.265180587768554688e+01
1.929996700286865234e+02 7.112467956542977277e+01 4.310435867309570312e+01 4.348991394042968750e+01
1.921079425811767578e+02 7.200042915344246808e+01 4.497945785522460938e+01 4.202141952514648438e+01
1.912677879333496094e+02 7.378864669799813214e+01 4.393585968017578125e+01 4.065737152099609375e+01
1.938773231506347656e+02 7.415081024169930402e+01 4.272415924072265625e+01 3.943405151367187500e+01
1.915265769958496094e+02 7.375597381591805402e+01 4.399996185302734375e+01 3.917835998535156250e+01
1.908612003326416016e+02 7.273294067382821027e+01 4.359463119506835938e+01 3.958557128906250000e+01
1.913118324279785156e+02 7.369509124755867902e+01 4.425960540771484375e+01 3.810575866699218750e+01
1.902946758270263672e+02 7.264569091796883527e+01 4.540738296508789062e+01 3.764825439453125000e+01
1.898343524932861328e+02 7.180366706848153058e+01 4.754127120971679688e+01 3.843247604370117188e+01
1.890677776336669922e+02 7.093297767639168683e+01 4.760168838500976562e+01 3.888074874877929688e+01
1.892929363250732422e+02 7.126057052612313214e+01 5.271576309204101562e+01 3.819077301025390625e+01
1.887942829132080078e+02 6.970845031738289777e+01 5.801412582397460938e+01 4.032188415527343750e+01
1.871844329833984375e+02 7.254206085205086652e+01 5.808891296386718750e+01 3.557426452636718750e+01
1.877777938842773438e+02 7.227289772033699933e+01 5.713377380371093750e+01 3.659237289428710938e+01
1.875502071380615234e+02 7.106570053100594464e+01 5.673065567016601562e+01 3.628559112548828125e+01
1.882675762176513672e+02 7.229618453979500714e+01 5.827327346801757812e+01 3.485607147216796875e+01
1.892012138366699219e+02 7.320389556884774152e+01 4.390886688232421875e+01 3.382713317871093750e+01
1.899631805419921875e+02 7.295605278015145245e+01 3.213642883300781250e+01 3.409053421020507812e+01
1.922210311889648438e+02 7.508661842346199933e+01 3.416096496582031250e+01 3.278245162963867188e+01
1.950600872039794922e+02 7.439678764343270245e+01 3.460942459106445312e+01 3.399118423461914062e+01
1.976798934936523438e+02 7.480373001098641339e+01 3.797138977050781250e+01 3.354009246826171875e+01
2.019437313079833984e+02 7.469423103332528058e+01 3.524197769165039062e+01 3.359339523315429688e+01
2.044045047760009766e+02 7.458785057067879620e+01 3.062624740600585938e+01 3.441075515747070312e+01
2.082502202987670898e+02 7.750761508941658917e+01 2.737498664855957031e+01 3.136074638366699219e+01
2.095070762634277344e+02 7.720652294158944073e+01 3.060836029052734375e+01 3.189085578918457031e+01
2.089609708786010742e+02 7.665907478332528058e+01 2.872831916809082031e+01 3.106061935424804688e+01
2.082972240447998047e+02 7.289142417907723370e+01 2.999649429321289062e+01 3.242041397094726562e+01
2.040145549774169922e+02 7.165514564514168683e+01 3.142144393920898438e+01 3.042224502563476562e+01
2.015048561096191406e+02 6.989287376403817120e+01 3.193716430664062500e+01 3.051290512084960938e+01
2.005892086029052734e+02 7.144979095458992902e+01 2.804359817504882812e+01 2.905426788330078125e+01
1.987280311584472656e+02 6.996571159362801495e+01 2.369194793701171875e+01 2.962923049926757812e+01
1.987172966003417969e+02 6.871194553375252667e+01 2.149578857421875000e+01 2.654907035827636719e+01
1.982341547012329102e+02 6.594212341308602277e+01 2.350414848327636719e+01 2.657634735107421875e+01
1.990695934295654297e+02 6.360943126678475323e+01 2.500070571899414062e+01 2.710241889953613281e+01
1.966587038040161133e+02 6.026423072814949933e+01 2.232256889343261719e+01 2.872513198852539062e+01
1.964215850830078125e+02 6.086898899078377667e+01 2.512562561035156250e+01 2.698399925231933594e+01
1.981248188018798828e+02 5.882285881042488995e+01 5.187652206420898438e+01 3.119671249389648438e+01
1.958444843292236328e+02 5.771793365478524152e+01 5.436283493041992188e+01 3.557999420166015625e+01
1.966275138854980469e+02 4.992618179321297589e+01 5.688216400146484375e+01 4.538719177246093750e+01
1.999517078399658203e+02 6.191999435424813214e+01 5.550869369506835938e+01 3.697242736816406250e+01
2.005327033996582031e+02 5.738199615478524152e+01 5.570479583740234375e+01 4.476049041748046875e+01
2.012167167663574219e+02 6.394682312011727277e+01 5.691579437255859375e+01 4.359127044677734375e+01
2.006566734313964844e+02 6.728987312316903058e+01 5.668637847900390625e+01 4.478239822387695312e+01
2.019644641876220703e+02 6.515523719787606183e+01 4.940748214721679688e+01 4.458156204223632812e+01
2.033905963897705078e+02 6.763243675231942120e+01 5.840168380737304688e+01 4.837359237670898438e+01
2.052523517608642578e+02 6.816062545776375714e+01 6.129856491088867188e+01 4.795304870605468750e+01
2.058708953857421875e+02 6.446491050720223370e+01 5.984283447265625000e+01 5.340890121459960938e+01
2.067114601135253906e+02 6.405386924743662291e+01 6.500782012939453125e+01 5.480038070678710938e+01
2.043047142028808594e+02 6.456731414794930402e+01 6.727831268310546875e+01 5.481774139404296875e+01
2.063782920837402344e+02 6.345451736450205260e+01 6.530184173583984375e+01 5.725610351562500000e+01
2.023132820129394531e+02 6.406036186218273087e+01 6.796033477783203125e+01 5.437218856811523438e+01
2.079258117675781250e+02 6.337186241149913712e+01 6.799693298339843750e+01 5.726548385620117188e+01
2.068395442962646484e+02 6.367017555236827775e+01 6.368983840942382812e+01 5.755847549438476562e+01
2.052518692016601562e+02 6.294713211059583102e+01 6.342869567871093750e+01 5.739320373535156250e+01
2.016721343994140625e+02 6.151458740234387790e+01 6.419932556152343750e+01 5.857286834716796875e+01
2.055697402954101562e+02 6.217508316040053273e+01 6.815591430664062500e+01 5.716127014160156250e+01
2.070989608764648438e+02 6.290299034118666555e+01 6.733531188964843750e+01 5.439934921264648438e+01
2.026524429321289062e+02 6.226619338989273444e+01 6.804595947265625000e+01 5.470748901367187500e+01
2.046975765228271484e+02 7.148946571350114709e+01 5.911890029907226562e+01 4.536716079711914062e+01
2.028971157073974609e+02 6.964012527465837366e+01 5.896562576293945312e+01 4.336982727050781250e+01
2.035439262390136719e+02 6.537263679504411584e+01 5.859801483154296875e+01 4.649267959594726562e+01
2.021545963287353516e+02 6.870602226257341272e+01 5.560645675659179688e+01 4.161397933959960938e+01
2.028519554138183594e+02 6.813334465026872522e+01 5.606560516357421875e+01 4.003698348999023438e+01
2.013168087005615234e+02 6.701332664489763147e+01 5.525049209594726562e+01 4.121154403686523438e+01
2.022044486999511719e+02 6.724234771728532678e+01 5.614209747314453125e+01 3.982306671142578125e+01
2.022285251617431641e+02 6.495213127136247522e+01 5.568560409545898438e+01 4.081275558471679688e+01
2.009875888824462891e+02 6.524640846252458459e+01 5.710035324096679688e+01 4.046420669555664062e+01
2.010106105804443359e+02 6.464145660400407678e+01 5.671812820434570312e+01 4.130033111572265625e+01
2.022085304260253906e+02 6.623809051513688928e+01 5.598313140869140625e+01 4.029805755615234375e+01
2.016787090301513672e+02 6.680628585815446741e+01 5.703209304809570312e+01 4.019561767578125000e+01
2.027144165039062500e+02 6.746369552612321741e+01 5.641036987304687500e+01 4.010855102539062500e+01
2.031516685485839844e+02 6.643625259399431116e+01 5.704151153564453125e+01 4.173042297363281250e+01
2.013508853912353516e+02 6.808920860290542976e+01 5.827618026733398438e+01 4.090377426147460938e+01
2.034013481140136719e+02 6.610563087463393117e+01 5.543228912353515625e+01 4.409305191040039062e+01
2.022091293334960938e+02 6.794642639160171882e+01 5.801698303222656250e+01 4.444567108154296875e+01
1.996621589660644531e+02 6.413494110107437507e+01 5.639635467529296875e+01 4.707938385009765625e+01
2.039968833923339844e+02 6.396735763549820319e+01 5.634772491455078125e+01 4.989038085937500000e+01
2.031942996978759766e+02 6.408002471923843757e+01 6.118650436401367188e+01 5.128325653076171875e+01
2.043829746246337891e+02 7.036992645263687507e+01 5.879421615600585938e+01 4.660115814208984375e+01
2.030456199645996094e+02 6.758390617370622522e+01 5.853424835205078125e+01 4.851932907104492188e+01
2.061770992279052734e+02 5.472794151306167976e+01 4.619112014770507812e+01 4.757172775268554688e+01
2.044848270416259766e+02 4.836358070373550788e+01 5.263642501831054688e+01 4.381186294555664062e+01
2.046516895294189453e+02 7.214328765869156257e+01 5.388236618041992188e+01 4.413459014892578125e+01
2.041261997222900391e+02 7.220655059814467336e+01 6.136881637573242188e+01 4.613547515869140625e+01
2.061179828643798828e+02 6.664865684509291555e+01 6.335793685913085938e+01 4.876144027709960938e+01
2.130180988311767578e+02 5.596736526489272023e+01 6.013521957397460938e+01 5.481056213378906250e+01
2.439539718627929688e+02 5.940418052673354055e+01 4.141209411621093750e+01 4.943699264526367188e+01
2.056917514801025391e+02 7.288160705566420461e+01 6.014107894897460938e+01 4.106650543212890625e+01
2.047746543884277344e+02 7.915866470336928273e+01 5.734175872802734375e+01 3.657128906250000000e+01
2.073577804565429688e+02 7.360681533813490773e+01 5.345838928222656250e+01 4.057733154296875000e+01
2.072366619110107422e+02 7.290528869628920461e+01 5.554390335083007812e+01 3.970481109619140625e+01
2.028241405487060547e+02 7.891802978515639211e+01 5.755807876586914062e+01 3.401891326904296875e+01
2.013884983062744141e+02 7.390740966796889211e+01 5.514210128784179688e+01 3.474027252197265625e+01
2.016039867401123047e+02 6.946049499511732961e+01 3.884291458129882812e+01 3.497098541259765625e+01
1.997671203613281250e+02 6.612974357604994680e+01 3.629301452636718750e+01 3.338091659545898438e+01
1.985236301422119141e+02 6.435250663757338430e+01 3.323196029663085938e+01 3.133044052124023438e+01
1.960208759307861328e+02 6.136697959899916555e+01 3.660956954956054688e+01 3.138941574096679688e+01
1.951491851806640625e+02 5.446295166015639211e+01 3.628994750976562500e+01 3.505735015869140625e+01
1.938227672576904297e+02 5.585530853271498586e+01 4.008864212036132812e+01 3.217937469482421875e+01
1.936557064056396484e+02 5.428329563140883351e+01 3.494974136352539062e+01 3.040331077575683594e+01
1.935037689208984375e+02 5.298344326019301320e+01 3.714620971679687500e+01 3.148127174377441406e+01
1.933987464904785156e+02 4.982197189331068898e+01 4.626648712158203125e+01 3.357855224609375000e+01
1.929316997528076172e+02 4.844568824768080617e+01 5.413019180297851562e+01 3.454533767700195312e+01
1.937274875640869141e+02 5.120472717285170461e+01 5.695699691772460938e+01 3.217075347900390625e+01
1.936696739196777344e+02 5.045312881469740773e+01 5.551190948486328125e+01 3.400543212890625000e+01
1.933025817871093750e+02 5.188443756103529836e+01 5.561524963378906250e+01 3.320774078369140625e+01
1.937449131011962891e+02 5.419625663757338430e+01 5.548627853393554688e+01 3.308825302124023438e+01
1.951843700408935547e+02 5.537921333313002492e+01 5.351874160766601562e+01 3.382106399536132812e+01
1.968589897155761719e+02 5.937949466705336476e+01 4.571782684326171875e+01 3.183702659606933594e+01
1.972810325622558594e+02 6.152069854736342336e+01 3.727913665771484375e+01 3.214470672607421875e+01
1.988698101043701172e+02 6.260133171081557180e+01 3.703236770629882812e+01 3.485280990600585938e+01
2.012098827362060547e+02 6.271945381164564992e+01 4.589534378051757812e+01 3.813087844848632812e+01
2.015708618164062500e+02 5.850619697570814992e+01 5.124537658691406250e+01 4.302481460571289062e+01
2.030074558258056641e+02 6.852835845947279836e+01 4.610404586791992188e+01 3.770125579833984375e+01
2.040385971069335938e+02 8.228344631195082570e+01 3.832315063476562500e+01 2.909258460998535156e+01
2.056969947814941406e+02 7.937508010864272023e+01 4.853768157958984375e+01 3.579458618164062500e+01
2.083861408233642578e+02 6.793638610839857961e+01 4.949937057495117188e+01 4.683731842041015625e+01
2.076716957092285156e+02 7.927419853210463430e+01 4.874283599853515625e+01 4.001298141479492188e+01
2.075315208435058594e+02 8.541506767272963430e+01 5.704544830322265625e+01 3.624793624877929688e+01
2.106245899200439453e+02 8.731692504882826711e+01 5.425631332397460938e+01 3.501605987548828125e+01
2.105886898040771484e+02 9.244607353210463430e+01 5.894539260864257812e+01 3.137165451049804688e+01
2.114074802398681641e+02 9.262276268005385305e+01 3.894160079956054688e+01 3.088334274291992188e+01
2.134109764099121094e+02 8.970648193359389211e+01 4.611827850341796875e+01 3.331174468994140625e+01
2.121000022888183594e+02 8.794578361511244680e+01 5.416985321044921875e+01 3.685708236694335938e+01
2.109292545318603516e+02 8.635625648498549367e+01 5.914300155639648438e+01 3.691998672485351562e+01
2.126187686920166016e+02 8.177080345153822805e+01 6.032452011108398438e+01 4.101157760620117188e+01
2.113766632080078125e+02 8.850534248352064992e+01 5.798855590820312500e+01 3.550662612915039062e+01
2.097936477661132812e+02 8.552379608154311086e+01 5.846170043945312500e+01 3.593158721923828125e+01
2.123014678955078125e+02 8.101021575927748586e+01 5.942243957519531250e+01 4.109055328369140625e+01
2.090376319885253906e+02 8.544613838195816413e+01 5.627147674560546875e+01 3.570557022094726562e+01
2.081182479858398438e+02 7.918538856506363288e+01 5.377540588378906250e+01 4.014107131958007812e+01
2.052548694610595703e+02 7.741702270507829553e+01 5.610180282592773438e+01 3.995717620849609375e+01
2.052716751098632812e+02 7.900912094116227991e+01 5.563624572753906250e+01 3.639585876464843750e+01
2.065084438323974609e+02 8.205388069152849084e+01 4.371898269653320312e+01 3.218266677856445312e+01
2.048235416412353516e+02 8.069339847564714319e+01 3.270113754272460938e+01 3.019161033630371094e+01
2.020949153900146484e+02 7.179643630981462366e+01 3.986637496948242188e+01 3.637558746337890625e+01
2.024803504943847656e+02 6.394766998291032678e+01 5.584512329101562500e+01 4.292640686035156250e+01
2.020643730163574219e+02 6.166411018371597663e+01 5.602291870117187500e+01 4.109260177612304688e+01
2.003052177429199219e+02 6.135399246215835944e+01 5.513615417480468750e+01 3.987329864501953125e+01
2.011313476562500000e+02 6.285803604125992194e+01 5.465879058837890625e+01 3.664084625244140625e+01
2.008087215423583984e+02 6.539165115356460944e+01 4.858785629272460938e+01 3.418128204345703125e+01
2.020170440673828125e+02 6.830843257904068366e+01 4.105432891845703125e+01 3.070421028137207031e+01
2.013430328369140625e+02 6.869887065887466804e+01 3.244327545166015625e+01 2.882476234436035156e+01
2.003583412170410156e+02 6.644582080841081506e+01 3.074921417236328125e+01 2.987048149108886719e+01
1.999394626617431641e+02 6.337815284729020959e+01 2.948492050170898438e+01 3.277449417114257812e+01
2.010935153961181641e+02 6.729999542236345178e+01 3.385764694213867188e+01 3.045609283447265625e+01
2.019258632659912109e+02 6.800327205657976037e+01 3.605838394165039062e+01 2.979047584533691406e+01
2.012316055297851562e+02 6.758877563476579553e+01 3.322519683837890625e+01 3.132958221435546875e+01
2.008911457061767578e+02 6.754693794250505334e+01 3.165028762817382812e+01 3.293960952758789062e+01
2.017475280761718750e+02 6.692659759521501428e+01 3.712554168701171875e+01 3.253237152099609375e+01
2.021477355957031250e+02 6.350951957702653772e+01 5.422661590576171875e+01 4.055332565307617188e+01
2.021252002716064453e+02 6.374092483520524866e+01 5.688154983520507812e+01 4.316316223144531250e+01
2.013981132507324219e+02 6.614353179931657678e+01 5.712905883789062500e+01 4.168938446044921875e+01
2.025542297363281250e+02 6.424991035461441413e+01 5.826737213134765625e+01 4.642529678344726562e+01
2.004897346496582031e+02 6.017534255981460944e+01 6.268162536621093750e+01 5.109111022949218750e+01
1.997888431549072266e+02 5.658297729492204553e+01 6.298874282836914062e+01 5.494345855712890625e+01
1.927122764587402344e+02 6.031782913208024866e+01 4.591897583007812500e+01 4.077743530273437500e+01
1.983315830230712891e+02 6.324318504333513147e+01 4.099383926391601562e+01 3.931275558471679688e+01
2.059115924835205078e+02 6.558629226684587366e+01 3.855270767211914062e+01 4.732914733886718750e+01
2.002011375427246094e+02 5.968861389160173303e+01 4.255900573730468750e+01 5.143317413330078125e+01
2.034106006622314453e+02 6.773199462890642053e+01 4.235959243774414062e+01 4.437912750244140625e+01
2.018199138641357422e+02 6.074809646606462366e+01 4.512530136108398438e+01 5.562391662597656250e+01
2.071814403533935547e+02 6.417040634155290491e+01 6.283303451538085938e+01 5.769419860839843750e+01
2.051442584991455078e+02 6.177458000183122522e+01 6.386743545532226562e+01 5.956824874877929688e+01
2.036750793457031250e+02 6.054862594604509241e+01 6.729334259033203125e+01 6.128881835937500000e+01
1.998207511901855469e+02 6.022507095336931116e+01 6.965908813476562500e+01 5.943698120117187500e+01
2.014832382202148438e+02 6.350462722778337366e+01 6.820709991455078125e+01 5.642547607421875000e+01
2.030271644592285156e+02 6.398865699768082038e+01 6.493171691894531250e+01 5.513771438598632812e+01
2.025730361938476562e+02 6.299759864807144538e+01 6.454190826416015625e+01 5.486267471313476562e+01
2.021660938262939453e+02 6.756737518310561086e+01 6.116321182250976562e+01 4.886745452880859375e+01
2.016039981842041016e+02 6.987343978881850148e+01 5.793986892700195312e+01 4.605728149414062500e+01
2.022627048492431641e+02 7.131557846069350148e+01 5.581387710571289062e+01 4.327256774902343750e+01
2.031077213287353516e+02 7.428170204162610446e+01 5.583015823364257812e+01 3.892561721801757812e+01
2.013380832672119141e+02 7.116498374938977634e+01 5.397752761840820312e+01 3.983468246459960938e+01
2.034524745941162109e+02 6.633094024658217336e+01 5.368738937377929688e+01 4.266655731201171875e+01
2.027272777557373047e+02 6.702649497985854055e+01 5.594669723510742188e+01 4.119022750854492188e+01
2.020190601348876953e+02 6.762913513183607961e+01 5.643153762817382812e+01 4.034740447998046875e+01
2.018055820465087891e+02 6.755805397033705617e+01 5.621763992309570312e+01 4.019043350219726562e+01
2.026151313781738281e+02 6.776684570312514211e+01 5.619810485839843750e+01 3.931418609619140625e+01
2.008787231445312500e+02 6.560961532592787648e+01 5.844881439208984375e+01 4.113499450683593750e+01
2.008909130096435547e+02 6.697079658508313571e+01 5.698745346069335938e+01 3.984610366821289062e+01
2.015115222930908203e+02 6.791480255126965915e+01 5.644371414184570312e+01 4.026502227783203125e+01
2.022180213928222656e+02 6.849096679687512790e+01 5.692079162597656250e+01 3.968874359130859375e+01
2.020582466125488281e+02 7.182034111022962009e+01 5.654473876953125000e+01 3.658019638061523438e+01
2.015545673370361328e+02 7.237743949890149509e+01 5.570230484008789062e+01 3.749807357788085938e+01
2.000873336791992188e+02 7.108706283569348727e+01 5.688391876220703125e+01 3.752204895019531250e+01
1.993895130157470703e+02 6.854421615600598727e+01 5.662784194946289062e+01 4.074075317382812500e+01
1.995275535583496094e+02 6.890467071533215915e+01 5.623678588867187500e+01 4.013501739501953125e+01
1.976394062042236328e+02 7.015479469299329196e+01 5.797919082641601562e+01 3.777751541137695312e+01
1.969134368896484375e+02 6.666674423217786227e+01 5.599286651611328125e+01 3.975032043457031250e+01
1.971390380859375000e+02 6.701547050476087009e+01 5.563034820556640625e+01 3.854757308959960938e+01
1.989956417083740234e+02 6.488465118408217336e+01 5.417679977416992188e+01 3.992359161376953125e+01
1.984910907745361328e+02 6.684728050231947805e+01 5.323862075805664062e+01 3.623206710815429688e+01
2.002434101104736328e+02 6.690948486328139211e+01 5.092712783813476562e+01 3.463582611083984375e+01
1.952801895141601562e+02 6.490426635742201711e+01 5.122060394287109375e+01 3.492288970947265625e+01
1.955032081604003906e+02 6.501475334167494680e+01 4.375671386718750000e+01 3.491627120971679688e+01
1.958866119384765625e+02 6.512617874145522023e+01 5.146971893310546875e+01 3.447016906738281250e+01
1.944217205047607422e+02 6.376910591125502492e+01 4.460067367553710938e+01 3.555238723754882812e+01
1.950848960876464844e+02 6.328731155395522023e+01 4.188116455078125000e+01 3.439447021484375000e+01
2.031185894012451172e+02 6.577981376647963430e+01 4.702126693725585938e+01 3.426447677612304688e+01
1.985565662384033203e+02 6.335526657104506398e+01 4.829159927368164062e+01 3.599232482910156250e+01
1.980406341552734375e+02 6.081109428405775930e+01 5.404232025146484375e+01 4.078187179565429688e+01
1.965194664001464844e+02 5.938613510131850148e+01 5.401670837402343750e+01 4.205996704101562500e+01
1.980010662078857422e+02 5.957739257812514211e+01 5.395885848999023438e+01 4.308022308349609375e+01
2.111983280181884766e+02 5.914585876464857961e+01 4.227338027954101562e+01 4.347740936279296875e+01
1.962328243255615234e+02 6.191147994995131398e+01 5.305808639526367188e+01 3.834133911132812500e+01
2.014821014404296875e+02 6.300661468505873586e+01 5.054163360595703125e+01 3.678952789306640625e+01
1.945325717926025391e+02 5.983527755737318898e+01 5.311426162719726562e+01 3.800016784667968750e+01
2.090316295623779297e+02 6.219438552856459523e+01 4.085197067260742188e+01 3.627003479003906250e+01
2.046507339477539062e+02 6.511439704895033742e+01 4.500568389892578125e+01 3.342712783813476562e+01
1.995423660278320312e+02 6.436795043945326711e+01 5.043152618408203125e+01 3.505854034423828125e+01
2.030921707153320312e+02 6.143814277648939992e+01 4.758554840087890625e+01 3.811111831665039062e+01
2.053463764190673828e+02 5.659669113159193898e+01 4.413013076782226562e+01 4.020208740234375000e+01
2.080621356964111328e+02 5.315235328674330617e+01 4.279629898071289062e+01 4.183264541625976562e+01
2.083813762664794922e+02 5.102276420593275930e+01 4.262325668334960938e+01 4.108205795288085938e+01
2.060542469024658203e+02 5.186987113952650930e+01 4.459616470336914062e+01 3.504589462280273438e+01
2.003850879669189453e+02 4.851169013977064992e+01 4.966832351684570312e+01 3.677302932739257812e+01
2.001063995361328125e+02 5.046112060546889211e+01 4.893480682373046875e+01 3.406040191650390625e+01
2.029091110229492188e+02 5.093088436126723195e+01 4.334702301025390625e+01 3.191089820861816406e+01
1.992002544403076172e+02 4.939524173736586476e+01 5.036806869506835938e+01 3.174350547790527344e+01
1.978802833557128906e+02 5.112024784088148976e+01 5.121109008789062500e+01 3.017740440368652344e+01
1.879069213867187500e+02 5.009239768981947805e+01 5.718633270263671875e+01 3.416489791870117188e+01
1.835716018676757812e+02 4.922343063354506398e+01 5.670850372314453125e+01 4.064950561523437500e+01
1.869786796569824219e+02 4.994670677185072805e+01 5.659799194335937500e+01 4.766483688354492188e+01
1.775954475402832031e+02 5.758838462829604055e+01 5.740042114257812500e+01 5.012946701049804688e+01
1.768496532440185547e+02 6.665935707092299367e+01 6.118748092651367188e+01 4.658398818969726562e+01
1.788720436096191406e+02 6.158334350585950290e+01 5.493804931640625000e+01 5.438106536865234375e+01
1.789514331817626953e+02 7.587156105041516696e+01 5.694615554809570312e+01 4.621068191528320312e+01
1.807652530670166016e+02 9.046457862854015275e+01 5.858110427856445312e+01 3.672925186157226562e+01
1.792713394165039062e+02 8.984655761718762790e+01 5.771689605712890625e+01 4.130733489990232954e+01
1.781270961761474609e+02 8.552820205688486510e+01 5.383182907104492188e+01 4.547906494140626421e+01
1.971637229919433594e+02 3.904895782470715915e+01 4.790643310546875000e+01 4.412255096435546875e+01
1.903082561492919922e+02 4.681014823913587009e+01 4.429029464721679688e+01 3.296191024780273438e+01
1.976137847900390625e+02 4.220673751831067477e+01 4.074160003662109375e+01 3.778610229492187500e+01
1.959486618041992188e+02 3.805683898925794040e+01 3.915007781982421875e+01 4.477021026611328125e+01
2.017805385589599609e+02 3.917259025573743259e+01 3.780442428588867188e+01 3.991993331909179688e+01
1.942858161926269531e+02 4.315231704711926852e+01 3.754850769042968750e+01 3.407653808593750000e+01
1.928899860382080078e+02 4.231333732604993259e+01 3.521977615356445312e+01 3.111266708374023438e+01
1.853851642608642578e+02 4.112634277343762790e+01 3.475345993041992188e+01 2.869976043701171875e+01
1.922840652465820312e+02 3.985481834411633884e+01 3.202046203613281250e+01 2.857664108276367188e+01
1.746619596481323242e+02 3.738254547119153415e+01 3.089708137512207031e+01 3.230964660644531250e+01
1.808515901565551758e+02 4.193060302734387790e+01 3.184620475769042969e+01 3.316577148437500000e+01
1.807669620513916016e+02 4.063425064086926852e+01 3.360155105590820312e+01 3.194448852539062500e+01
1.737220630645751953e+02 3.865075111389172946e+01 3.522317886352539062e+01 3.133804702758789062e+01
1.875703620910644531e+02 3.736258411407483493e+01 3.292271423339843750e+01 3.194927787780761719e+01
1.750376529693603516e+02 3.995509147644055759e+01 3.492613601684570312e+01 3.101406478881835938e+01
1.867419843673706055e+02 3.439721775054944430e+01 2.859056282043457031e+01 2.921980094909667969e+01
1.891868238449096680e+02 2.887191772460950290e+01 2.742139625549316406e+01 2.838517761230468750e+01
1.963713302612304688e+02 2.795140075683606540e+01 2.733124542236328125e+01 2.679325103759765625e+01
1.890617790222167969e+02 1.719540023803723727e+01 2.940526580810546875e+01 3.497673797607421875e+01
