3.200000000000000000e+01 2.100000000000000000e+01 3.600000000000000000e+01 4.800000000000000000e+01
3.334316444396972656e+01 2.244585418701171875e+01 3.308794784545898438e+01 4.771630859375000000e+01
3.288404369354248047e+01 2.459357643127441406e+01 3.066149330139160156e+01 4.824303817749023438e+01
3.247746372222900391e+01 2.900233840942382812e+01 3.043644523620605469e+01 4.483039093017578125e+01
3.288068485260009766e+01 3.109785652160644531e+01 2.853608512878417969e+01 4.606281661987304688e+01
3.225938224792480469e+01 3.204003143310546875e+01 3.006692886352539062e+01 4.558905029296875000e+01
3.140748023986816406e+01 3.384487152099609375e+01 3.098531723022460938e+01 4.479650878906250000e+01
3.002327346801757812e+01 3.434601783752441406e+01 3.349031829833984375e+01 4.404043197631835938e+01
2.937348175048828125e+01 3.487373924255371094e+01 3.459303283691406250e+01 4.336503982543945312e+01
2.957338523864746094e+01 3.433019065856933594e+01 3.509975051879882812e+01 4.457187271118164062e+01
2.982701873779296875e+01 3.669533348083496094e+01 3.414755249023437500e+01 4.279703140258789062e+01
3.064458084106445312e+01 3.619758605957031250e+01 3.513446807861328125e+01 4.345196533203125000e+01
3.084090995788574219e+01 3.863112640380859375e+01 3.414503860473632812e+01 4.463171386718750000e+01
3.225995445251464844e+01 3.923287200927734375e+01 3.474875259399414062e+01 4.507353210449218750e+01
3.332182312011718750e+01 4.127177810668945312e+01 3.429864501953125000e+01 4.457811737060546875e+01
3.470016098022460938e+01 4.079908561706542969e+01 3.373720550537109375e+01 4.569174575805664062e+01
3.526260375976562500e+01 4.121839714050292969e+01 3.349067687988281250e+01 4.354066848754882812e+01
3.623010253906250000e+01 4.118584442138671875e+01 3.459652709960937500e+01 4.526731872558593750e+01
3.929800033569335938e+01 4.024895286560058594e+01 3.528253936767578125e+01 4.724431228637695312e+01
4.162913322448730469e+01 4.015446662902832031e+01 3.494479751586914062e+01 4.306977462768554688e+01
4.322371864318847656e+01 3.941566467285156250e+01 3.688772201538085938e+01 4.570788574218750000e+01
4.417492485046386719e+01 3.844766807556152344e+01 3.821971511840820312e+01 4.330783462524414062e+01
4.798259162902832031e+01 3.784723281860351562e+01 3.687633895874023438e+01 4.312885284423828125e+01
5.123040771484375000e+01 3.739064025878906250e+01 3.714521789550781250e+01 4.303425598144531250e+01
5.226638221740722656e+01 3.576989173889160156e+01 3.494141769409179688e+01 4.306806564331054688e+01
5.634239768981933594e+01 3.616247177124023438e+01 3.359648513793945312e+01 4.479898834228515625e+01
5.667107009887695312e+01 3.560874557495117188e+01 3.133748626708984375e+01 4.221291351318359375e+01
5.860271739959716797e+01 3.551162719726562500e+01 3.058915138244628906e+01 4.465653991699218750e+01
5.776427459716796875e+01 3.649953460693359375e+01 2.962622070312500000e+01 4.192338562011718750e+01
5.763295364379882812e+01 3.622536087036132812e+01 3.005887603759765625e+01 4.485031890869140625e+01
5.636593914031982422e+01 3.842362022399902344e+01 2.979619789123535156e+01 4.308736038208007812e+01
5.437887477874755859e+01 4.010343360900878906e+01 3.190168952941894531e+01 4.180590438842773438e+01
5.423703765869140625e+01 3.942337608337402344e+01 3.198739624023437500e+01 4.127441787719726562e+01
5.376848411560058594e+01 3.902024650573730469e+01 3.358259963989257812e+01 4.363945388793945312e+01
5.185772705078125000e+01 3.922675132751464844e+01 3.453393554687500000e+01 4.532167434692382812e+01
5.234006309509277344e+01 4.261261558532714844e+01 3.314561843872070312e+01 4.020186233520507812e+01
5.413652229309082031e+01 4.291259765625000000e+01 3.442998886108398438e+01 4.299470520019531250e+01
5.447152614593505859e+01 4.340566635131835938e+01 3.191087532043457031e+01 4.352748870849609375e+01
5.469363594055175781e+01 4.490144920349121094e+01 3.281861495971679688e+01 4.374293899536132812e+01
5.331940460205078125e+01 4.503250503540039062e+01 3.292901611328125000e+01 4.244977569580078125e+01
5.430731582641601562e+01 4.756778526306152344e+01 3.429924774169921875e+01 4.303429031372070312e+01
5.388530921936035156e+01 4.688449859619140625e+01 3.271073532104492188e+01 4.500733947753906250e+01
5.506683921813964844e+01 4.837397003173828125e+01 3.216160964965820312e+01 4.411097717285156250e+01
5.392441177368164062e+01 4.835530662536621094e+01 3.174666595458984375e+01 4.238702774047851562e+01
5.444319343566894531e+01 4.871788215637207031e+01 3.378022384643554688e+01 4.442852401733398438e+01
5.340781307220458984e+01 4.987493896484375000e+01 3.190399360656738281e+01 4.412080383300781250e+01
5.318454170227050781e+01 5.136907768249511719e+01 3.456446456909179688e+01 4.285808181762695312e+01
5.197001266479492188e+01 5.089749336242675781e+01 3.608596038818359375e+01 4.564335250854492188e+01
5.059765625000000000e+01 5.238388252258300781e+01 3.622203063964843750e+01 4.191816329956054688e+01
5.122068977355957031e+01 5.336820220947265625e+01 3.798052597045898438e+01 4.454193115234375000e+01
4.960441207885742188e+01 5.392650604248046875e+01 3.754140472412109375e+01 4.377233886718750000e+01
5.175922203063964844e+01 5.427361488342285156e+01 3.887521743774414062e+01 4.680952072143554688e+01
5.224274826049804688e+01 5.679370498657226562e+01 3.639966583251953125e+01 4.434371185302734375e+01
5.238802337646484375e+01 5.725924110412597656e+01 3.970129394531250000e+01 4.510432052612304688e+01
5.362911033630371094e+01 5.793188476562500000e+01 4.052273941040039062e+01 4.517268371582031250e+01
5.453458023071289062e+01 5.923143577575683594e+01 3.982764434814453125e+01 4.385936355590820312e+01
5.573996353149414062e+01 6.061016845703125000e+01 3.826248931884765625e+01 4.345153808593750000e+01
5.407773971557617188e+01 6.127889823913574219e+01 3.977841949462890625e+01 4.385896682739257812e+01
5.353244590759277344e+01 6.114647293090820312e+01 4.014719009399414062e+01 4.396422576904296875e+01
5.265755462646484375e+01 6.259165382385253906e+01 4.028585815429687500e+01 4.269024276733398438e+01
5.257314491271972656e+01 6.328708839416503906e+01 4.138927841186523438e+01 4.306029891967773438e+01
5.165421867370605469e+01 6.317232131958007812e+01 4.049705886840820312e+01 4.340543365478515625e+01
5.173431205749511719e+01 6.295204734802246094e+01 4.164961624145507812e+01 4.240604019165039062e+01
5.178679466247558594e+01 6.183344078063964844e+01 4.111970901489257812e+01 4.360748672485351562e+01
5.030915451049804688e+01 6.174885177612304688e+01 4.196936798095703125e+01 4.350977325439453125e+01
4.834967994689941406e+01 6.199857330322265625e+01 4.232053756713867188e+01 4.413204956054687500e+01
4.939351463317871094e+01 6.172235870361328125e+01 4.029681777954101562e+01 4.331710815429687500e+01
4.961864471435546875e+01 6.261389732360839844e+01 3.861401367187500000e+01 4.361345291137695312e+01
5.047101211547851562e+01 6.153788375854492188e+01 3.726140594482421875e+01 4.246218109130859375e+01
4.998933601379394531e+01 6.098711967468261719e+01 3.756393051147460938e+01 4.248932266235351562e+01
4.810697555541992188e+01 6.065946960449218750e+01 4.045032501220703125e+01 4.391342163085937500e+01
4.719556617736816406e+01 6.007501983642578125e+01 4.010592269897460938e+01 4.281472778320312500e+01
4.740568161010742188e+01 6.005989456176757812e+01 3.985401153564453125e+01 4.257642364501953125e+01
4.636799049377441406e+01 5.921850585937500000e+01 4.037725448608398438e+01 4.326731872558593750e+01
4.811019706726074219e+01 5.757083892822265625e+01 3.725113296508789062e+01 4.360069274902343750e+01
4.857079887390136719e+01 5.767281532287597656e+01 3.722250747680664062e+01 4.483517074584960938e+01
4.803469085693359375e+01 5.656963539123535156e+01 3.760206604003906250e+01 4.359847640991210938e+01
4.723276901245117188e+01 5.767796707153320312e+01 3.825719451904296875e+01 4.417018890380859375e+01
4.731600761413574219e+01 5.784361267089843750e+01 3.787288284301757812e+01 4.390591430664062500e+01
4.783828926086425781e+01 5.837040519714355469e+01 3.913499069213867188e+01 4.337439346313476562e+01
4.578286552429199219e+01 5.849680519104003906e+01 4.037375259399414062e+01 4.245718002319335938e+01
4.817179489135742188e+01 5.877320861816406250e+01 4.127016448974609375e+01 4.328921508789062500e+01
4.687974929809570312e+01 5.986892890930175781e+01 3.909436798095703125e+01 4.275791549682617188e+01
4.657029724121093750e+01 6.041209030151367188e+01 4.114285278320312500e+01 4.308518218994140625e+01
4.728339004516601562e+01 6.067985534667968750e+01 3.880704498291015625e+01 4.190191650390625000e+01
4.846118927001953125e+01 6.037482833862304688e+01 3.885832214355468750e+01 4.152780914306640625e+01
4.845482254028320312e+01 5.992018699645996094e+01 3.864601898193359375e+01 4.255554580688476562e+01
4.935388565063476562e+01 6.060637664794921875e+01 3.754257965087890625e+01 4.213981628417968750e+01
4.966842269897460938e+01 6.105356788635253906e+01 3.658492279052734375e+01 4.158985519409179688e+01
4.989300346374511719e+01 6.150245094299316406e+01 3.810945510864257812e+01 4.284354782104492188e+01
4.987505531311035156e+01 6.122526550292968750e+01 3.532482528686523438e+01 4.195858764648437500e+01
4.934118270874023438e+01 6.160562515258789062e+01 3.610918426513671875e+01 4.121442413330078125e+01
4.955142402648925781e+01 6.106492042541503906e+01 3.651647567749023438e+01 4.159557723999023438e+01
5.095840835571289062e+01 6.121874237060546875e+01 3.547826385498046875e+01 4.114373779296875000e+01
5.207345771789550781e+01 6.177117347717285156e+01 3.605500411987304688e+01 4.252314376831054688e+01
5.248902320861816406e+01 5.954875564575195312e+01 3.482915878295898438e+01 4.268000030517578125e+01
5.331867218017578125e+01 6.155034446716308594e+01 3.590667724609375000e+01 4.112462234497070312e+01
5.416304016113281250e+01 6.147186088562011719e+01 3.507872009277343750e+01 4.135052871704101562e+01
5.497709274291992188e+01 6.142610549926757812e+01 3.574205780029296875e+01 4.018488311767578125e+01
5.621170616149902344e+01 6.154103469848632812e+01 3.571934890747070312e+01 4.110399627685546875e+01
5.750666618347167969e+01 6.139385604858398438e+01 3.658523941040039062e+01 4.204254913330078125e+01
5.902253532409667969e+01 6.088103866577148438e+01 3.647226333618164062e+01 4.203554534912109375e+01
5.977300834655761719e+01 6.288131141662597656e+01 3.419375991821289062e+01 4.038938522338867188e+01
6.115194511413574219e+01 5.995139312744140625e+01 3.561284255981445312e+01 4.321546936035156250e+01
6.308228302001953125e+01 6.304585647583007812e+01 3.580903625488281250e+01 4.198424530029296875e+01
6.329392051696777344e+01 6.378628921508789062e+01 3.562837600708007812e+01 4.191819000244140625e+01
6.350026893615722656e+01 6.385008430480957031e+01 3.524868392944335938e+01 4.266404342651367188e+01
6.626658058166503906e+01 6.451158714294433594e+01 3.466904830932617188e+01 4.174274063110351562e+01
6.658397865295410156e+01 6.373265075683593750e+01 3.414013290405273438e+01 4.261851501464843750e+01
6.682453536987304688e+01 6.351406669616699219e+01 3.482018280029296875e+01 4.157593154907226562e+01
6.604507446289062500e+01 6.324107742309570312e+01 3.492060852050781250e+01 4.286031341552734375e+01
6.758771896362304688e+01 6.411236190795898438e+01 3.487757110595703125e+01 4.260530853271484375e+01
6.687948989868164062e+01 6.228839302062988281e+01 3.559980010986328125e+01 4.378522872924804688e+01
6.878247070312500000e+01 6.376346588134765625e+01 3.442338562011718750e+01 4.219335937500000000e+01
6.909390068054199219e+01 6.245357131958007812e+01 3.497952651977539062e+01 4.193097686767578125e+01
6.808135223388671875e+01 6.247623443603515625e+01 3.571394348144531250e+01 4.242674255371093750e+01
6.965933036804199219e+01 6.092514991760253906e+01 3.478447341918945312e+01 4.306295394897460938e+01
6.901290893554687500e+01 6.082780265808105469e+01 3.403239440917968750e+01 4.334987258911132812e+01
6.888408851623535156e+01 6.068467903137207031e+01 3.762763595581054688e+01 4.293436813354492188e+01
7.119693183898925781e+01 6.085289573669433594e+01 3.405353927612304688e+01 4.223198318481445312e+01
7.074370193481445312e+01 5.980249977111816406e+01 3.473200225830078125e+01 4.361016464233398438e+01
7.155793762207031250e+01 6.002341270446777344e+01 3.531849670410156250e+01 4.304262161254882812e+01
7.193721771240234375e+01 5.891346740722656250e+01 3.591014099121093750e+01 4.402264404296875000e+01
7.151440048217773438e+01 5.959092330932617188e+01 3.566742706298828125e+01 4.419734954833984375e+01
7.155026435852050781e+01 6.029204940795898438e+01 3.806374740600585938e+01 4.288445281982421875e+01
7.159263801574707031e+01 6.026823616027832031e+01 3.840664291381835938e+01 4.277978134155273438e+01
7.750658035278320312e+01 6.156703567504882812e+01 3.703218841552734375e+01 4.310256195068359375e+01
7.896506118774414062e+01 6.061799812316894531e+01 3.643195343017578125e+01 4.483161544799804688e+01
7.957823562622070312e+01 6.000048446655273438e+01 3.750090789794921875e+01 4.607405853271484375e+01
8.210994911193847656e+01 5.986415100097656250e+01 3.754426193237304688e+01 4.638015747070312500e+01
8.280598831176757812e+01 6.110189437866210938e+01 3.919582366943359375e+01 4.401020050048828125e+01
8.541696739196777344e+01 6.116919708251953125e+01 3.880263137817382812e+01 4.475373840332031250e+01
8.741631317138671875e+01 6.143899726867675781e+01 3.902603149414062500e+01 4.419161605834960938e+01
8.810193252563476562e+01 5.995088958740234375e+01 3.957256317138671875e+01 4.641229248046875000e+01
9.077599334716796875e+01 6.220183372497558594e+01 3.788867187500000000e+01 4.365912246704101562e+01
9.331955528259277344e+01 5.871480369567871094e+01 3.570508193969726562e+01 4.424032974243164062e+01
9.317792129516601562e+01 6.249880790710449219e+01 3.485211944580078125e+01 4.230546951293945312e+01
9.416776275634765625e+01 6.174404144287109375e+01 3.631517028808593750e+01 4.286283874511718750e+01
9.631477165222167969e+01 6.260334587097167969e+01 3.489986038208007812e+01 4.296261978149414062e+01
9.658345031738281250e+01 6.099658966064453125e+01 3.520535278320312500e+01 4.349119567871093750e+01
9.685276985168457031e+01 6.227942466735839844e+01 3.535429000854492188e+01 4.421838760375976562e+01
9.699260902404785156e+01 6.191930580139160156e+01 3.591074752807617188e+01 4.276401901245117188e+01
9.840037727355957031e+01 6.207328414916992188e+01 3.481303024291992188e+01 4.274169158935546875e+01
9.794222450256347656e+01 6.184768676757812500e+01 3.585013961791992188e+01 4.410575866699218750e+01
9.801650810241699219e+01 6.253186035156250000e+01 3.564245986938476562e+01 4.269573974609375000e+01
9.842201042175292969e+01 6.191942787170410156e+01 3.710492324829101562e+01 4.447278976440429688e+01
9.904409027099609375e+01 6.175077629089355469e+01 3.664700317382812500e+01 4.320744705200195312e+01
9.955127143859863281e+01 6.180969047546386719e+01 3.637955856323242188e+01 4.404741287231445312e+01
1.005078296661376953e+02 6.214727401733398438e+01 3.532047653198242188e+01 4.361016082763671875e+01
1.001965065002441406e+02 6.160633277893066406e+01 3.604016876220703125e+01 4.457186508178710938e+01
1.021739482879638672e+02 6.170447540283203125e+01 3.550592422485351562e+01 4.510850524902343750e+01
1.029431533813476562e+02 5.987141609191894531e+01 3.539340209960937500e+01 4.499814987182617188e+01
1.027233600616455078e+02 6.066488838195800781e+01 3.567977523803710938e+01 4.427885055541992188e+01
1.037385807037353516e+02 5.975617218017578125e+01 3.699537277221679688e+01 4.406463623046875000e+01
1.048303775787353516e+02 5.879668235778808594e+01 3.652743148803710938e+01 4.485048294067382812e+01
1.061362171173095703e+02 5.958408927917480469e+01 3.670341110229492188e+01 4.101532363891601562e+01
1.080280284881591797e+02 6.082413101196289062e+01 3.499649429321289062e+01 4.189087677001953125e+01
1.058903369903564453e+02 5.775176620483398438e+01 3.695861434936523438e+01 4.300092315673828125e+01
1.078457336425781250e+02 5.906746292114257812e+01 3.710314941406250000e+01 4.224724578857421875e+01
1.070590896606445312e+02 5.597384262084960938e+01 3.882022094726562500e+01 4.291983795166015625e+01
1.086059322357177734e+02 5.695895385742187500e+01 3.938870620727539062e+01 4.349705505371093750e+01
1.083151588439941406e+02 5.480476379394531250e+01 3.738033294677734375e+01 4.344580078125000000e+01
1.089670658111572266e+02 5.499711418151855469e+01 4.051197433471679688e+01 4.551115798950195312e+01
1.082304840087890625e+02 5.535846519470214844e+01 3.850634765625000000e+01 4.431883621215820312e+01
1.091528472900390625e+02 5.564168739318847656e+01 3.774026489257812500e+01 4.430558395385742188e+01
1.075505981445312500e+02 5.505814361572265625e+01 3.778274536132812500e+01 4.335139465332031250e+01
1.086740131378173828e+02 5.531528663635253906e+01 3.880186080932617188e+01 4.275646591186523438e+01
1.072537879943847656e+02 5.486728286743164062e+01 3.930747222900390625e+01 4.441431427001953125e+01
1.078159446716308594e+02 5.600663566589355469e+01 3.830414581298828125e+01 4.312649917602539062e+01
1.076117172241210938e+02 5.629392814636230469e+01 3.966528320312500000e+01 4.264990615844726562e+01
1.083500976562500000e+02 5.548784446716308594e+01 4.080134582519531250e+01 4.297789382934570312e+01
1.087354736328125000e+02 5.554405975341796875e+01 3.845135498046875000e+01 4.272991943359375000e+01
1.104001903533935547e+02 5.672843742370605469e+01 3.989960098266601562e+01 4.334149551391601562e+01
1.117869262695312500e+02 5.514881134033203125e+01 3.710266113281250000e+01 4.349664306640625000e+01
1.146859703063964844e+02 5.647408676147460938e+01 3.530922698974609375e+01 4.366844940185546875e+01
1.161334381103515625e+02 5.786444854736328125e+01 3.670495605468750000e+01 4.271813964843750000e+01
1.175604972839355469e+02 5.544618034362792969e+01 3.688220977783203125e+01 4.634746170043945312e+01
1.185043487548828125e+02 5.633316612243652344e+01 3.720506286621093750e+01 4.401730728149414062e+01
1.198163394927978516e+02 5.663970756530761719e+01 3.868496322631835938e+01 4.606268692016601562e+01
1.213817844390869141e+02 5.689747428894042969e+01 3.782947921752929688e+01 4.186745071411132812e+01
1.230774040222167969e+02 5.588019561767578125e+01 3.782288360595703125e+01 4.359588623046875000e+01
1.243969459533691406e+02 5.396119499206542969e+01 3.792885589599609375e+01 4.415608596801757812e+01
1.251387901306152344e+02 5.386542129516601562e+01 4.026697540283203125e+01 4.413008880615234375e+01
1.255287246704101562e+02 5.518688392639160156e+01 3.864883422851562500e+01 4.153374862670898438e+01
1.278066768646240234e+02 5.458891296386718750e+01 3.767309951782226562e+01 4.117533874511718750e+01
1.264448165893554688e+02 5.288414573669433594e+01 4.084307861328125000e+01 4.184506607055664062e+01
1.278049545288085938e+02 5.203848457336425781e+01 4.470442199707031250e+01 4.369372177124023438e+01
1.268263454437255859e+02 5.511035537719726562e+01 4.036133193969726562e+01 4.161391448974609375e+01
1.277657413482666016e+02 5.402926254272460938e+01 3.890233993530273438e+01 3.963826751708984375e+01
1.259239692687988281e+02 5.379602050781250000e+01 4.027913665771484375e+01 4.138142395019531250e+01
1.287834873199462891e+02 5.463484191894531250e+01 4.722967147827148438e+01 4.245251464843750000e+01
1.277587661743164062e+02 5.397927665710449219e+01 4.262805175781250000e+01 4.107283401489257812e+01
1.267018547058105469e+02 5.334008789062500000e+01 4.062586212158203125e+01 4.227279663085937500e+01
1.286261367797851562e+02 5.385658645629882812e+01 3.986035156250000000e+01 4.117845916748046875e+01
1.272721633911132812e+02 5.353973770141601562e+01 3.901722717285156250e+01 4.336884307861328125e+01
1.289553012847900391e+02 5.241040992736816406e+01 4.055460739135742188e+01 4.052424240112304688e+01
1.292827682495117188e+02 5.444102668762207031e+01 4.658328247070312500e+01 4.366946029663085938e+01
1.304108753204345703e+02 5.603355407714843750e+01 4.041538619995117188e+01 3.865817260742187500e+01
1.298038063049316406e+02 5.449488449096679688e+01 3.998903656005859375e+01 4.192813873291015625e+01
1.331315441131591797e+02 5.433609580993652344e+01 4.537057876586914062e+01 4.209457778930664062e+01
1.322045421600341797e+02 5.236262512207031250e+01 4.296625137329101562e+01 4.396049499511718750e+01
1.314380435943603516e+02 5.348484611511230469e+01 4.037389755249023438e+01 4.340201187133789062e+01
1.331660728454589844e+02 5.339158630371093750e+01 3.753600311279296875e+01 4.358004760742187500e+01
1.345251140594482422e+02 5.066507720947265625e+01 3.846417617797851562e+01 4.662828063964843750e+01
1.352913913726806641e+02 5.182654571533203125e+01 4.121212387084960938e+01 4.545948791503906250e+01
1.352876796722412109e+02 5.236407089233398438e+01 3.951665115356445312e+01 4.409117889404296875e+01
1.353119945526123047e+02 5.243498802185058594e+01 4.088881301879882812e+01 4.568611526489257812e+01
1.353292617797851562e+02 5.021582603454589844e+01 3.991184997558593750e+01 4.880107498168945312e+01
1.349319496154785156e+02 5.237581634521484375e+01 4.126914215087890625e+01 4.840586853027343750e+01
1.364203224182128906e+02 5.655175971984863281e+01 4.066698455810546875e+01 4.431489181518554688e+01
1.352572059631347656e+02 5.431481170654296875e+01 4.014490509033203125e+01 4.634796142578125000e+01
1.363033370971679688e+02 5.672131729125976562e+01 3.897038269042968750e+01 4.248702239990234375e+01
1.361589164733886719e+02 5.629639053344726562e+01 4.076462554931640625e+01 4.289684295654296875e+01
1.363408374786376953e+02 5.384866905212402344e+01 3.863924789428710938e+01 4.487883377075195312e+01
1.380894374847412109e+02 5.762657928466796875e+01 3.750017166137695312e+01 4.110467529296875000e+01
1.385628070831298828e+02 5.421816635131835938e+01 3.731969833374023438e+01 4.488092803955078125e+01
1.402111034393310547e+02 5.539122581481933594e+01 3.703940200805664062e+01 4.345134353637695312e+01
1.415139369964599609e+02 5.289722442626953125e+01 3.757843399047851562e+01 4.540213012695312500e+01
1.415545883178710938e+02 5.330417251586914062e+01 3.719456481933593750e+01 4.615840911865234375e+01
1.425154914855957031e+02 5.543074798583984375e+01 3.839464569091796875e+01 4.318624877929687500e+01
1.448546428680419922e+02 5.433491134643554688e+01 3.584177017211914062e+01 4.402121734619140625e+01
1.451442203521728516e+02 5.371914863586425781e+01 3.618978500366210938e+01 4.635862350463867188e+01
1.456099891662597656e+02 5.455205535888671875e+01 3.759697723388671875e+01 4.655651855468750000e+01
1.455128612518310547e+02 5.388743782043457031e+01 3.815806961059570312e+01 4.776458358764648438e+01
1.454777641296386719e+02 5.860329818725585938e+01 3.846047210693359375e+01 4.455490875244140625e+01
1.446065330505371094e+02 5.720792770385742188e+01 3.995829010009765625e+01 4.349810028076171875e+01
1.462002372741699219e+02 5.944106101989746094e+01 3.832628631591796875e+01 4.380514907836914062e+01
1.461455497741699219e+02 5.912994384765625000e+01 3.810402679443359375e+01 4.330815124511718750e+01
1.453255558013916016e+02 5.831070899963378906e+01 3.815433883666992188e+01 4.350027084350585938e+01
1.450080108642578125e+02 5.605893707275390625e+01 3.786431884765625000e+01 4.546275329589843750e+01
1.453350181579589844e+02 5.760798835754394531e+01 3.581908416748046875e+01 4.326313400268554688e+01
1.444733848571777344e+02 5.625214958190917969e+01 3.829906463623046875e+01 4.403561782836914062e+01
1.407757186889648438e+02 5.226189994812011719e+01 3.605447387695312500e+01 4.662564468383789062e+01
1.397142543792724609e+02 5.245977210998535156e+01 3.894742202758789062e+01 4.607204818725585938e+01
1.398729095458984375e+02 5.185498237609863281e+01 3.822885131835937500e+01 4.845855331420898438e+01
1.412415828704833984e+02 4.981987953186035156e+01 3.743114089965820312e+01 4.893581771850585938e+01
1.397108860015869141e+02 5.587817001342773438e+01 3.835094833374023438e+01 4.424518585205078125e+01
1.422964725494384766e+02 5.023045921325683594e+01 3.677038192749023438e+01 4.999399185180664062e+01
1.408580780029296875e+02 5.354998588562011719e+01 3.754289245605468750e+01 4.746802139282226562e+01
1.425068817138671875e+02 5.144013977050781250e+01 3.743724060058593750e+01 4.940353393554687500e+01
1.405598869323730469e+02 5.461154556274414062e+01 3.836998748779296875e+01 4.618819427490234375e+01
1.424224090576171875e+02 5.327065086364746094e+01 3.845828247070312500e+01 4.727292251586914062e+01
1.427807903289794922e+02 5.451934432983398438e+01 3.768014907836914062e+01 4.533362579345703125e+01
1.426532115936279297e+02 5.331053543090820312e+01 3.650291824340820312e+01 4.598029327392578125e+01
1.436096324920654297e+02 5.308125305175781250e+01 3.655936050415039062e+01 4.487738037109375000e+01
1.446696491241455078e+02 5.155554580688476562e+01 3.720818710327148438e+01 4.520478057861328125e+01
1.438428630828857422e+02 5.086300659179687500e+01 3.630176162719726562e+01 4.369024658203125000e+01
1.451755142211914062e+02 5.076936531066894531e+01 3.746937561035156250e+01 4.264831161499023438e+01
1.443820991516113281e+02 5.104732131958007812e+01 3.909391021728515625e+01 4.437050628662109375e+01
1.461044998168945312e+02 5.079671669006347656e+01 3.798812866210937500e+01 4.421729660034179688e+01
1.471117420196533203e+02 5.008890724182128906e+01 3.788434982299804688e+01 4.500509262084960938e+01
1.482134094238281250e+02 4.954378128051757812e+01 3.801235961914062500e+01 4.487873077392578125e+01
1.513191757202148438e+02 5.351996040344238281e+01 3.735800170898437500e+01 4.554928207397460938e+01
1.514330806732177734e+02 5.483019447326660156e+01 3.720563125610351562e+01 4.460758590698242188e+01
1.510081768035888672e+02 5.405495262145996094e+01 3.724794387817382812e+01 4.485768508911132812e+01
1.520395870208740234e+02 5.581996917724609375e+01 3.721483230590820312e+01 4.455155944824218750e+01
1.526158542633056641e+02 5.531996917724609375e+01 3.591958236694335938e+01 4.310006713867187500e+01
1.521118602752685547e+02 5.643842506408691406e+01 3.722941970825195312e+01 4.406318283081054688e+01
1.536930484771728516e+02 5.628972053527832031e+01 3.528084945678710938e+01 4.449612045288085938e+01
1.526981449127197266e+02 5.732867622375488281e+01 3.591834640502929688e+01 4.405997848510742188e+01
1.523984298706054688e+02 5.815899658203125000e+01 3.653160095214843750e+01 4.473165893554687500e+01
1.543655147552490234e+02 5.951061630249023438e+01 4.053938674926757812e+01 4.209218597412109375e+01
1.525698127746582031e+02 5.938879203796386719e+01 3.618241119384765625e+01 4.406988906860351562e+01
1.527535743713378906e+02 6.296789741516113281e+01 3.700704193115234375e+01 4.341598129272460938e+01
1.528417568206787109e+02 6.227353858947753906e+01 3.654849624633789062e+01 4.456109237670898438e+01
1.543476753234863281e+02 6.331360435485839844e+01 3.613961029052734375e+01 4.316922378540039062e+01
1.540162391662597656e+02 6.489662742614746094e+01 3.651361846923828125e+01 4.488949966430664062e+01
1.533632888793945312e+02 6.596760559082031250e+01 3.537792968750000000e+01 4.487748718261718750e+01
1.525405540466308594e+02 6.602519989013671875e+01 3.424904632568359375e+01 4.482284545898437500e+01
1.516144866943359375e+02 6.399269104003906250e+01 3.449765014648437500e+01 4.410762023925781250e+01
1.502420406341552734e+02 6.207390975952148438e+01 3.653393936157226562e+01 4.409751129150390625e+01
1.500988769531250000e+02 6.242682647705078125e+01 3.685415649414062500e+01 4.343051147460937500e+01
1.497392654418945312e+02 6.215633773803710938e+01 3.683193969726562500e+01 4.313631439208984375e+01
1.533495254516601562e+02 6.330093383789062500e+01 3.584362792968750000e+01 4.347454833984375000e+01
1.540173435211181641e+02 6.314476585388183594e+01 3.549589157104492188e+01 4.341243362426757812e+01
1.537416458129882812e+02 6.286445999145507812e+01 3.748410034179687500e+01 4.252663421630859375e+01
1.547666625976562500e+02 6.155040931701660156e+01 3.632734680175781250e+01 4.556623458862304688e+01
1.542067871093750000e+02 6.112811088562011719e+01 3.633198547363281250e+01 4.488925552368164062e+01
1.480616245269775391e+02 5.151201629638671875e+01 3.750371932983398438e+01 4.533239746093750000e+01
1.463394927978515625e+02 5.081618881225585938e+01 3.776353454589843750e+01 4.436267852783203125e+01
1.470896110534667969e+02 5.197204589843750000e+01 3.787940216064453125e+01 4.334442138671875000e+01
1.456623344421386719e+02 5.087436866760253906e+01 3.932207489013671875e+01 4.554522323608398438e+01
1.472790069580078125e+02 5.079394340515136719e+01 3.953132629394531250e+01 4.602075576782226562e+01
1.469053115844726562e+02 5.181316184997558594e+01 3.887072753906250000e+01 4.709436416625976562e+01
1.475306625366210938e+02 5.436073493957519531e+01 3.831074523925781250e+01 4.667525863647460938e+01
1.460839786529541016e+02 5.501964950561523438e+01 3.732345199584960938e+01 4.635742950439453125e+01
1.439817066192626953e+02 5.284972190856933594e+01 3.778884506225585938e+01 4.938283157348632812e+01
1.404127197265625000e+02 5.660927200317382812e+01 3.700059509277343750e+01 4.827434539794921875e+01
1.366440963745117188e+02 4.984471511840820312e+01 3.855493164062500000e+01 4.802721405029296875e+01
1.334351711273193359e+02 5.370315361022949219e+01 3.878291702270507812e+01 4.625128555297851562e+01
1.286421356201171875e+02 5.347685432434082031e+01 4.138177490234375000e+01 4.275559616088867188e+01
1.254869823455810547e+02 5.346840667724609375e+01 4.615431594848632812e+01 4.551452636718750000e+01
1.233202018737792969e+02 5.545074462890625000e+01 4.482628631591796875e+01 4.347030639648437500e+01
1.263373489379882812e+02 5.485163116455078125e+01 3.824780273437500000e+01 4.304933166503906250e+01
1.284352397918701172e+02 5.317109298706054688e+01 3.884709548950195312e+01 4.089485931396484375e+01
1.275366802215576172e+02 5.082256126403808594e+01 3.846858596801757812e+01 4.690875625610351562e+01
1.295222587585449219e+02 5.134794998168945312e+01 3.694553375244140625e+01 4.310335540771484375e+01
1.285349273681640625e+02 5.237156486511230469e+01 3.684315490722656250e+01 4.386392593383789062e+01
1.257873611450195312e+02 5.322064018249511719e+01 3.830293273925781250e+01 3.948567581176757812e+01
1.247896785736083984e+02 5.079532051086425781e+01 3.866548538208007812e+01 4.223760604858398438e+01
1.254806728363037109e+02 4.986533546447753906e+01 4.008826065063476562e+01 4.279572677612304688e+01
1.260630531311035156e+02 5.004695320129394531e+01 3.676332855224609375e+01 4.479400253295898438e+01
1.259721755981445312e+02 5.050829696655273438e+01 3.766835021972656250e+01 4.175347137451171875e+01
1.261124401092529297e+02 5.094198036193847656e+01 4.379259109497070312e+01 4.372149276733398438e+01
1.252190418243408203e+02 5.367609024047851562e+01 4.072210311889648438e+01 4.006452178955078125e+01
1.782580909729003906e+02 8.833126831054687500e+01 3.527452850341796875e+01 4.983549499511718750e+01
1.742540397644042969e+02 7.955536079406738281e+01 3.944577789306640625e+01 4.898546981811523438e+01
1.762701034545898438e+02 8.470534896850585938e+01 3.672343444824218750e+01 5.427257537841796875e+01
1.784946823120117188e+02 8.372221183776855469e+01 3.380168151855468750e+01 5.400949478149414062e+01
1.317836761474609375e+02 5.074424362182617188e+01 3.882219696044921875e+01 4.404109191894531250e+01
1.315768070220947266e+02 5.085243606567382812e+01 3.697861099243164062e+01 4.102574157714843750e+01
1.322723293304443359e+02 5.138071823120117188e+01 3.742837142944335938e+01 4.208131408691406250e+01
1.345014896392822266e+02 4.941448211669921875e+01 3.811841201782226562e+01 4.143950653076171875e+01
1.358673801422119141e+02 4.932241630554199219e+01 3.523987197875976562e+01 3.941128158569335938e+01
1.368232917785644531e+02 4.975210762023925781e+01 3.611186218261718750e+01 4.206816482543945312e+01
1.365939960479736328e+02 4.866804695129394531e+01 3.532770156860351562e+01 4.413226699829101562e+01
1.364146423339843750e+02 4.784231376647949219e+01 3.943611907958984375e+01 4.517000961303710938e+01
1.393215732574462891e+02 4.912046432495117188e+01 3.815521621704101562e+01 4.141804504394531250e+01
1.408285236358642578e+02 4.864376068115234375e+01 3.472587966918945312e+01 3.728969573974609375e+01
1.411530570983886719e+02 4.930271530151367188e+01 3.327732849121093750e+01 3.728756713867187500e+01
1.407814025878906250e+02 4.872004890441894531e+01 3.618465423583984375e+01 3.896316909790039062e+01
1.420054340362548828e+02 4.914108276367187500e+01 3.982947158813476562e+01 3.684584808349609375e+01
1.399913864135742188e+02 4.750860786437988281e+01 4.159091949462890625e+01 4.001234817504882812e+01
1.406537475585937500e+02 4.764473533630371094e+01 3.647754669189453125e+01 3.782513046264648438e+01
1.389298801422119141e+02 5.013731575012207031e+01 3.625374221801757812e+01 4.171641921997070312e+01
1.394037971496582031e+02 4.972699165344238281e+01 3.928039550781250000e+01 4.094571304321289062e+01
1.402975673675537109e+02 4.947127151489257812e+01 3.685198593139648438e+01 3.901841735839843750e+01
1.406757755279541016e+02 4.977140617370605469e+01 3.704965591430664062e+01 4.360598373413085938e+01
1.423058776855468750e+02 4.982291030883789062e+01 3.505103302001953125e+01 3.928993225097656250e+01
1.429298419952392578e+02 5.045888328552246094e+01 3.441508865356445312e+01 3.494175338745117188e+01
1.429664134979248047e+02 4.949186134338378906e+01 3.402846908569335938e+01 3.337746047973632812e+01
1.456414756774902344e+02 4.653549194335937500e+01 3.727806091308593750e+01 3.950882720947265625e+01
1.454556617736816406e+02 4.930237197875976562e+01 3.580868530273437500e+01 3.870730590820312500e+01
1.454529800415039062e+02 4.664910507202148438e+01 3.477149200439453125e+01 3.739906311035156250e+01
1.437125797271728516e+02 4.954831123352050781e+01 4.241093826293945312e+01 4.038345718383789062e+01
1.456281509399414062e+02 4.706193923950195312e+01 3.991159820556640625e+01 4.118917846679687500e+01
1.462564754486083984e+02 4.825108337402343750e+01 4.605170822143554688e+01 3.913115692138671875e+01
1.447286262512207031e+02 4.701406669616699219e+01 3.784617614746093750e+01 3.864457321166992188e+01
1.444688224792480469e+02 4.707309341430664062e+01 4.214785766601562500e+01 4.569282531738281250e+01
1.424752693176269531e+02 4.738245010375976562e+01 4.445759582519531250e+01 4.336723327636718750e+01
1.425360412597656250e+02 4.661120223999023438e+01 4.324268341064453125e+01 4.377928161621093750e+01
1.424609642028808594e+02 4.612171173095703125e+01 4.331893920898437500e+01 4.444875335693359375e+01
1.436956214904785156e+02 4.573645019531250000e+01 4.095245361328125000e+01 4.485237884521484375e+01
1.433646068572998047e+02 4.630996513366699219e+01 4.440703964233398438e+01 4.753274154663085938e+01
1.443513984680175781e+02 4.684316253662109375e+01 4.319651794433593750e+01 4.524590301513671875e+01
1.471803607940673828e+02 4.976881408691406250e+01 3.957454299926757812e+01 3.980246734619140625e+01
1.484720802307128906e+02 4.554059600830078125e+01 4.030935668945312500e+01 3.829180145263671875e+01
1.485630245208740234e+02 4.530330085754394531e+01 3.718627548217773438e+01 3.718094253540039062e+01
1.470658111572265625e+02 4.484266471862792969e+01 3.879300689697265625e+01 4.189027023315429688e+01
1.493341064453125000e+02 4.522965621948242188e+01 3.990525054931640625e+01 3.933564758300781250e+01
1.490772457122802734e+02 4.492080497741699219e+01 3.921964645385742188e+01 4.122986984252929688e+01
1.494292964935302734e+02 4.540504074096679688e+01 3.918423080444335938e+01 3.880014038085937500e+01
1.482870750427246094e+02 4.562845611572265625e+01 4.058531188964843750e+01 4.309098052978515625e+01
1.467891521453857422e+02 4.704940414428710938e+01 4.154845809936523438e+01 4.091554260253906250e+01
1.486440467834472656e+02 4.723181533813476562e+01 4.101547241210937500e+01 4.105091857910156250e+01
1.464552154541015625e+02 4.806823921203613281e+01 4.135176849365234375e+01 3.844195938110351562e+01
1.485571250915527344e+02 4.717837142944335938e+01 4.075407409667968750e+01 4.157055664062500000e+01
1.480671501159667969e+02 4.694320869445800781e+01 4.230517578125000000e+01 3.767210769653320312e+01
1.476968688964843750e+02 4.705439758300781250e+01 4.191309356689453125e+01 4.129021453857421875e+01
1.494083290100097656e+02 4.709072875976562500e+01 4.024375915527343750e+01 4.023604583740234375e+01
1.473616447448730469e+02 4.655279541015625000e+01 4.184701538085937500e+01 4.080954742431640625e+01
1.502506790161132812e+02 4.747052955627441406e+01 3.939034271240234375e+01 4.190839004516601562e+01
1.497597618103027344e+02 4.702815818786621094e+01 4.014700317382812500e+01 3.949142074584960938e+01
1.484684085845947266e+02 4.682686996459960938e+01 4.102420425415039062e+01 4.082963562011718750e+01
1.479220027923583984e+02 4.724680900573730469e+01 4.130791854858398438e+01 4.577199935913085938e+01
1.479927692413330078e+02 4.677191734313964844e+01 4.103003311157226562e+01 4.064583969116210938e+01
1.489093341827392578e+02 4.691129493713378906e+01 3.946033096313476562e+01 3.897470474243164062e+01
1.487108688354492188e+02 4.715389251708984375e+01 4.057253265380859375e+01 3.985868072509765625e+01
1.487575416564941406e+02 4.704356384277343750e+01 4.139364624023437500e+01 4.350833892822265625e+01
1.488394489288330078e+02 4.783165359497070312e+01 3.993964004516601562e+01 3.869848632812500000e+01
1.487778930664062500e+02 4.795893669128417969e+01 3.889376068115234375e+01 3.936954879760742188e+01
1.476369895935058594e+02 4.795784568786621094e+01 4.101763916015625000e+01 4.042472457885742188e+01
1.479567298889160156e+02 4.724802207946777344e+01 3.998628234863281250e+01 3.721354293823242188e+01
1.476697082519531250e+02 4.626849174499511719e+01 4.059792327880859375e+01 3.523899459838867188e+01
1.476428012847900391e+02 4.673391151428222656e+01 4.074820327758789062e+01 4.328747940063476562e+01
1.452777519226074219e+02 4.853821945190429688e+01 4.286697387695312500e+01 3.927606201171875000e+01
1.468613262176513672e+02 4.794357299804687500e+01 4.080784225463867188e+01 4.060965728759765625e+01
1.445176086425781250e+02 4.713159370422363281e+01 4.128012847900390625e+01 4.133795547485351562e+01
1.442363471984863281e+02 4.893886566162109375e+01 3.448622131347656250e+01 3.985228729248046875e+01
1.424983558654785156e+02 4.860604476928710938e+01 3.445007324218750000e+01 3.501971435546875000e+01
1.411958637237548828e+02 5.076826477050781250e+01 3.489830398559570312e+01 4.172707366943359375e+01
1.399384479522705078e+02 5.235638236999511719e+01 3.479327774047851562e+01 4.168551254272460938e+01
1.372431507110595703e+02 4.987548255920410156e+01 3.600616836547851562e+01 4.356204605102539062e+01
1.355627746582031250e+02 5.170481872558593750e+01 3.676451873779296875e+01 4.438277435302734375e+01
1.340994319915771484e+02 5.153601646423339844e+01 3.733266830444335938e+01 4.332113265991210938e+01
1.328044376373291016e+02 5.127224349975585938e+01 3.792793655395507812e+01 4.469673156738281250e+01
1.312738189697265625e+02 5.284426498413085938e+01 3.770983123779296875e+01 4.256944274902343750e+01
1.291692981719970703e+02 5.512404823303222656e+01 3.760800552368164062e+01 4.310654067993164062e+01
1.290528087615966797e+02 5.491481590270996094e+01 3.758207321166992188e+01 4.341778182983398438e+01
1.281201896667480469e+02 5.629369163513183594e+01 3.766030883789062500e+01 4.295003890991210938e+01
1.279980506896972656e+02 5.641294860839843750e+01 3.799632263183593750e+01 4.359252166748046875e+01
1.277049598693847656e+02 5.725450897216796875e+01 3.767797851562500000e+01 4.202466583251953125e+01
1.270062427520751953e+02 5.863494110107421875e+01 3.684257888793945312e+01 4.228214263916015625e+01
1.273141403198242188e+02 5.883261680603027344e+01 3.678145599365234375e+01 4.115948104858398438e+01
1.261321506500244141e+02 5.778647994995117188e+01 3.574678421020507812e+01 4.223246765136718750e+01
1.261040210723876953e+02 5.773277091979980469e+01 3.632449722290039062e+01 4.248192977905273438e+01
1.254520092010498047e+02 5.754096221923828125e+01 3.786460494995117188e+01 4.276805877685546875e+01
1.228482990264892578e+02 5.802386093139648438e+01 3.869954299926757812e+01 4.439752197265625000e+01
1.235220718383789062e+02 5.830812072753906250e+01 3.766854095458984375e+01 4.254517364501953125e+01
1.223255367279052734e+02 5.631262207031250000e+01 3.765085983276367188e+01 4.466571807861328125e+01
1.214938144683837891e+02 5.711795043945312500e+01 3.765382766723632812e+01 4.286515045166015625e+01
1.194291362762451172e+02 5.770669555664062500e+01 3.812728500366210938e+01 4.287171173095703125e+01
1.202110671997070312e+02 5.718648719787597656e+01 3.625720977783203125e+01 4.335593032836914062e+01
1.187760066986083984e+02 5.806744194030761719e+01 3.564284896850585938e+01 4.166323471069335938e+01
1.170255737304687500e+02 5.679774284362792969e+01 3.602704620361328125e+01 4.416267013549804688e+01
1.156913356781005859e+02 5.608083343505859375e+01 3.643807601928710938e+01 4.475263214111328125e+01
1.143933944702148438e+02 5.687562370300292969e+01 3.598456573486328125e+01 4.222623825073242188e+01
1.137390079498291016e+02 5.579127693176269531e+01 3.692627334594726562e+01 4.301608657836914062e+01
1.115994606018066406e+02 5.587825584411621094e+01 3.748805236816406250e+01 4.306112289428710938e+01
1.076924858093261719e+02 5.517104530334472656e+01 3.951124572753906250e+01 4.366467666625976562e+01
1.075867729187011719e+02 5.414308547973632812e+01 3.959844970703125000e+01 4.401092529296875000e+01
1.064914531707763672e+02 5.465194702148437500e+01 3.714999008178710938e+01 4.260977935791015625e+01
1.062284679412841797e+02 5.476910591125488281e+01 3.921076583862304688e+01 4.269128799438476562e+01
1.065285797119140625e+02 5.482825660705566406e+01 3.723099517822265625e+01 4.452989578247070312e+01
1.057924900054931641e+02 5.339587020874023438e+01 3.679687881469726562e+01 4.388536071777343750e+01
1.049519214630126953e+02 5.481921386718750000e+01 3.851808547973632812e+01 4.413787078857421875e+01
1.044328632354736328e+02 5.452379035949707031e+01 3.852208328247070312e+01 4.325011062622070312e+01
1.038982372283935547e+02 5.516732025146484375e+01 3.988578414916992188e+01 4.338005828857421875e+01
1.038194370269775391e+02 5.475457382202148438e+01 4.067268753051757812e+01 4.417337036132812500e+01
1.042999877929687500e+02 5.519256019592285156e+01 3.932204437255859375e+01 4.372620010375976562e+01
1.041765117645263672e+02 5.553355979919433594e+01 4.002697372436523438e+01 4.381470870971679688e+01
1.046662235260009766e+02 5.596998977661132812e+01 3.749721145629882812e+01 4.239788818359375000e+01
1.046765575408935547e+02 5.569160461425781250e+01 3.671705245971679688e+01 4.192227935791015625e+01
1.038994007110595703e+02 5.648803329467773438e+01 3.622957229614257812e+01 4.303408813476562500e+01
1.036808834075927734e+02 5.568783569335937500e+01 3.628292465209960938e+01 4.498412322998046875e+01
1.041357116699218750e+02 5.594303131103515625e+01 3.481716156005859375e+01 4.620574188232421875e+01
1.047758731842041016e+02 5.637439727783203125e+01 3.270479202270507812e+01 4.359018707275390625e+01
1.060670146942138672e+02 5.720726585388183594e+01 3.197745895385742188e+01 4.273208236694335938e+01
1.061441640853881836e+02 5.706320953369140625e+01 2.993679237365722656e+01 4.224840545654296875e+01
1.055555238723754883e+02 5.699154853820800781e+01 3.030132865905761719e+01 4.118249893188476562e+01
1.050117197036743164e+02 5.721590423583984375e+01 3.049825096130371094e+01 4.140375518798828125e+01
1.064178733825683594e+02 5.861976623535156250e+01 2.991183471679687500e+01 4.096472930908203125e+01
1.066948986053466797e+02 5.698855018615722656e+01 2.846853256225585938e+01 4.378570938110351562e+01
1.056027069091796875e+02 5.787170600891113281e+01 2.956488800048828125e+01 4.136436843872070312e+01
1.061262884140014648e+02 5.658308601379394531e+01 2.957430458068847656e+01 4.374602127075195312e+01
1.056527519226074219e+02 5.868862724304199219e+01 3.011482238769531250e+01 4.064121627807617188e+01
1.053632345199584961e+02 5.784727287292480469e+01 2.954497718811035156e+01 4.262659835815429688e+01
1.058020296096801758e+02 5.832126426696777344e+01 3.038372611999511719e+01 4.084684371948242188e+01
1.057329387664794922e+02 5.878884506225585938e+01 3.048072433471679688e+01 4.106886291503906250e+01
1.051527414321899414e+02 5.891753196716308594e+01 3.016489219665527344e+01 4.295986557006835938e+01
1.052064952850341797e+02 5.930712890625000000e+01 3.083625411987304688e+01 4.242487335205078125e+01
1.061777048110961914e+02 5.822258186340332031e+01 2.967130088806152344e+01 4.321200942993164062e+01
1.062639398574829102e+02 5.814033699035644531e+01 2.901235008239746094e+01 4.123515701293945312e+01
1.067282667160034180e+02 5.854691314697265625e+01 2.900923347473144531e+01 4.213376617431640625e+01
1.075460853576660156e+02 5.984130287170410156e+01 2.958822631835937500e+01 4.087366104125976562e+01
1.094754505157470703e+02 6.289138412475585938e+01 2.758102798461914062e+01 3.646176147460937500e+01
1.084963169097900391e+02 6.341353034973144531e+01 2.442953872680664062e+01 3.256746292114257812e+01
1.100534067153930664e+02 6.161539268493652344e+01 2.523604393005371094e+01 3.564999771118164062e+01
1.076721267700195312e+02 5.815478515625000000e+01 2.595452880859375000e+01 3.725598907470703125e+01
1.077533893585205078e+02 6.714965152740478516e+01 3.606211471557617188e+01 3.030685997009277344e+01
9.200898551940917969e+01 6.246089744567871094e+01 4.213857650756835938e+01 3.842449569702148438e+01
9.996152687072753906e+01 5.793802642822265625e+01 4.831886672973632812e+01 4.018791961669921875e+01
1.732044067382812500e+02 8.494446754455566406e+01 3.223447418212890625e+01 5.028924942016601562e+01
1.785577239990234375e+02 8.608244705200195312e+01 3.509275054931640625e+01 5.246093750000000000e+01
1.795507106781005859e+02 8.348622322082519531e+01 3.339136886596679688e+01 5.511908340454101562e+01
1.795283374786376953e+02 8.273964691162109375e+01 3.341193008422851562e+01 5.266851043701171875e+01
1.777621803283691406e+02 8.835910224914550781e+01 3.727777099609375000e+01 5.189996719360351562e+01
1.796278438568115234e+02 8.489013862609863281e+01 3.356815719604492188e+01 5.710986137390136719e+01
1.791170291900634766e+02 8.446791744232177734e+01 3.381793594360351562e+01 5.689305496215820312e+01
1.794454479217529297e+02 8.541431140899658203e+01 3.349030685424804688e+01 5.577773284912109375e+01
1.780246486663818359e+02 8.368108844757080078e+01 3.431309127807617188e+01 5.707137298583984375e+01
1.794782676696777344e+02 8.441619777679443359e+01 3.294271850585937500e+01 5.468208694458007812e+01
1.794885025024414062e+02 8.420482349395751953e+01 3.344516754150390625e+01 5.502997589111328125e+01
1.797565593719482422e+02 8.329749774932861328e+01 3.367911911010742188e+01 5.320763397216796875e+01
1.798281955718994141e+02 8.540719318389892578e+01 3.401843643188476562e+01 4.925800323486328125e+01
1.792349624633789062e+02 9.234596920013427734e+01 3.478923797607421875e+01 4.811117935180664062e+01
1.787811870574951172e+02 8.735039043426513672e+01 3.422188949584960938e+01 5.429656600952148438e+01
1.797737293243408203e+02 8.359718036651611328e+01 3.316502761840820312e+01 5.793286895751953125e+01
1.792287921905517578e+02 8.016365528106689453e+01 3.480226516723632812e+01 5.332064056396484375e+01
1.794167747497558594e+02 8.633643817901611328e+01 3.447846984863281250e+01 5.509145355224609375e+01
1.794597511291503906e+02 8.284959125518798828e+01 3.421032714843750000e+01 5.811125946044921875e+01
1.790057945251464844e+02 8.281302356719970703e+01 3.560557556152343750e+01 5.075878143310546875e+01
1.787340602874755859e+02 8.657060146331787109e+01 3.668212509155273438e+01 5.250731277465820312e+01
1.795125370025634766e+02 8.331722354888916016e+01 3.459253311157226562e+01 5.593379211425781250e+01
1.777263469696044922e+02 8.143143749237060547e+01 3.610581588745117188e+01 5.057963180541992188e+01
1.792732334136962891e+02 8.681933498382568359e+01 3.436095046997070312e+01 5.475777053833007812e+01
1.792695083618164062e+02 8.338220119476318359e+01 3.481410980224609375e+01 5.597136306762695312e+01
1.783433437347412109e+02 8.298545932769775391e+01 3.658922958374023438e+01 5.359121704101562500e+01
1.784227848052978516e+02 8.158652210235595703e+01 3.504300308227539062e+01 5.198255157470703125e+01
1.787855358123779297e+02 8.794102001190185547e+01 3.509336471557617188e+01 5.129098129272460938e+01
1.791125411987304688e+02 8.218342494964599609e+01 3.503919219970703125e+01 5.552820205688476562e+01
1.136833248138427734e+02 5.836852169036865234e+01 3.668911361694335938e+01 4.366395187377929688e+01
1.063563766479492188e+02 5.773993206024169922e+01 3.917113494873046875e+01 4.268626785278320312e+01
1.078821582794189453e+02 5.843829441070556641e+01 3.795378494262695312e+01 4.176219940185546875e+01
1.085234794616699219e+02 5.812248706817626953e+01 3.815794372558593750e+01 4.393983459472656250e+01
1.085674076080322266e+02 5.775176906585693359e+01 3.945586013793945312e+01 4.264233016967773438e+01
1.090600280761718750e+02 5.709276294708251953e+01 3.850966644287109375e+01 4.279457092285156250e+01
1.097345790863037109e+02 5.709446620941162109e+01 3.851296615600585938e+01 4.677918624877929688e+01
1.080019054412841797e+02 5.669825839996337891e+01 3.943072128295898438e+01 4.458081817626953125e+01
1.096188907623291016e+02 5.711864566802978516e+01 3.938365554809570312e+01 4.359563446044921875e+01
1.093082675933837891e+02 5.773830127716064453e+01 3.860022354125976562e+01 4.515444946289062500e+01
1.088184089660644531e+02 5.789628314971923828e+01 3.812077331542968750e+01 4.260160827636718750e+01
1.084246215820312500e+02 5.904267597198486328e+01 3.719696807861328125e+01 4.413345336914062500e+01
1.090988292694091797e+02 5.857347583770751953e+01 3.646766281127929688e+01 4.381629943847656250e+01
1.084869251251220703e+02 5.911024379730224609e+01 3.691524124145507812e+01 4.412635421752929688e+01
1.076089019775390625e+02 5.852960300445556641e+01 3.653629302978515625e+01 4.301039886474609375e+01
1.086498451232910156e+02 5.768546962738037109e+01 3.727624511718750000e+01 4.623142623901367188e+01
1.074363822937011719e+02 6.058475017547607422e+01 3.524736022949218750e+01 4.307077407836914062e+01
1.078606586456298828e+02 6.027352237701416016e+01 3.642772293090820312e+01 4.614113616943359375e+01
1.066208992004394531e+02 6.095481204986572266e+01 3.689804077148437500e+01 4.178360748291015625e+01
1.064071426391601562e+02 5.922791576385498047e+01 3.678226470947265625e+01 4.339714431762695312e+01
1.065806961059570312e+02 6.023223209381103516e+01 3.591985321044921875e+01 4.170177459716796875e+01
1.068584327697753906e+02 5.809451389312744141e+01 3.549342346191406250e+01 4.280132293701171875e+01
1.059902992248535156e+02 5.958509922027587891e+01 3.517826843261718750e+01 4.350086212158203125e+01
1.061723346710205078e+02 5.638872623443603516e+01 3.488130569458007812e+01 4.375347137451171875e+01
1.065436115264892578e+02 5.560432720184326172e+01 3.441220474243164062e+01 4.328039932250976562e+01
1.068635845184326172e+02 5.750999164581298828e+01 3.418401718139648438e+01 3.977891540527343750e+01
1.062299842834472656e+02 5.791511440277099609e+01 3.290306091308593750e+01 4.062028121948242188e+01
1.061163005828857422e+02 5.866909122467041016e+01 3.210799789428710938e+01 3.975429534912109375e+01
1.050205240249633789e+02 5.944065761566162109e+01 3.167209434509277344e+01 4.162261581420898438e+01
1.046861543655395508e+02 5.754209232330322266e+01 3.181297111511230469e+01 4.430037689208984375e+01
1.048240833282470703e+02 5.724531269073486328e+01 3.230322647094726562e+01 4.343630981445312500e+01
1.045645942687988281e+02 5.965542888641357422e+01 3.176377868652343750e+01 4.208900833129882812e+01
1.041242446899414062e+02 5.872534847259521484e+01 3.207520294189453125e+01 4.348768234252929688e+01
1.036752519607543945e+02 6.201985454559326172e+01 3.155274772644042969e+01 4.163037490844726562e+01
1.035525655746459961e+02 6.241674900054931641e+01 3.106907081604003906e+01 4.109145355224609375e+01
1.021132659912109375e+02 6.205523014068603516e+01 3.057396697998046875e+01 4.461884307861328125e+01
1.026620101928710938e+02 6.422380161285400391e+01 3.086585235595703125e+01 4.502162933349609375e+01
1.020482387542724609e+02 6.189531803131103516e+01 3.029221725463867188e+01 4.514665985107421875e+01
1.006928110122680664e+02 6.409718799591064453e+01 3.058920860290527344e+01 4.561680603027343750e+01
9.879359054565429688e+01 6.349068164825439453e+01 3.118173217773437500e+01 4.798008728027343750e+01
9.719177246093750000e+01 6.552360439300537109e+01 3.154212188720703125e+01 4.294306564331054688e+01
9.535009574890136719e+01 6.449731349945068359e+01 3.310889816284179688e+01 4.645951461791992188e+01
9.360740280151367188e+01 6.629346370697021484e+01 3.390840148925781250e+01 4.156512069702148438e+01
9.137018013000488281e+01 6.581952953338623047e+01 3.444644546508789062e+01 4.237166213989257812e+01
8.964990997314453125e+01 6.692518329620361328e+01 3.455300140380859375e+01 4.352655029296875000e+01
8.769486999511718750e+01 6.601887607574462891e+01 3.455493927001953125e+01 4.542687225341796875e+01
8.648968887329101562e+01 6.651841068267822266e+01 3.438121032714843750e+01 4.390699005126953125e+01
8.392985153198242188e+01 6.707851886749267578e+01 3.421215820312500000e+01 4.546054077148437500e+01
8.250707435607910156e+01 6.465076160430908203e+01 3.535696792602539062e+01 4.555116271972656250e+01
8.135365867614746094e+01 6.597973918914794922e+01 3.395730209350585938e+01 4.193475723266601562e+01
7.942189598083496094e+01 6.555994129180908203e+01 3.432198715209960938e+01 4.450016784667968750e+01
7.888892936706542969e+01 6.356105136871337891e+01 3.571361923217773438e+01 4.342893218994140625e+01
7.756732368469238281e+01 6.515734195709228516e+01 3.660591506958007812e+01 4.304442596435546875e+01
7.671378135681152344e+01 6.378191661834716797e+01 3.604107284545898438e+01 4.426846694946289062e+01
7.505609130859375000e+01 6.344548892974853516e+01 3.693476104736328125e+01 4.466092681884765625e+01
7.531126022338867188e+01 6.684786510467529297e+01 3.623364257812500000e+01 4.129069900512695312e+01
7.351828384399414062e+01 6.380482769012451172e+01 3.598907470703125000e+01 4.368098831176757812e+01
7.306139564514160156e+01 6.555719089508056641e+01 3.506077957153320312e+01 4.200505828857421875e+01
7.127078056335449219e+01 6.327976512908935547e+01 3.594924545288085938e+01 4.448340225219726562e+01
7.120264244079589844e+01 6.562937641143798828e+01 3.534374618530273438e+01 4.220918273925781250e+01
7.011214065551757812e+01 6.644692516326904297e+01 3.444213867187500000e+01 4.340571975708007812e+01
6.806077384948730469e+01 6.522016620635986328e+01 3.396453475952148438e+01 4.439126586914062500e+01
6.633924102783203125e+01 6.764040088653564453e+01 3.509003448486328125e+01 4.339044189453125000e+01
6.498296165466308594e+01 6.753252124786376953e+01 3.511623764038085938e+01 4.213093566894531250e+01
6.260969734191894531e+01 6.641210651397705078e+01 3.396947097778320312e+01 4.214291381835937500e+01
6.084966468811035156e+01 6.912869358062744141e+01 3.408249282836914062e+01 4.044222259521484375e+01
6.042986106872558594e+01 6.703352069854736328e+01 3.450053024291992188e+01 4.158779907226562500e+01
5.787407684326171875e+01 6.749687290191650391e+01 3.415464019775390625e+01 4.060396575927734375e+01
5.865417480468750000e+01 6.669179248809814453e+01 3.451323699951171875e+01 4.168637084960937500e+01
5.769296264648437500e+01 6.744417667388916016e+01 3.495377349853515625e+01 4.021120452880859375e+01
5.799954414367675781e+01 6.676168918609619141e+01 3.513847732543945312e+01 4.137587738037109375e+01
5.799090385437011719e+01 6.511912250518798828e+01 3.493088912963867188e+01 4.212159729003906250e+01
5.804860496520996094e+01 6.306462955474853516e+01 3.649128341674804688e+01 4.170586395263671875e+01
5.870196533203125000e+01 6.437663936614990234e+01 3.447945404052734375e+01 4.012972640991210938e+01
6.010196876525878906e+01 6.285367870330810547e+01 3.535472488403320312e+01 3.986676406860351562e+01
5.950641822814941406e+01 6.241253376007080078e+01 3.466427993774414062e+01 4.171131896972656250e+01
5.922454071044921875e+01 5.929995441436767578e+01 3.486096954345703125e+01 4.352114868164062500e+01
5.803772163391113281e+01 5.680604839324951172e+01 3.507904434204101562e+01 4.382114028930664062e+01
5.774540519714355469e+01 5.640498256683349609e+01 3.537316513061523438e+01 4.246215438842773438e+01
5.852368164062500000e+01 5.394130992889404297e+01 3.476476287841796875e+01 4.313600540161132812e+01
5.888183784484863281e+01 5.272729015350341797e+01 3.407298660278320312e+01 4.338376235961914062e+01
5.819109535217285156e+01 5.303473567962646484e+01 3.442476272583007812e+01 4.172207260131835938e+01
5.864074134826660156e+01 5.150625514984130859e+01 3.418376541137695312e+01 4.286617660522460938e+01
5.760996055603027344e+01 4.992675304412841797e+01 3.518592453002929688e+01 4.303401565551757812e+01
5.781641769409179688e+01 4.897480869293212891e+01 3.479537963867187500e+01 4.365065765380859375e+01
5.752970504760742188e+01 4.652073955535888672e+01 3.422448730468750000e+01 4.475291824340820312e+01
5.702734756469726562e+01 4.608307361602783203e+01 3.477011108398437500e+01 4.342404174804687500e+01
5.776578140258789062e+01 4.277758693695068359e+01 3.436537170410156250e+01 4.477979660034179688e+01
5.749907684326171875e+01 4.148289775848388672e+01 3.498041534423828125e+01 4.379101943969726562e+01
5.773723411560058594e+01 4.002368450164794922e+01 3.506982040405273438e+01 4.419200515747070312e+01
5.716260528564453125e+01 3.921861934661865234e+01 3.570989227294921875e+01 4.368909835815429688e+01
5.712366676330566406e+01 3.732141780853271484e+01 3.514656448364257812e+01 4.441451644897460938e+01
5.723325347900390625e+01 3.704230213165283203e+01 3.469306182861328125e+01 4.310041809082031250e+01
5.803185272216796875e+01 3.454620265960693359e+01 3.501195526123046875e+01 4.343981552124023438e+01
5.776551628112792969e+01 3.407581233978271484e+01 3.378712081909179688e+01 4.285749435424804688e+01
5.943800354003906250e+01 3.118850803375244141e+01 3.505818939208984375e+01 4.387418365478515625e+01
5.937888526916503906e+01 3.090588665008544922e+01 3.458047866821289062e+01 4.271399307250976562e+01
5.887266349792480469e+01 2.960124301910400391e+01 3.581921005249023438e+01 4.502269744873046875e+01
6.057732200622558594e+01 2.725245952606201172e+01 3.612903976440429688e+01 4.521933364868164062e+01
6.045366287231445312e+01 2.669242954254150391e+01 3.736323547363281250e+01 4.403540802001953125e+01
6.126293182373046875e+01 2.596661472320556641e+01 3.600675201416015625e+01 4.528571319580078125e+01
6.145386123657226562e+01 2.502490901947021484e+01 3.819659423828125000e+01 4.564793014526367188e+01
6.165079498291015625e+01 2.398369312286376953e+01 3.746558380126953125e+01 4.756007385253906250e+01
6.156328201293945312e+01 2.428283977508544922e+01 3.936596679687500000e+01 4.723117446899414062e+01
6.160267829895019531e+01 2.333770275115966797e+01 3.645665359497070312e+01 4.603035354614257812e+01
6.136134910583496094e+01 2.182594013214111328e+01 3.996116256713867188e+01 5.151252746582031250e+01
6.162320327758789062e+01 2.186129665374755859e+01 3.805133056640625000e+01 4.715829086303710938e+01
6.112876892089843750e+01 2.221012973785400391e+01 3.786301422119140625e+01 4.715863800048828125e+01
6.056522750854492188e+01 1.596505069732666016e+01 3.475912475585937500e+01 4.831864166259765625e+01
6.040485572814941406e+01 1.661326503753662109e+01 3.490240859985351562e+01 4.661744308471679688e+01
5.959412002563476562e+01 1.536373233795166016e+01 3.501324462890625000e+01 4.499217987060546875e+01
5.914207649230957031e+01 1.440797328948974609e+01 3.589693069458007812e+01 4.551955795288085938e+01
6.074795532226562500e+01 1.532407665252685547e+01 3.563018035888671875e+01 4.496672439575195312e+01
6.099742698669433594e+01 1.380419635772705078e+01 3.607099533081054688e+01 4.646284484863281250e+01
6.129598045349121094e+01 1.053557300567626953e+01 3.631716537475585938e+01 4.754701232910156250e+01
6.142033958435058594e+01 1.187749195098876953e+01 3.507006454467773438e+01 4.620750427246093750e+01
6.164131736755371094e+01 1.070848560333251953e+01 3.610157394409179688e+01 4.524516296386718750e+01
6.166112899780273438e+01 1.005687046051025391e+01 3.567968750000000000e+01 4.630266571044921875e+01
6.236170578002929688e+01 1.002513027191162109e+01 3.516062927246093750e+01 4.442953109741210938e+01
6.401420402526855469e+01 9.538496971130371094e+00 3.508240890502929688e+01 4.410802841186523438e+01
6.356718444824218750e+01 8.978447914123535156e+00 3.438706207275390625e+01 4.421723175048828125e+01
6.363233757019042969e+01 9.197485923767089844e+00 3.504685592651367188e+01 4.481269454956054688e+01
6.387487411499023438e+01 9.813250541687011719e+00 3.523983764648437500e+01 4.416539382934570312e+01
6.494611167907714844e+01 1.086066532135009766e+01 3.545124435424804688e+01 4.202512359619140625e+01
6.481188392639160156e+01 9.343190193176269531e+00 3.473622512817382812e+01 4.432380676269531250e+01
6.398464012145996094e+01 9.350832939147949219e+00 3.447109603881835938e+01 4.434212112426757812e+01
6.397638702392578125e+01 1.070012378692626953e+01 3.517755889892578125e+01 4.325448608398437500e+01
6.422513008117675781e+01 1.109459972381591797e+01 3.496100234985351562e+01 4.132269668579101562e+01
6.389919281005859375e+01 1.080464839935302734e+01 3.447708892822265625e+01 4.315378952026367188e+01
6.374888420104980469e+01 9.316437721252441406e+00 3.420161056518554688e+01 4.341251373291015625e+01
6.351751136779785156e+01 8.876643180847167969e+00 3.436261367797851562e+01 4.156363296508789062e+01
6.266669654846191406e+01 9.683670997619628906e+00 3.396684646606445312e+01 4.214943695068359375e+01
6.316663169860839844e+01 1.141350460052490234e+01 3.359955978393554688e+01 4.143790817260742188e+01
6.297621917724609375e+01 1.229443836212158203e+01 3.348668670654296875e+01 3.930819702148437500e+01
6.269338417053222656e+01 1.159705066680908203e+01 3.402952957153320312e+01 3.900538635253906250e+01
6.311388206481933594e+01 1.147918224334716797e+01 3.370229721069335938e+01 3.886404800415039062e+01
6.456048393249511719e+01 1.294899272918701172e+01 3.334681320190429688e+01 3.723486709594726562e+01
6.366943740844726562e+01 1.161030292510986328e+01 3.408682250976562500e+01 3.823257446289062500e+01
6.465772628784179688e+01 1.300390720367431641e+01 3.349575805664062500e+01 3.674277496337890625e+01
6.449281501770019531e+01 1.059896564483642578e+01 3.433757400512695312e+01 3.883889770507812500e+01
6.471340179443359375e+01 1.047530651092529297e+01 3.420165252685546875e+01 3.881192398071289062e+01
6.503256034851074219e+01 1.012147045135498047e+01 3.399279403686523438e+01 3.975372695922851562e+01
6.511065864562988281e+01 9.028960227966308594e+00 3.391969680786132812e+01 4.063596725463867188e+01
6.488563728332519531e+01 7.938942909240722656e+00 3.399557876586914062e+01 4.165555572509765625e+01
6.572719001770019531e+01 8.522858619689941406e+00 3.450377273559570312e+01 4.443878936767578125e+01
6.614214324951171875e+01 1.060739040374755859e+01 3.391144561767578125e+01 4.147159957885742188e+01
6.531690216064453125e+01 1.065470218658447266e+01 3.399782562255859375e+01 4.229468536376953125e+01
6.582059288024902344e+01 7.823538780212402344e+00 3.452546310424804688e+01 4.568552780151367188e+01
6.471282768249511719e+01 1.067352008819580078e+01 3.405891036987304688e+01 4.261965942382812500e+01
6.540952110290527344e+01 1.198322200775146484e+01 3.455787277221679688e+01 4.235401535034179688e+01
6.450708198547363281e+01 9.488829612731933594e+00 3.430881118774414062e+01 4.347062301635742188e+01
6.451348495483398438e+01 1.015746402740478516e+01 3.483255004882812500e+01 4.311685943603515625e+01
6.460436630249023438e+01 1.065713977813720703e+01 3.388859558105468750e+01 4.293089294433593750e+01
6.497436904907226562e+01 1.034219074249267578e+01 3.391732788085937500e+01 4.316371154785156250e+01
6.449961280822753906e+01 9.292895317077636719e+00 3.448216629028320312e+01 4.445454788208007812e+01
6.489068984985351562e+01 9.438311576843261719e+00 3.369927978515625000e+01 4.444079971313476562e+01
6.511532211303710938e+01 1.006900501251220703e+01 3.379611206054687500e+01 4.427838134765625000e+01
6.526787185668945312e+01 1.004960346221923828e+01 3.404495239257812500e+01 4.426347351074218750e+01
6.657435607910156250e+01 1.177123546600341797e+01 3.386295318603515625e+01 4.391325759887695312e+01
6.704587554931640625e+01 1.315089893341064453e+01 3.353763580322265625e+01 4.319546508789062500e+01
6.850532341003417969e+01 1.589462757110595703e+01 3.417940902709960938e+01 4.006147766113281250e+01
6.854017829895019531e+01 1.459486675262451172e+01 3.401347732543945312e+01 4.402553176879882812e+01
6.918631744384765625e+01 1.316611385345458984e+01 3.478194427490234375e+01 4.707925033569335938e+01
6.966779136657714844e+01 1.236660480499267578e+01 3.411141586303710938e+01 4.937019348144531250e+01
7.083743476867675781e+01 1.260540676116943359e+01 3.472241592407226562e+01 5.008393478393554688e+01
7.082441711425781250e+01 1.426417636871337891e+01 3.345201873779296875e+01 5.150150299072265625e+01
7.136089706420898438e+01 1.567481517791748047e+01 3.453039550781250000e+01 5.055484390258789062e+01
7.130325698852539062e+01 1.737755298614501953e+01 3.459613037109375000e+01 5.055558776855468750e+01
7.042382240295410156e+01 1.863643741607666016e+01 3.510033035278320312e+01 5.396584320068359375e+01
7.051357841491699219e+01 1.967101764678955078e+01 3.586495590209960938e+01 4.880917358398437500e+01
7.203264999389648438e+01 2.031629657745361328e+01 3.518342590332031250e+01 5.281903076171875000e+01
7.129485702514648438e+01 2.230063343048095703e+01 3.480740356445312500e+01 4.618391418457031250e+01
7.123264694213867188e+01 2.380648899078369141e+01 3.467053222656250000e+01 4.904148101806640625e+01
7.110085678100585938e+01 2.267458629608154297e+01 3.466365051269531250e+01 4.839923477172851562e+01
7.063632965087890625e+01 2.496520519256591797e+01 3.464282989501953125e+01 4.762495803833007812e+01
7.003717422485351562e+01 2.616281986236572266e+01 3.463865661621093750e+01 4.630260467529296875e+01
6.936231040954589844e+01 2.709921360015869141e+01 3.449535751342773438e+01 4.506182098388671875e+01
6.860795021057128906e+01 2.759275341033935547e+01 3.495341873168945312e+01 4.603670120239257812e+01
6.919468879699707031e+01 2.792443752288818359e+01 3.485991287231445312e+01 4.472921371459960938e+01
6.859692001342773438e+01 2.913011264801025391e+01 3.411663818359375000e+01 4.470401763916015625e+01
6.879658699035644531e+01 2.959445285797119141e+01 3.642873001098632812e+01 4.497428131103515625e+01
6.900249290466308594e+01 3.037549495697021484e+01 3.502988815307617188e+01 4.401934432983398438e+01
6.900286293029785156e+01 3.140272998809814453e+01 3.501179885864257812e+01 4.290501403808593750e+01
6.827000617980957031e+01 3.126071834564208984e+01 3.555586624145507812e+01 4.570713424682617188e+01
6.924403381347656250e+01 3.219803714752197266e+01 3.698737335205078125e+01 4.480832672119140625e+01
7.002683067321777344e+01 3.295295238494873047e+01 3.510468673706054688e+01 4.538377761840820312e+01
6.946553611755371094e+01 3.555577945709228516e+01 3.471465682983398438e+01 4.275011444091796875e+01
7.052770423889160156e+01 3.455423259735107422e+01 3.532829666137695312e+01 4.601263809204101562e+01
7.311539840698242188e+01 3.526336002349853516e+01 3.403346252441406250e+01 4.436556243896484375e+01
7.338232612609863281e+01 3.759504985809326172e+01 3.422162246704101562e+01 4.502594375610351562e+01
7.454964637756347656e+01 3.762077045440673828e+01 3.503300857543945312e+01 4.474476623535156250e+01
7.497518157958984375e+01 3.814426898956298828e+01 3.460022735595703125e+01 4.571871948242187500e+01
7.608845520019531250e+01 3.895654582977294922e+01 3.623992156982421875e+01 4.483665847778320312e+01
7.833164215087890625e+01 3.938970470428466797e+01 3.717630767822265625e+01 4.529291152954101562e+01
7.982708168029785156e+01 3.961380672454833984e+01 3.774541091918945312e+01 4.566790390014648438e+01
8.223129653930664062e+01 4.063200283050537109e+01 3.634701538085937500e+01 4.444643783569335938e+01
8.350286483764648438e+01 4.112674999237060547e+01 3.764068603515625000e+01 4.370314407348632812e+01
8.501242446899414062e+01 4.175307941436767578e+01 3.567369079589843750e+01 4.374806213378906250e+01
8.549061012268066406e+01 4.086912059783935547e+01 3.808964920043945312e+01 4.530923843383789062e+01
8.670940780639648438e+01 4.057348346710205078e+01 3.876609802246093750e+01 4.546606445312500000e+01
8.908561515808105469e+01 4.132673549652099609e+01 3.839561080932617188e+01 4.455595016479492188e+01
8.963675308227539062e+01 4.145491886138916016e+01 3.691912841796875000e+01 4.468257904052734375e+01
9.087719345092773438e+01 4.322054004669189453e+01 3.555322265625000000e+01 4.398492431640625000e+01
9.173972702026367188e+01 4.158613872528076172e+01 3.803903198242187500e+01 4.673837661743164062e+01
9.229913711547851562e+01 4.364734172821044922e+01 3.644226074218750000e+01 4.587686538696289062e+01
9.225463294982910156e+01 4.358420848846435547e+01 3.733314895629882812e+01 4.462340164184570312e+01
9.378564262390136719e+01 4.318343830108642578e+01 3.488685226440429688e+01 4.395002746582031250e+01
9.482097625732421875e+01 4.455246067047119141e+01 3.472891998291015625e+01 4.189720916748046875e+01
9.553790855407714844e+01 4.301276302337646484e+01 3.447028732299804688e+01 4.457642745971679688e+01
9.630235671997070312e+01 4.324757671356201172e+01 3.525950622558593750e+01 4.369418716430664062e+01
9.695751953125000000e+01 4.369163036346435547e+01 3.449146270751953125e+01 4.496271133422851562e+01
9.745567131042480469e+01 4.450552845001220703e+01 3.430402755737304688e+01 4.309779357910156250e+01
9.757471466064453125e+01 4.441372203826904297e+01 3.518292999267578125e+01 4.607042312622070312e+01
9.858521461486816406e+01 4.486794567108154297e+01 3.423210525512695312e+01 4.192972183227539062e+01
9.761873435974121094e+01 5.161589908599853516e+01 3.453370285034179688e+01 4.114545440673828125e+01
1.001743907928466797e+02 4.156177043914794922e+01 3.649097824096679688e+01 4.471883010864257812e+01
9.896648597717285156e+01 4.536978054046630859e+01 3.507242202758789062e+01 4.398673629760742188e+01
9.864107513427734375e+01 4.577979564666748047e+01 3.466466522216796875e+01 4.210823440551757812e+01
1.001312141418457031e+02 4.718334865570068359e+01 3.437742614746093750e+01 4.100852584838867188e+01
9.988332366943359375e+01 4.871490192413330078e+01 3.611933135986328125e+01 4.307820129394531250e+01
1.003399200439453125e+02 4.603231143951416016e+01 3.671652984619140625e+01 4.489948272705078125e+01
1.020029792785644531e+02 4.641755962371826172e+01 3.474575805664062500e+01 4.258404922485351562e+01
1.037024459838867188e+02 4.909151172637939453e+01 3.380196380615234375e+01 4.024810791015625000e+01
1.012660541534423828e+02 4.741074085235595703e+01 3.311302566528320312e+01 4.207736206054687500e+01
1.033639278411865234e+02 4.670120525360107422e+01 3.364651107788085938e+01 4.436597061157226562e+01
1.019440860748291016e+02 4.746627521514892578e+01 3.510440444946289062e+01 4.150959777832031250e+01
1.027226696014404297e+02 4.769924640655517578e+01 3.077494430541992188e+01 3.993315124511718750e+01
1.040909023284912109e+02 4.708797740936279297e+01 3.393487167358398438e+01 4.145726394653320312e+01
1.033725833892822266e+02 4.629412746429443359e+01 3.428978347778320312e+01 4.102717208862304688e+01
1.050877666473388672e+02 4.515240764617919922e+01 3.319622421264648438e+01 4.063127517700195312e+01
1.046959934234619141e+02 4.708310985565185547e+01 3.183716201782226562e+01 3.896591567993164062e+01
1.032497768402099609e+02 4.591397953033447266e+01 3.435775375366210938e+01 4.378118133544921875e+01
1.046488018035888672e+02 4.374165058135986328e+01 3.555311203002929688e+01 4.095143127441406250e+01
1.058487319946289062e+02 4.210906887054443359e+01 3.246765899658203125e+01 3.874399948120117188e+01
1.035050067901611328e+02 4.643447589874267578e+01 3.270259475708007812e+01 4.225000000000000000e+01
1.032554435729980469e+02 4.556546497344970703e+01 3.378720092773437500e+01 4.350350952148437500e+01
1.031276283264160156e+02 4.442911815643310547e+01 3.404876708984375000e+01 4.480797195434570312e+01
1.014834098815917969e+02 4.513946247100830078e+01 3.372587585449218750e+01 4.392330932617187500e+01
1.018871135711669922e+02 4.735585498809814453e+01 3.262569808959960938e+01 4.215797424316406250e+01
1.007806739807128906e+02 4.462353420257568359e+01 3.217880249023437500e+01 4.344312667846679688e+01
1.002787761688232422e+02 4.336791133880615234e+01 3.275588607788085938e+01 4.331518173217773438e+01
1.004585857391357422e+02 3.936116695404052734e+01 3.129197311401367188e+01 4.368162155151367188e+01
9.944925308227539062e+01 3.584381961822509766e+01 3.098562622070312500e+01 4.072144317626953125e+01
9.853384876251220703e+01 3.217423152923583984e+01 3.169369316101074219e+01 3.973296737670898438e+01
