1.100000000000000000e+01 1.210000000000000000e+02 6.100000000000000000e+01 9.000000000000000000e+01
1.200422859191894531e+01 1.208477325439453125e+02 6.031209945678710938e+01 9.027722167968750000e+01
1.279720115661621094e+01 1.212976188659667969e+02 5.946455764770507812e+01 8.999390411376953125e+01
1.337683486938476562e+01 1.215337295532226562e+02 5.912111663818359375e+01 8.927500915527343750e+01
1.406061744689941406e+01 1.211545257568359375e+02 5.865732955932617188e+01 8.969097900390625000e+01
1.444811630249023438e+01 1.214992485046386719e+02 5.780680084228515625e+01 8.849546051025390625e+01
1.438452529907226562e+01 1.225359802246093750e+02 5.795250701904296875e+01 8.857580566406250000e+01
1.469311904907226562e+01 1.233252944946289062e+02 5.748174285888671875e+01 8.766877746582031250e+01
1.614706611633300781e+01 1.230033454895019531e+02 5.704491806030273438e+01 8.792501068115234375e+01
1.620078849792480469e+01 1.222781105041503906e+02 5.592752456665039062e+01 8.813277435302734375e+01
1.602630424499511719e+01 1.234286308288574219e+02 5.627261734008789062e+01 8.679761505126953125e+01
1.741770553588867188e+01 1.239717483520507812e+02 5.542279815673828125e+01 8.666215515136718750e+01
1.746276473999023438e+01 1.255731735229492188e+02 5.533301544189453125e+01 8.522154235839843750e+01
1.736591529846191406e+01 1.242195625305175781e+02 5.419205856323242188e+01 8.596004486083984375e+01
1.887398719787597656e+01 1.249388427734375000e+02 5.333723068237304688e+01 8.585385131835937500e+01
1.826731300354003906e+01 1.264919471740722656e+02 5.348966598510742188e+01 8.414662933349609375e+01
1.755121994018554688e+01 1.260516357421875000e+02 5.354334259033203125e+01 8.426232910156250000e+01
1.799468231201171875e+01 1.265078277587890625e+02 5.366340637207031250e+01 8.306286621093750000e+01
1.852796173095703125e+01 1.257100944519042969e+02 5.307774353027343750e+01 8.464740753173828125e+01
1.708510589599609375e+01 1.261696739196777344e+02 5.412504577636718750e+01 8.391751861572265625e+01
1.790701675415039062e+01 1.260004692077636719e+02 5.420955657958984375e+01 8.454758453369140625e+01
1.536286926269531250e+01 1.265784416198730469e+02 5.559786987304687500e+01 8.421540069580078125e+01
1.734817314147949219e+01 1.263121299743652344e+02 5.541519546508789062e+01 8.441971588134765625e+01
1.729530334472656250e+01 1.251817016601562500e+02 5.478515625000000000e+01 8.505480957031250000e+01
1.649639701843261719e+01 1.266990089416503906e+02 5.494696426391601562e+01 8.392290496826171875e+01
1.732824134826660156e+01 1.272184524536132812e+02 5.489612960815429688e+01 8.279243469238281250e+01
1.754793739318847656e+01 1.274220886230468750e+02 5.529462814331054688e+01 8.225869750976562500e+01
1.709989356994628906e+01 1.281608772277832031e+02 5.623377609252929688e+01 8.162877655029296875e+01
1.741511535644531250e+01 1.293773498535156250e+02 5.613394165039062500e+01 8.136935424804687500e+01
1.645349693298339844e+01 1.280204544067382812e+02 5.717619705200195312e+01 8.351426696777343750e+01
1.562714195251464844e+01 1.296653327941894531e+02 5.782600784301757812e+01 8.290428924560546875e+01
1.397131156921386719e+01 1.291694564819335938e+02 5.833264541625976562e+01 8.328138732910156250e+01
1.307827949523925781e+01 1.298810958862304688e+02 6.028609848022460938e+01 8.305052185058593750e+01
1.650207138061523438e+01 1.303159103393554688e+02 5.867188262939453125e+01 8.162995910644531250e+01
1.443666267395019531e+01 1.297010650634765625e+02 5.882708358764648438e+01 8.250854492187500000e+01
1.550138473510742188e+01 1.299727363586425781e+02 5.962866973876953125e+01 8.191008758544921875e+01
1.340880203247070312e+01 1.297333946228027344e+02 6.062404632568359375e+01 8.218152618408203125e+01
1.338043785095214844e+01 1.303031196594238281e+02 6.104268264770507812e+01 8.266042327880859375e+01
1.465651321411132812e+01 1.306408996582031250e+02 6.023165130615234375e+01 8.110064697265625000e+01
1.323518943786621094e+01 1.299302597045898438e+02 6.128923416137695312e+01 8.300233459472656250e+01
1.261026191711425781e+01 1.301497764587402344e+02 6.220904159545898438e+01 8.313715362548828125e+01
1.330710411071777344e+01 1.300804290771484375e+02 6.158546829223632812e+01 8.113549804687500000e+01
1.444427680969238281e+01 1.300904273986816406e+02 6.064873886108398438e+01 8.234993743896484375e+01
1.405136108398437500e+01 1.297921142578125000e+02 6.151260375976562500e+01 8.271783447265625000e+01
1.300544929504394531e+01 1.297224159240722656e+02 6.186404037475585938e+01 8.325749969482421875e+01
1.399172019958496094e+01 1.296468467712402344e+02 6.105858230590820312e+01 8.216254425048828125e+01
1.432333946228027344e+01 1.292468910217285156e+02 6.066490554809570312e+01 8.267430877685546875e+01
1.417327880859375000e+01 1.292681961059570312e+02 6.112625122070312500e+01 8.252619934082031250e+01
1.472789192199707031e+01 1.287126731872558594e+02 6.106393051147460938e+01 8.306165313720703125e+01
1.467248153686523438e+01 1.284512939453125000e+02 6.041953277587890625e+01 8.242312622070312500e+01
1.469483757019042969e+01 1.293079986572265625e+02 6.117959976196289062e+01 8.280990600585937500e+01
1.384325408935546875e+01 1.292305450439453125e+02 6.168434143066406250e+01 8.349127197265625000e+01
1.284073638916015625e+01 1.287781333923339844e+02 6.325050354003906250e+01 8.423975372314453125e+01
1.338992691040039062e+01 1.287264976501464844e+02 6.340184783935546875e+01 8.443717193603515625e+01
1.223843574523925781e+01 1.302332077026367188e+02 6.302676010131835938e+01 8.283256530761718750e+01
1.303673744201660156e+01 1.295739440917968750e+02 6.368400192260742188e+01 8.206604003906250000e+01
1.436361503601074219e+01 1.287455329895019531e+02 6.212991714477539062e+01 8.255590057373046875e+01
1.269166755676269531e+01 1.293154106140136719e+02 6.362981796264648438e+01 8.311917877197265625e+01
1.317760276794433594e+01 1.301367835998535156e+02 6.362926101684570312e+01 8.266338348388671875e+01
1.485620689392089844e+01 1.295217742919921875e+02 6.315993118286132812e+01 8.302935791015625000e+01
1.505179786682128906e+01 1.292161636352539062e+02 6.232911300659179688e+01 8.307398986816406250e+01
1.542966079711914062e+01 1.293415184020996094e+02 6.157198333740234375e+01 8.252497100830078125e+01
1.514880752563476562e+01 1.295360565185546875e+02 6.181584930419921875e+01 8.231835937500000000e+01
1.438198661804199219e+01 1.292136802673339844e+02 6.231641006469726562e+01 8.326355743408203125e+01
1.467348861694335938e+01 1.293154144287109375e+02 6.219333648681640625e+01 8.387637329101562500e+01
1.595270347595214844e+01 1.290383682250976562e+02 6.187825393676757812e+01 8.329048156738281250e+01
1.573808479309082031e+01 1.280054473876953125e+02 6.111553573608398438e+01 8.348687744140625000e+01
1.427525329589843750e+01 1.292419319152832031e+02 6.333541870117187500e+01 8.358400726318359375e+01
1.582672309875488281e+01 1.287182159423828125e+02 6.108474349975585938e+01 8.403735351562500000e+01
1.513971900939941406e+01 1.288768882751464844e+02 6.239387130737304688e+01 8.415110015869140625e+01
1.560528755187988281e+01 1.289681625366210938e+02 6.235610580444335938e+01 8.261183166503906250e+01
1.477161407470703125e+01 1.286653213500976562e+02 6.229539489746093750e+01 8.441139221191406250e+01
1.727554702758789062e+01 1.291655693054199219e+02 6.153173065185546875e+01 8.320529937744140625e+01
1.594226455688476562e+01 1.289846000671386719e+02 6.113939666748046875e+01 8.289939117431640625e+01
1.527865600585937500e+01 1.288939323425292969e+02 6.244631958007812500e+01 8.389600372314453125e+01
1.579169464111328125e+01 1.285785446166992188e+02 6.161573791503906250e+01 8.395448303222656250e+01
1.575771331787109375e+01 1.283460464477539062e+02 6.197508239746093750e+01 8.402757263183593750e+01
1.694820404052734375e+01 1.284974861145019531e+02 6.219416809082031250e+01 8.400267791748046875e+01
1.596254158020019531e+01 1.287671813964843750e+02 6.208785629272460938e+01 8.359353637695312500e+01
1.600805664062500000e+01 1.288495368957519531e+02 6.206759643554687500e+01 8.423522186279296875e+01
1.712279129028320312e+01 1.285006446838378906e+02 6.158782196044921875e+01 8.331346893310546875e+01
1.673476219177246094e+01 1.285565986633300781e+02 6.265114212036132812e+01 8.422286224365234375e+01
1.703005599975585938e+01 1.282357254028320312e+02 6.170886993408203125e+01 8.453041076660156250e+01
1.735556983947753906e+01 1.286656684875488281e+02 6.207691574096679688e+01 8.519634246826171875e+01
1.757713890075683594e+01 1.282143440246582031e+02 6.227785110473632812e+01 8.402959442138671875e+01
1.763560867309570312e+01 1.287612838745117188e+02 6.172667694091796875e+01 8.353483581542968750e+01
1.746657943725585938e+01 1.286308174133300781e+02 6.250565338134765625e+01 8.399904632568359375e+01
1.794349098205566406e+01 1.286905593872070312e+02 6.156138229370117188e+01 8.379676818847656250e+01
1.781905174255371094e+01 1.288912048339843750e+02 6.170164871215820312e+01 8.437432861328125000e+01
1.787183952331542969e+01 1.290907554626464844e+02 6.246039199829101562e+01 8.323453521728515625e+01
1.783135795593261719e+01 1.300835952758789062e+02 6.238016128540039062e+01 8.428700256347656250e+01
1.794645118713378906e+01 1.294439620971679688e+02 6.247321701049804688e+01 8.321437072753906250e+01
1.895186805725097656e+01 1.290316047668457031e+02 6.129795455932617188e+01 8.290496063232421875e+01
1.764138031005859375e+01 1.300166931152343750e+02 6.249491882324218750e+01 8.536190795898437500e+01
1.895488166809082031e+01 1.297017364501953125e+02 6.174499130249023438e+01 8.454089355468750000e+01
2.016508293151855469e+01 1.296071891784667969e+02 6.054300308227539062e+01 8.362952423095703125e+01
1.989343452453613281e+01 1.289208717346191406e+02 6.032046127319335938e+01 8.560451507568359375e+01
1.975205612182617188e+01 1.290887603759765625e+02 6.079410552978515625e+01 8.445693969726562500e+01
2.005944633483886719e+01 1.290293045043945312e+02 6.061633682250976562e+01 8.625288391113281250e+01
1.925702667236328125e+01 1.291328544616699219e+02 6.217274475097656250e+01 8.459580230712890625e+01
1.985475349426269531e+01 1.297846488952636719e+02 6.160909652709960938e+01 8.543112945556640625e+01
1.996286964416503906e+01 1.291355781555175781e+02 6.177521896362304688e+01 8.562053680419921875e+01
1.994262313842773438e+01 1.301065368652343750e+02 6.240262603759765625e+01 8.606039428710937500e+01
2.013119125366210938e+01 1.295583572387695312e+02 6.155319976806640625e+01 8.417579650878906250e+01
1.919088554382324219e+01 1.295471649169921875e+02 6.260886001586914062e+01 8.560144042968750000e+01
2.006627082824707031e+01 1.294445953369140625e+02 6.195504379272460938e+01 8.392538452148437500e+01
1.969528961181640625e+01 1.299907989501953125e+02 6.201597595214843750e+01 8.657598876953125000e+01
2.044178390502929688e+01 1.298895263671875000e+02 6.081818389892578125e+01 8.543072509765625000e+01
2.030784606933593750e+01 1.311191749572753906e+02 6.271044921875000000e+01 8.473836517333984375e+01
2.091509437561035156e+01 1.307433929443359375e+02 6.025254440307617188e+01 8.331085205078125000e+01
2.024131011962890625e+01 1.312877082824707031e+02 6.285304260253906250e+01 8.572472381591796875e+01
2.161925125122070312e+01 1.308605308532714844e+02 6.028273773193359375e+01 8.576871490478515625e+01
2.133440780639648438e+01 1.307404861450195312e+02 6.092646026611328125e+01 8.437739562988281250e+01
2.171278190612792969e+01 1.330310134887695312e+02 6.265823745727539062e+01 8.494554138183593750e+01
2.214331817626953125e+01 1.305744628906250000e+02 6.099919128417968750e+01 8.401895141601562500e+01
2.147214126586914062e+01 1.330098342895507812e+02 6.186251068115234375e+01 8.306761169433593750e+01
2.170736503601074219e+01 1.329179382324218750e+02 6.127728652954101562e+01 8.148477172851562500e+01
2.077972984313964844e+01 1.333422203063964844e+02 6.294899368286132812e+01 8.405771636962890625e+01
2.157807350158691406e+01 1.331157341003417969e+02 6.131254196166992188e+01 8.441648101806640625e+01
2.166372489929199219e+01 1.348730430603027344e+02 6.192547988891601562e+01 8.248529815673828125e+01
2.191907501220703125e+01 1.345812187194824219e+02 6.036045837402343750e+01 8.268280792236328125e+01
2.248171615600585938e+01 1.375185050964355469e+02 6.059485626220703125e+01 7.899344635009765625e+01
2.350168228149414062e+01 1.366275672912597656e+02 6.290004730224609375e+01 8.169918060302734375e+01
2.293680953979492188e+01 1.372547340393066406e+02 6.148480987548828125e+01 8.006783294677734375e+01
2.289533996582031250e+01 1.385896949768066406e+02 6.204583740234375000e+01 7.887020111083984375e+01
2.308628654479980469e+01 1.406323585510253906e+02 6.206412124633789062e+01 7.855852508544921875e+01
2.423967933654785156e+01 1.413161773681640625e+02 6.189832687377929688e+01 7.677835083007812500e+01
2.433816909790039062e+01 1.400432624816894531e+02 6.167559051513671875e+01 7.761168670654296875e+01
2.311058616638183594e+01 1.421447563171386719e+02 6.189268875122070312e+01 7.742487335205078125e+01
2.369065666198730469e+01 1.427047271728515625e+02 6.296545791625976562e+01 7.592425537109375000e+01
2.380600547790527344e+01 1.426859283447265625e+02 6.255443191528320312e+01 7.630465698242187500e+01
2.353146362304687500e+01 1.426950798034667969e+02 6.294717407226562500e+01 7.548645782470703125e+01
2.454363822937011719e+01 1.425465698242187500e+02 6.223099136352539062e+01 7.617565917968750000e+01
2.452540779113769531e+01 1.435070648193359375e+02 6.170821762084960938e+01 7.338882446289062500e+01
2.548649406433105469e+01 1.440716819763183594e+02 6.222543716430664062e+01 7.542169952392578125e+01
2.497436141967773438e+01 1.437842140197753906e+02 6.144669342041015625e+01 7.249965667724609375e+01
2.534188270568847656e+01 1.417260475158691406e+02 6.247678756713867188e+01 7.675283050537109375e+01
2.546437072753906250e+01 1.422245750427246094e+02 6.186743164062500000e+01 7.549213409423828125e+01
2.523380088806152344e+01 1.407196502685546875e+02 6.208168411254882812e+01 7.789218139648437500e+01
2.460818290710449219e+01 1.417486610412597656e+02 6.187204360961914062e+01 7.528102874755859375e+01
2.464704704284667969e+01 1.409163284301757812e+02 6.251016616821289062e+01 7.768486022949218750e+01
2.529481697082519531e+01 1.407436523437500000e+02 6.251708602905273438e+01 7.614544677734375000e+01
2.365325927734375000e+01 1.380911712646484375e+02 6.249166870117187500e+01 7.956637573242187500e+01
2.645108985900878906e+01 1.384526710510253906e+02 6.123261642456054688e+01 7.848552703857421875e+01
2.612252998352050781e+01 1.362041931152343750e+02 6.108654403686523438e+01 7.740872192382812500e+01
2.697230911254882812e+01 1.368133392333984375e+02 6.031163787841796875e+01 8.000546264648437500e+01
2.633531761169433594e+01 1.371592330932617188e+02 6.069356155395507812e+01 7.379966735839843750e+01
2.626190757751464844e+01 1.383601150512695312e+02 6.193352127075195312e+01 7.900108337402343750e+01
2.617303657531738281e+01 1.368070449829101562e+02 6.265764999389648438e+01 7.973381042480468750e+01
2.587973213195800781e+01 1.363077239990234375e+02 6.279876327514648438e+01 7.974328613281250000e+01
2.647123336791992188e+01 1.369542999267578125e+02 6.257263946533203125e+01 7.996652221679687500e+01
2.643778228759765625e+01 1.378776054382324219e+02 6.248478698730468750e+01 7.975254058837890625e+01
2.555023956298828125e+01 1.398095550537109375e+02 6.439921569824218750e+01 7.793255615234375000e+01
2.518453216552734375e+01 1.386949501037597656e+02 6.510621643066406250e+01 7.981087493896484375e+01
2.594409561157226562e+01 1.390300903320312500e+02 6.455718231201171875e+01 7.858190917968750000e+01
2.593160247802734375e+01 1.386207046508789062e+02 6.402110290527343750e+01 7.890769958496093750e+01
2.619386291503906250e+01 1.395717430114746094e+02 6.455758666992187500e+01 7.726715850830078125e+01
2.626730728149414062e+01 1.373572807312011719e+02 6.426457977294921875e+01 7.838684844970703125e+01
2.654955291748046875e+01 1.364266166687011719e+02 6.367420959472656250e+01 7.987744903564453125e+01
2.748722076416015625e+01 1.366130065917968750e+02 6.234507751464843750e+01 8.008206176757812500e+01
2.808021354675292969e+01 1.366987991333007812e+02 6.209860610961914062e+01 7.998439025878906250e+01
2.834142684936523438e+01 1.355091857910156250e+02 6.164902496337890625e+01 7.998989868164062500e+01
2.932143592834472656e+01 1.357786369323730469e+02 6.077939987182617188e+01 8.205976104736328125e+01
2.839776420593261719e+01 1.341470565795898438e+02 6.202844619750976562e+01 8.239170837402343750e+01
2.970602035522460938e+01 1.354038543701171875e+02 6.183533477783203125e+01 8.258987426757812500e+01
2.613647460937500000e+01 1.347951049804687500e+02 6.480172729492187500e+01 8.269110107421875000e+01
2.836508178710937500e+01 1.353962478637695312e+02 6.402465820312500000e+01 7.965901184082031250e+01
2.909866333007812500e+01 1.361067810058593750e+02 6.264773559570312500e+01 8.276556396484375000e+01
2.636238479614257812e+01 1.358896446228027344e+02 6.501601409912109375e+01 8.164868927001953125e+01
2.680536270141601562e+01 1.379125862121582031e+02 6.484252166748046875e+01 7.843001556396484375e+01
2.858559036254882812e+01 1.386878242492675781e+02 6.351369476318359375e+01 7.636922454833984375e+01
2.860037040710449219e+01 1.389970512390136719e+02 6.233465957641601562e+01 8.025720977783203125e+01
2.756138610839843750e+01 1.386667022705078125e+02 6.536450195312500000e+01 7.808181762695312500e+01
2.873585510253906250e+01 1.362786598205566406e+02 6.331732177734375000e+01 8.142498016357421875e+01
3.085005378723144531e+01 1.369682617187500000e+02 6.220815658569335938e+01 7.870468139648437500e+01
3.176712989807128906e+01 1.369876174926757812e+02 6.010737228393554688e+01 8.102452087402343750e+01
3.062405967712402344e+01 1.355899505615234375e+02 6.094194412231445312e+01 8.000216674804687500e+01
2.852500343322753906e+01 1.348171730041503906e+02 6.383738327026367188e+01 8.279277801513671875e+01
2.912259483337402344e+01 1.353637313842773438e+02 6.308909988403320312e+01 7.900187683105468750e+01
2.978516006469726562e+01 1.388602561950683594e+02 6.465941619873046875e+01 8.055509185791015625e+01
2.921080970764160156e+01 1.343923835754394531e+02 6.372806930541992188e+01 8.209526824951171875e+01
3.210767936706542969e+01 1.375180778503417969e+02 6.099240493774414062e+01 8.167734527587890625e+01
3.122880172729492188e+01 1.367232208251953125e+02 6.241977691650390625e+01 7.874856567382812500e+01
3.045207023620605469e+01 1.372953033447265625e+02 6.305691909790039062e+01 8.083499145507812500e+01
3.059018898010253906e+01 1.362915802001953125e+02 6.351615524291992188e+01 7.960305786132812500e+01
3.198765754699707031e+01 1.380116500854492188e+02 6.171111679077148438e+01 7.925926208496093750e+01
3.222865295410156250e+01 1.368073310852050781e+02 6.211819458007812500e+01 7.793819427490234375e+01
2.950281524658203125e+01 1.367705345153808594e+02 6.543141174316406250e+01 8.244461822509765625e+01
3.260461807250976562e+01 1.349056777954101562e+02 6.331029510498046875e+01 8.200645446777343750e+01
3.341996002197265625e+01 1.346617813110351562e+02 6.264451599121093750e+01 8.255293273925781250e+01
3.305926322937011719e+01 1.358348159790039062e+02 6.326791763305664062e+01 7.846998596191406250e+01
3.089283752441406250e+01 1.367674942016601562e+02 6.526428222656250000e+01 8.224259948730468750e+01
3.158219528198242188e+01 1.336352615356445312e+02 6.420374298095703125e+01 8.415974426269531250e+01
3.438608360290527344e+01 1.353022384643554688e+02 6.311894607543945312e+01 8.326899719238281250e+01
3.537704658508300781e+01 1.339694366455078125e+02 6.228103256225585938e+01 8.214010620117187500e+01
3.145184326171875000e+01 1.332884788513183594e+02 6.572781372070312500e+01 8.464618682861328125e+01
3.387330245971679688e+01 1.340694580078125000e+02 6.453675079345703125e+01 8.387893676757812500e+01
3.252663040161132812e+01 1.327049026489257812e+02 6.568642425537109375e+01 8.537760925292968750e+01
3.423119354248046875e+01 1.338875808715820312e+02 6.445143127441406250e+01 8.511595153808593750e+01
3.446915054321289062e+01 1.325876731872558594e+02 6.405788421630859375e+01 8.609366607666015625e+01
3.582297897338867188e+01 1.315380935668945312e+02 6.234531402587890625e+01 8.659941101074218750e+01
3.465803527832031250e+01 1.333630828857421875e+02 6.417501831054687500e+01 8.241503906250000000e+01
3.501353454589843750e+01 1.331918907165527344e+02 6.406710815429687500e+01 8.513742828369140625e+01
3.541594123840332031e+01 1.329921302795410156e+02 6.270605087280273438e+01 8.552388763427734375e+01
3.150056838989257812e+01 1.329232025146484375e+02 6.727132415771484375e+01 8.787109375000000000e+01
3.495014762878417969e+01 1.317122955322265625e+02 6.307129287719726562e+01 8.596813964843750000e+01
3.252805709838867188e+01 1.343132133483886719e+02 6.699344635009765625e+01 8.626371002197265625e+01
3.334100341796875000e+01 1.334749946594238281e+02 6.435696411132812500e+01 8.575279998779296875e+01
3.491820144653320312e+01 1.344393653869628906e+02 6.433406829833984375e+01 8.666506195068359375e+01
3.398307418823242188e+01 1.337940864562988281e+02 6.487207794189453125e+01 8.720342254638671875e+01
3.586141204833984375e+01 1.333106384277343750e+02 6.464378356933593750e+01 8.783709716796875000e+01
3.473949813842773438e+01 1.336653709411621094e+02 6.493125152587890625e+01 8.639273834228515625e+01
3.586061859130859375e+01 1.330636062622070312e+02 6.457167053222656250e+01 8.776286315917968750e+01
3.301763534545898438e+01 1.333595504760742188e+02 6.766965484619140625e+01 8.752854919433593750e+01
3.406149673461914062e+01 1.344123001098632812e+02 6.644139862060546875e+01 8.708946228027343750e+01
3.438827514648437500e+01 1.351778259277343750e+02 6.612088012695312500e+01 8.527978515625000000e+01
3.489617538452148438e+01 1.338315925598144531e+02 6.636432647705078125e+01 8.655327606201171875e+01
3.269123077392578125e+01 1.323692855834960938e+02 6.885700988769531250e+01 9.019398498535156250e+01
3.472743606567382812e+01 1.344163055419921875e+02 6.671309661865234375e+01 8.849734497070312500e+01
3.327891540527343750e+01 1.332815742492675781e+02 6.800900268554687500e+01 8.774385833740234375e+01
3.405567932128906250e+01 1.332933731079101562e+02 6.710418701171875000e+01 8.893479919433593750e+01
3.297833251953125000e+01 1.339591255187988281e+02 6.843640136718750000e+01 8.774944305419921875e+01
3.542053604125976562e+01 1.345814132690429688e+02 6.648729705810546875e+01 8.744151306152343750e+01
3.414052963256835938e+01 1.359981613159179688e+02 6.812134552001953125e+01 8.435533142089843750e+01
3.445110321044921875e+01 1.356690979003906250e+02 6.765065002441406250e+01 8.587869262695312500e+01
3.444380187988281250e+01 1.366640205383300781e+02 6.842724609375000000e+01 8.287419891357421875e+01
3.468407058715820312e+01 1.361509895324707031e+02 6.828215789794921875e+01 8.417421722412109375e+01
3.563754653930664062e+01 1.361255455017089844e+02 6.744057464599609375e+01 8.381595611572265625e+01
3.451884460449218750e+01 1.363878059387207031e+02 6.938009643554687500e+01 8.588814544677734375e+01
3.390142440795898438e+01 1.368755874633789062e+02 7.089243316650390625e+01 8.659327697753906250e+01
3.619853210449218750e+01 1.368054695129394531e+02 6.892773437500000000e+01 8.636592864990234375e+01
3.547433471679687500e+01 1.362113571166992188e+02 6.892068481445312500e+01 8.798313903808593750e+01
3.590035247802734375e+01 1.360726318359375000e+02 6.790962219238281250e+01 8.749560546875000000e+01
3.532382965087890625e+01 1.367093162536621094e+02 7.069670104980468750e+01 8.730255889892578125e+01
3.523533248901367188e+01 1.343888893127441406e+02 6.942786407470703125e+01 8.734050750732421875e+01
3.405702972412109375e+01 1.372158050537109375e+02 7.210618591308593750e+01 8.696725463867187500e+01
3.480577850341796875e+01 1.373181610107421875e+02 7.081675720214843750e+01 8.442962646484375000e+01
3.507224273681640625e+01 1.384448242187500000e+02 7.036079406738281250e+01 8.561535644531250000e+01
3.696506118774414062e+01 1.346690330505371094e+02 6.915114593505859375e+01 8.690985870361328125e+01
3.497660827636718750e+01 1.346588363647460938e+02 7.242266845703125000e+01 8.915425109863281250e+01
3.598296356201171875e+01 1.350571403503417969e+02 7.167814636230468750e+01 9.071811676025390625e+01
3.808114242553710938e+01 1.348297615051269531e+02 6.949945831298828125e+01 8.606655120849609375e+01
3.590428924560546875e+01 1.354881820678710938e+02 7.194059753417968750e+01 8.998500061035156250e+01
3.680455780029296875e+01 1.365684356689453125e+02 6.977110290527343750e+01 8.754736328125000000e+01
3.570542907714843750e+01 1.373302536010742188e+02 7.263400268554687500e+01 8.725523376464843750e+01
3.779756164550781250e+01 1.382885475158691406e+02 6.967111206054687500e+01 8.571434783935546875e+01
3.722047042846679688e+01 1.370732421875000000e+02 7.009757232666015625e+01 8.696243286132812500e+01
3.609102249145507812e+01 1.385801162719726562e+02 7.152986907958984375e+01 8.634141540527343750e+01
3.949898529052734375e+01 1.388038291931152344e+02 7.019648742675781250e+01 8.173834991455078125e+01
4.096841812133789062e+01 1.375229759216308594e+02 6.640404510498046875e+01 8.670560455322265625e+01
3.944253540039062500e+01 1.366824302673339844e+02 7.045788574218750000e+01 8.866489410400390625e+01
3.804061889648437500e+01 1.377533874511718750e+02 7.132476806640625000e+01 8.636959838867187500e+01
3.753336715698242188e+01 1.382209892272949219e+02 6.925629425048828125e+01 8.659632110595703125e+01
3.995804214477539062e+01 1.379058113098144531e+02 7.158782196044921875e+01 8.383757781982421875e+01
4.183458709716796875e+01 1.366323432922363281e+02 6.416566467285156250e+01 8.521681976318359375e+01
4.222726058959960938e+01 1.388292350769042969e+02 6.761823272705078125e+01 8.464536285400390625e+01
4.304452896118164062e+01 1.364113578796386719e+02 6.593874359130859375e+01 8.544944000244140625e+01
4.348102951049804688e+01 1.369133758544921875e+02 6.671598052978515625e+01 8.644424438476562500e+01
4.219011306762695312e+01 1.380856513977050781e+02 6.441014862060546875e+01 8.503957366943359375e+01
4.453544616699218750e+01 1.370507965087890625e+02 6.898059082031250000e+01 8.772412109375000000e+01
4.169521713256835938e+01 1.366287536621093750e+02 6.933048248291015625e+01 8.669250488281250000e+01
4.380920028686523438e+01 1.384288978576660156e+02 6.616837310791015625e+01 8.655290985107421875e+01
4.506884384155273438e+01 1.372572135925292969e+02 7.118018341064453125e+01 8.557462310791015625e+01
4.424440383911132812e+01 1.360287055969238281e+02 6.844408416748046875e+01 8.214412689208984375e+01
4.256642532348632812e+01 1.379536399841308594e+02 6.989025115966796875e+01 8.515259552001953125e+01
4.454792785644531250e+01 1.357089385986328125e+02 7.044519042968750000e+01 8.043130493164062500e+01
4.344856643676757812e+01 1.367024269104003906e+02 7.120207977294921875e+01 8.501198577880859375e+01
4.287397766113281250e+01 1.366810798645019531e+02 7.045391845703125000e+01 7.939327239990234375e+01
4.146045684814453125e+01 1.370304145812988281e+02 7.544944763183593750e+01 8.598983001708984375e+01
4.151564025878906250e+01 1.372672805786132812e+02 7.258218383789062500e+01 7.889820861816406250e+01
4.169419860839843750e+01 1.355320358276367188e+02 7.684674072265625000e+01 8.743006896972656250e+01
4.317532730102539062e+01 1.392106781005859375e+02 7.369857025146484375e+01 7.630664062500000000e+01
4.201618957519531250e+01 1.383324012756347656e+02 7.486965942382812500e+01 8.284856414794921875e+01
4.386771774291992188e+01 1.386501274108886719e+02 7.581864166259765625e+01 8.025162506103515625e+01
4.393111419677734375e+01 1.391971855163574219e+02 7.067039489746093750e+01 7.566388702392578125e+01
4.297038269042968750e+01 1.387072830200195312e+02 7.568704223632812500e+01 8.285472106933593750e+01
4.290608596801757812e+01 1.371231117248535156e+02 7.588249969482421875e+01 8.447698211669921875e+01
4.483113479614257812e+01 1.386621932983398438e+02 7.866976165771484375e+01 7.880656433105468750e+01
4.222977447509765625e+01 1.380215797424316406e+02 7.472462463378906250e+01 7.930290985107421875e+01
4.253165054321289062e+01 1.383692893981933594e+02 7.659032440185546875e+01 7.961173248291015625e+01
4.408036041259765625e+01 1.381747817993164062e+02 7.376411437988281250e+01 8.274369812011718750e+01
4.450170135498046875e+01 1.381136703491210938e+02 7.630873107910156250e+01 8.279087829589843750e+01
4.355744934082031250e+01 1.381380882263183594e+02 7.998675537109375000e+01 8.210376739501953125e+01
4.331612396240234375e+01 1.389551277160644531e+02 7.834590148925781250e+01 8.008763885498046875e+01
4.282906341552734375e+01 1.397167930603027344e+02 7.488273620605468750e+01 8.189301300048828125e+01
4.326822280883789062e+01 1.365143814086914062e+02 7.912407684326171875e+01 8.850233459472656250e+01
4.251387405395507812e+01 1.389028205871582031e+02 7.952046966552734375e+01 7.990196990966796875e+01
4.269781875610351562e+01 1.391284332275390625e+02 7.539388275146484375e+01 7.989544677734375000e+01
4.451968002319335938e+01 1.383150825500488281e+02 7.214359283447265625e+01 8.457082366943359375e+01
4.446418762207031250e+01 1.373957939147949219e+02 8.050210571289062500e+01 8.176001739501953125e+01
4.486018371582031250e+01 1.376417274475097656e+02 7.643173217773437500e+01 7.969686126708984375e+01
4.380051040649414062e+01 1.375010871887207031e+02 7.978359222412109375e+01 8.482924652099609375e+01
4.356449890136718750e+01 1.390680618286132812e+02 8.094204711914062500e+01 7.611668395996093750e+01
4.450076293945312500e+01 1.379830284118652344e+02 8.088510131835937500e+01 8.350223541259765625e+01
4.544239425659179688e+01 1.396487503051757812e+02 8.222110748291015625e+01 7.470201110839843750e+01
4.678896713256835938e+01 1.371744155883789062e+02 7.865219879150390625e+01 8.542216491699218750e+01
4.619277954101562500e+01 1.392523574829101562e+02 8.012948608398437500e+01 7.620088195800781250e+01
4.629828643798828125e+01 1.396022377014160156e+02 7.686219787597656250e+01 8.170973968505859375e+01
4.736558151245117188e+01 1.394947929382324219e+02 7.918637847900390625e+01 7.982605743408203125e+01
4.758408355712890625e+01 1.384569816589355469e+02 7.897795104980468750e+01 8.051999664306640625e+01
4.713422012329101562e+01 1.386870841979980469e+02 7.744823455810546875e+01 8.423242950439453125e+01
4.711287307739257812e+01 1.381575965881347656e+02 8.140190887451171875e+01 7.780992889404296875e+01
4.846222686767578125e+01 1.395977859497070312e+02 8.038444519042968750e+01 8.236296081542968750e+01
4.751751708984375000e+01 1.394444236755371094e+02 8.097430419921875000e+01 7.724549102783203125e+01
4.748469161987304688e+01 1.371521949768066406e+02 7.906360626220703125e+01 8.513771820068359375e+01
4.605699920654296875e+01 1.387711257934570312e+02 8.399992370605468750e+01 7.900312805175781250e+01
4.806859970092773438e+01 1.394001579284667969e+02 8.439325714111328125e+01 8.044174957275390625e+01
4.885977554321289062e+01 1.396440544128417969e+02 8.434612274169921875e+01 7.600888824462890625e+01
4.471787643432617188e+01 1.407992591857910156e+02 8.470475006103515625e+01 8.211406707763671875e+01
4.749580001831054688e+01 1.391991806030273438e+02 8.257831573486328125e+01 7.873722839355468750e+01
4.785964202880859375e+01 1.401319198608398438e+02 8.502259826660156250e+01 7.758158874511718750e+01
4.711535644531250000e+01 1.383726768493652344e+02 8.503594970703125000e+01 8.051813507080078125e+01
4.831680297851562500e+01 1.366174736022949219e+02 7.847769165039062500e+01 8.345160675048828125e+01
4.878256225585937500e+01 1.405702247619628906e+02 8.187789916992187500e+01 7.859142303466796875e+01
4.795327377319335938e+01 1.396590652465820312e+02 8.035938262939453125e+01 8.387901306152343750e+01
4.774238967895507812e+01 1.397299003601074219e+02 8.038286590576171875e+01 7.981223297119140625e+01
4.872641372680664062e+01 1.397809677124023438e+02 7.816957855224609375e+01 8.533445739746093750e+01
4.936949157714843750e+01 1.391316642761230469e+02 8.386761474609375000e+01 7.957065582275390625e+01
5.066157531738281250e+01 1.405566978454589844e+02 8.449780273437500000e+01 8.093619537353515625e+01
5.234933471679687500e+01 1.396790847778320312e+02 8.555187988281250000e+01 7.915544128417968750e+01
4.700554656982421875e+01 1.423683395385742188e+02 9.197471618652343750e+01 8.034501647949218750e+01
4.986420059204101562e+01 1.344284820556640625e+02 8.099773406982421875e+01 8.705218505859375000e+01
5.157270431518554688e+01 1.392395286560058594e+02 9.184995269775390625e+01 8.359522247314453125e+01
4.996004104614257812e+01 1.407517280578613281e+02 9.167967987060546875e+01 8.064073944091796875e+01
5.007013320922851562e+01 1.426424140930175781e+02 8.311034393310546875e+01 7.772429656982421875e+01
5.276559829711914062e+01 1.387876358032226562e+02 8.233513641357421875e+01 8.624482727050781250e+01
5.566387939453125000e+01 1.384257545471191406e+02 8.424673461914062500e+01 8.046700286865234375e+01
4.798641586303710938e+01 1.402870483398437500e+02 9.396903228759765625e+01 8.407745361328125000e+01
5.021955490112304688e+01 1.379536819458007812e+02 9.568683624267578125e+01 8.619340515136718750e+01
5.232225799560546875e+01 1.392086181640625000e+02 9.652879333496093750e+01 8.467309570312500000e+01
5.338881301879882812e+01 1.405463256835937500e+02 9.280571746826171875e+01 7.808609008789062500e+01
4.784839630126953125e+01 1.401240959167480469e+02 9.363310241699218750e+01 8.284140777587890625e+01
5.365391159057617188e+01 1.426831970214843750e+02 9.333185577392578125e+01 7.757992553710937500e+01
5.402285385131835938e+01 1.420299301147460938e+02 9.886493682861328125e+01 8.037251281738281250e+01
5.028338241577148438e+01 1.402466926574707031e+02 9.803900909423828125e+01 8.173754119873046875e+01
5.721391677856445312e+01 1.388508300781250000e+02 9.795055389404296875e+01 7.870535278320312500e+01
4.937140655517578125e+01 1.443720169067382812e+02 8.816712951660156250e+01 8.380860900878906250e+01
5.730903625488281250e+01 1.377950515747070312e+02 8.708032226562500000e+01 8.371623229980468750e+01
4.948273086547851562e+01 1.402958793640136719e+02 1.035641403198242188e+02 8.187409210205078125e+01
5.606646728515625000e+01 1.378367919921875000e+02 1.014747619628906250e+02 8.102157592773437500e+01
5.177455139160156250e+01 1.422881774902343750e+02 9.993933105468750000e+01 8.291711425781250000e+01
5.668114471435546875e+01 1.398934593200683594e+02 1.016096343994140625e+02 8.216547393798828125e+01
5.538435745239257812e+01 1.394304885864257812e+02 1.006973495483398438e+02 7.957539367675781250e+01
5.531118392944335938e+01 1.463027572631835938e+02 9.553546905517578125e+01 7.392973327636718750e+01
5.652555084228515625e+01 1.430689125061035156e+02 9.256428527832031250e+01 7.536553192138671875e+01
5.537795257568359375e+01 1.394813957214355469e+02 9.912953186035156250e+01 8.414008331298828125e+01
5.475360870361328125e+01 1.379630737304687500e+02 9.550746154785156250e+01 8.209286499023437500e+01
5.824465179443359375e+01 1.405744056701660156e+02 9.748326110839843750e+01 7.731560516357421875e+01
5.257222747802734375e+01 1.399027481079101562e+02 1.022080841064453125e+02 8.579081726074218750e+01
5.791721343994140625e+01 1.344491271972656250e+02 9.779051208496093750e+01 8.831127929687500000e+01
5.963548278808596592e+01 1.399151229858398722e+02 9.648684692382812500e+01 7.895829772949218750e+01
5.586502456665041905e+01 1.366893577575683878e+02 9.408220672607421875e+01 9.015900421142578125e+01
5.882420349121096592e+01 1.401981849670410440e+02 9.964477539062500000e+01 8.015718841552734375e+01
5.843506240844729405e+01 1.398196105957031534e+02 9.838298797607421875e+01 8.162673950195312500e+01
5.764693069458010655e+01 1.356749839782715128e+02 1.004338912963867188e+02 8.549042510986328125e+01
6.083001327514651280e+01 1.427246170043945597e+02 9.594709014892578125e+01 7.893254089355468750e+01
5.913442611694338780e+01 1.352128906250000284e+02 9.896454620361328125e+01 8.446697998046875000e+01
5.187720108032229405e+01 1.420313796997070597e+02 1.035988388061523438e+02 8.277558898925781250e+01
5.934199142456057530e+01 1.390144500732422159e+02 9.425797271728515625e+01 8.348275756835937500e+01
6.002326202392580967e+01 1.405297698974609659e+02 9.496388244628906250e+01 7.913369750976562500e+01
6.059674835205080967e+01 1.367508010864258097e+02 9.496159362792968750e+01 8.103681945800781250e+01
5.719144058227541905e+01 1.361826591491699503e+02 1.000090866088867188e+02 8.455530548095703125e+01
6.016378784179690342e+01 1.379868240356445597e+02 9.824655151367187500e+01 8.200343322753906250e+01
6.189245605468752842e+01 1.377313613891601847e+02 9.750186157226562500e+01 8.266889953613281250e+01
6.016866302490237217e+01 1.387132225036621378e+02 1.006963043212890625e+02 7.974817657470703125e+01
6.186550903320315342e+01 1.369407310485840128e+02 9.484527587890625000e+01 8.253144073486328125e+01
6.212044525146487217e+01 1.383807640075683878e+02 9.520552062988281250e+01 8.250275421142578125e+01
6.454751968383791905e+01 1.355734710693359659e+02 9.350429534912109375e+01 8.309991455078125000e+01
6.064772033691409092e+01 1.378554687500000284e+02 9.580752563476562500e+01 8.439849853515625000e+01
6.594073867797854405e+01 1.350245018005371378e+02 9.015898895263671875e+01 8.281958770751953125e+01
6.333887863159182530e+01 1.379652557373047159e+02 9.559140777587890625e+01 8.757632446289062500e+01
6.531227493286135655e+01 1.346791839599609659e+02 9.594567108154296875e+01 8.356307983398437500e+01
6.424619293212893467e+01 1.432948760986328409e+02 1.324371795654296875e+02 7.639508056640625000e+01
6.170582199096682530e+01 1.355553283691406534e+02 1.033163528442382812e+02 9.013467407226562500e+01
6.474614334106448155e+01 1.347564849853515909e+02 1.044953231811523438e+02 8.420196533203125000e+01
6.432554626464846592e+01 1.412381172180176065e+02 1.139127502441406250e+02 7.888082122802734375e+01
6.674306106567385655e+01 1.305292091369629190e+02 9.072869110107421875e+01 8.831758880615234375e+01
6.678143310546877842e+01 1.363449821472168253e+02 1.024792480468750000e+02 8.639356231689453125e+01
6.534682846069338780e+01 1.377688217163086222e+02 1.003128738403320312e+02 8.337147521972656250e+01
6.551683044433596592e+01 1.429854278564453409e+02 1.079776000976562500e+02 7.764547729492187500e+01
6.820650482177737217e+01 1.346568298339844034e+02 9.396049499511718750e+01 8.299887084960937500e+01
6.899284362792971592e+01 1.384865684509277628e+02 1.290325622558593750e+02 8.099860382080078125e+01
6.048526382446291905e+01 1.395979957580566690e+02 9.490837860107421875e+01 8.486083221435546875e+01
6.862991714477541905e+01 1.344999771118164347e+02 8.931105804443359375e+01 8.508668518066406250e+01
6.813007354736330967e+01 1.366316261291504190e+02 9.458775329589843750e+01 8.303462982177734375e+01
6.711402511596682530e+01 1.374992523193359659e+02 9.466196441650390625e+01 8.084155273437500000e+01
6.747610473632815342e+01 1.345715866088867472e+02 9.254263305664062500e+01 9.004804992675781250e+01
6.881061553955080967e+01 1.366084556579590128e+02 9.565977478027343750e+01 8.169654083251953125e+01
7.002024459838870030e+01 1.383013687133789347e+02 8.763565826416015625e+01 8.763301086425781250e+01
6.978759765625002842e+01 1.422678375244140909e+02 8.477816772460937500e+01 7.722357177734375000e+01
7.008066177368166905e+01 1.357737236022949503e+02 8.358687591552734375e+01 8.859146881103515625e+01
7.027049636840823155e+01 1.391031112670898722e+02 8.332823944091796875e+01 8.227555847167968750e+01
7.084390640258791905e+01 1.387542419433594034e+02 8.332262420654296875e+01 8.263351440429687500e+01
6.990782165527346592e+01 1.387172813415527628e+02 8.331954956054687500e+01 8.367020416259765625e+01
7.032738113403323155e+01 1.391335029602051065e+02 8.080092620849609375e+01 8.044744110107421875e+01
7.039673233032229405e+01 1.356800460815429972e+02 8.157457733154296875e+01 8.678480529785156250e+01
7.093041610717776280e+01 1.352710418701172159e+02 8.283264923095703125e+01 8.646914672851562500e+01
7.179565429687502842e+01 1.406740074157715128e+02 8.631106567382812500e+01 8.384470367431640625e+01
7.219148635864260655e+01 1.386929473876953409e+02 8.075399017333984375e+01 8.132843017578125000e+01
7.097449493408205967e+01 1.376465835571289347e+02 7.874662780761718750e+01 8.557221984863281250e+01
7.100943756103518467e+01 1.374113845825195597e+02 7.937846374511718750e+01 8.422987365722656250e+01
7.121537780761721592e+01 1.323606567382812784e+02 7.927117919921875000e+01 8.788830566406250000e+01
7.189897155761721592e+01 1.362103805541992472e+02 8.193792724609375000e+01 8.900630187988281250e+01
7.285096740722659092e+01 1.372789039611816690e+02 8.233493041992187500e+01 8.248436737060546875e+01
7.284609985351565342e+01 1.344924736022949503e+02 8.620516967773437500e+01 8.620246124267578125e+01
7.509399795532229405e+01 1.321649932861328409e+02 1.175905685424804688e+02 9.016311645507812500e+01
6.860262298583984375e+01 1.372144241333007812e+02 1.230623016357421875e+02 8.466194152832031250e+01
7.018041992187500000e+01 1.412015190124511719e+02 1.237935485839843750e+02 7.581421661376953125e+01
6.895352172851562500e+01 1.386241302490234375e+02 8.549737548828125000e+01 8.600180053710937500e+01
7.205066299438476562e+01 1.392911491394042969e+02 7.457216644287109375e+01 8.329953765869140625e+01
7.286529159545898438e+01 1.380384025573730469e+02 8.014661407470703125e+01 8.995728302001953125e+01
7.455396270751953125e+01 1.364697799682617188e+02 8.013664245605468750e+01 8.318321228027343750e+01
7.352056121826171875e+01 1.341690826416015625e+02 8.060264587402343750e+01 8.956213378906250000e+01
7.677259445190429688e+01 1.352945938110351562e+02 1.031060256958007812e+02 8.356626892089843750e+01
7.022851181030276280e+01 1.393968086242676065e+02 8.289228057861328125e+01 8.754811859130859375e+01
7.398269653320315342e+01 1.381484336853027628e+02 7.629684448242187500e+01 8.148224639892578125e+01
7.495054626464846592e+01 1.383529510498047159e+02 7.679183959960937500e+01 8.529632568359375000e+01
7.611927032470705967e+01 1.387449836730957315e+02 7.625425720214843750e+01 8.145598602294921875e+01
7.412036132812502842e+01 1.355013999938965128e+02 7.148587036132812500e+01 9.210980987548828125e+01
7.684468841552737217e+01 1.379185867309570597e+02 8.200386047363281250e+01 8.367008972167968750e+01
8.025414657592776280e+01 1.356720924377441690e+02 1.109053726196289062e+02 7.990267181396484375e+01
7.811519241333010655e+01 1.333156280517578409e+02 1.229414596557617188e+02 8.615615844726562500e+01
7.753533935546875000e+01 1.385549430847167969e+02 9.631057739257812500e+01 8.118824005126953125e+01
7.548639678955078125e+01 1.404168014526367188e+02 8.858088684082031250e+01 7.918391418457031250e+01
7.717663192749023438e+01 1.372658348083496094e+02 9.178726959228515625e+01 8.124057769775390625e+01
7.693856430053710938e+01 1.411609954833984375e+02 9.297837066650390625e+01 7.793630981445312500e+01
7.778113174438476562e+01 1.385111961364746094e+02 8.834951019287109375e+01 7.948917388916015625e+01
7.637907791137695312e+01 1.388170661926269531e+02 8.921987152099609375e+01 8.532762908935546875e+01
7.831493759155273438e+01 1.388448562622070312e+02 9.423111724853515625e+01 8.001365661621093750e+01
7.769172286987304688e+01 1.401271858215332031e+02 8.363681793212890625e+01 7.975798797607421875e+01
7.846966552734375000e+01 1.388550415039062500e+02 8.640756225585937500e+01 7.891070556640625000e+01
7.785663223266601562e+01 1.381110801696777344e+02 8.781792449951171875e+01 8.417264556884765625e+01
7.686281585693359375e+01 1.385625724792480469e+02 9.758702087402343750e+01 8.109815216064453125e+01
7.756409072875976562e+01 1.422987022399902344e+02 8.979979705810546875e+01 7.720758819580078125e+01
7.851927947998046875e+01 1.405690002441406250e+02 8.079634094238281250e+01 7.991073608398437500e+01
7.926035308837890625e+01 1.392972106933593750e+02 8.648320007324218750e+01 8.007064819335937500e+01
7.836442565917968750e+01 1.371818847656250000e+02 8.128680419921875000e+01 8.347998046875000000e+01
7.776238250732421875e+01 1.370027122497558594e+02 9.218797302246093750e+01 8.601181793212890625e+01
7.863739013671875000e+01 1.388920593261718750e+02 9.775421142578125000e+01 8.078942871093750000e+01
7.735540008544921875e+01 1.394370117187500000e+02 9.329551696777343750e+01 8.030834960937500000e+01
7.751886749267578125e+01 1.421223068237304688e+02 9.034059143066406250e+01 7.903944396972656250e+01
7.688760757446289062e+01 1.420105781555175781e+02 8.433336639404296875e+01 7.773784637451171875e+01
7.936040496826171875e+01 1.424257240295410156e+02 8.263053894042968750e+01 7.827059173583984375e+01
7.806970214843750000e+01 1.386160659790039062e+02 8.501422119140625000e+01 8.147355651855468750e+01
8.084679031372070312e+01 1.365124664306640625e+02 1.157795028686523438e+02 8.241470336914062500e+01
7.825466537475588780e+01 1.382837295532226847e+02 1.076360549926757812e+02 8.783973693847656250e+01
7.899509429931643467e+01 1.358945579528808878e+02 1.055345001220703125e+02 8.137677764892578125e+01
7.807996749877932530e+01 1.420119552612304972e+02 1.014962844848632812e+02 7.690419006347656250e+01
8.051804351806643467e+01 1.337408409118652628e+02 9.506230163574218750e+01 8.605826568603515625e+01
8.061894226074221592e+01 1.379804611206054972e+02 1.025592346191406250e+02 7.755851745605468750e+01
8.051156997680666905e+01 1.401315994262695597e+02 8.267223358154296875e+01 8.069413757324218750e+01
7.884509658813479405e+01 1.416756706237793253e+02 8.905681610107421875e+01 8.028867340087890625e+01
7.812924957275393467e+01 1.424421501159668253e+02 8.267878723144531250e+01 7.733048248291015625e+01
8.182762908935549717e+01 1.403788795471191690e+02 8.737037658691406250e+01 8.479961395263671875e+01
7.759967041015627842e+01 1.423222351074219034e+02 8.440670776367187500e+01 7.827584838867187500e+01
8.131648254394534092e+01 1.452908744812012003e+02 8.975198364257812500e+01 7.604834747314453125e+01
7.750775146484377842e+01 1.409669189453125284e+02 9.124673461914062500e+01 7.712814331054687500e+01
8.132348632812502842e+01 1.388531265258789347e+02 1.169099731445312500e+02 8.033995056152343750e+01
7.801221847534182530e+01 1.402541160583496378e+02 1.167944412231445312e+02 8.245709991455078125e+01
8.182059860229497872e+01 1.348253479003906818e+02 1.110224075317382812e+02 8.392648315429687500e+01
8.058669662475591622e+01 1.351176795959473225e+02 1.195772171020507812e+02 8.390608978271484375e+01
7.805235290527349434e+01 1.358427238464356037e+02 1.243417663574218750e+02 8.453968048095703125e+01
8.082913589477544747e+01 1.341515731811524006e+02 1.213012924194335938e+02 8.343629455566406250e+01
7.890938186645513497e+01 1.357599449157715412e+02 1.261442794799804688e+02 8.838971710205078125e+01
7.857379150390630684e+01 1.379758186340332600e+02 1.146567382812500000e+02 8.356352996826171875e+01
8.114414596557620030e+01 1.352867317199707315e+02 1.169900283813476562e+02 8.275160980224609375e+01
7.720929336547851562e+01 1.359854125976562500e+02 1.249703903198242188e+02 8.657244873046875000e+01
8.104393005371090908e+01 1.339897689819335653e+02 1.197285766601562500e+02 8.602574157714843750e+01
7.733827590942379970e+01 1.351594810485839560e+02 1.272919540405273438e+02 8.476029205322265625e+01
8.027294921874997158e+01 1.355163459777831747e+02 1.235287170410156250e+02 8.232103729248046875e+01
7.844696044921872158e+01 1.342251091003417685e+02 1.257062683105468750e+02 8.910956573486328125e+01
8.155791091918942470e+01 1.367680091857909872e+02 1.224550399780273438e+02 8.056652069091796875e+01
7.828538513183590908e+01 1.366201591491698935e+02 1.236485290527343750e+02 8.668552398681640625e+01
7.841170883178710938e+01 1.344689254760742188e+02 1.231801834106445312e+02 8.654652404785156250e+01
8.179909515380859375e+01 1.348272552490234375e+02 1.224801788330078125e+02 8.701605224609375000e+01
7.778037643432617188e+01 1.370960350036621094e+02 1.191533279418945312e+02 8.516492462158203125e+01
8.080840301513671875e+01 1.359794921875000000e+02 1.115832366943359375e+02 8.405151367187500000e+01
7.717187118530273438e+01 1.363559112548828125e+02 1.232618179321289062e+02 8.509738159179687500e+01
8.275419616699218750e+01 1.345504951477050781e+02 1.180140380859375000e+02 8.385784149169921875e+01
7.669642639160156250e+01 1.379897308349609375e+02 1.279198608398437500e+02 9.236810302734375000e+01
7.612503814697265625e+01 1.357735900878906250e+02 1.152852630615234375e+02 8.951953125000000000e+01
7.666472625732421875e+01 1.405415458679199219e+02 1.170519561767578125e+02 8.405884552001953125e+01
7.988307571411132812e+01 1.377308845520019531e+02 1.006480331420898438e+02 8.550981903076171875e+01
7.910514831542971592e+01 1.361654129028320597e+02 9.425659179687500000e+01 8.632023620605468750e+01
8.129518890380862217e+01 1.379841346740722940e+02 7.846940612792968750e+01 8.281835174560546875e+01
8.361898803710940342e+01 1.397490921020508097e+02 8.125482177734375000e+01 8.799723815917968750e+01
8.070823669433596592e+01 1.433868675231933878e+02 8.164587402343750000e+01 8.087674713134765625e+01
8.184111785888674717e+01 1.414194679260254190e+02 8.408842468261718750e+01 8.080522918701171875e+01
8.160620117187502842e+01 1.424057540893554972e+02 8.829522705078125000e+01 8.235203552246093750e+01
7.936983871459963780e+01 1.399194107055664347e+02 8.341260528564453125e+01 8.258757019042968750e+01
8.132777023315432530e+01 1.439220657348633097e+02 7.920221710205078125e+01 8.432939147949218750e+01
8.433205413818362217e+01 1.417410621643066690e+02 1.091269378662109375e+02 7.775182342529296875e+01
7.991024017333987217e+01 1.397699089050293253e+02 1.101013336181640625e+02 8.479730987548828125e+01
8.121053695678713780e+01 1.373071708679199503e+02 1.047820816040039062e+02 8.516236114501953125e+01
7.681831359863284092e+01 1.418513908386230753e+02 1.098328857421875000e+02 8.663547515869140625e+01
8.040661239624029122e+01 1.321377639770508381e+02 1.049143447875976562e+02 9.343769836425781250e+01
8.231876754760747872e+01 1.395346488952637287e+02 1.142468032836914062e+02 8.371607208251953125e+01
8.100067520141604405e+01 1.382254486083984659e+02 1.164027328491210938e+02 8.656704711914062500e+01
8.224127960205080967e+01 1.363249244689941690e+02 1.115622406005859375e+02 8.680776214599609375e+01
8.323261260986328125e+01 1.378857002258300781e+02 1.162944793701171875e+02 8.405965423583984375e+01
8.049269866943362217e+01 1.346850585937500284e+02 1.142633514404296875e+02 8.770248413085937500e+01
