2.040000000000000000e+02 7.300000000000000000e+01 3.400000000000000000e+01 4.200000000000000000e+01
2.023478164672851562e+02 7.345057868957519531e+01 3.450868225097656250e+01 4.143455123901367188e+01
2.014650173187255859e+02 7.428922843933105469e+01 3.445489883422851562e+01 4.087640762329101562e+01
2.015420589447021484e+02 7.408353424072265625e+01 3.466344070434570312e+01 4.117530822753906250e+01
2.010952129364013672e+02 7.316632843017578125e+01 3.473904800415039062e+01 4.133258056640625000e+01
2.014838886260986328e+02 7.335074996948242188e+01 3.505881881713867188e+01 4.147061920166015625e+01
2.008585414886474609e+02 7.414227104187011719e+01 3.478223037719726562e+01 4.113539505004882812e+01
2.010559043884277344e+02 7.845519638061523438e+01 3.564707183837890625e+01 3.972907257080078125e+01
2.020590724945068359e+02 8.327965164184570312e+01 3.552649307250976562e+01 4.001969146728515625e+01
2.026396694183349609e+02 8.836721229553222656e+01 3.504733657836914062e+01 3.962652206420898438e+01
2.028507041931152344e+02 9.202779388427734375e+01 3.485266876220703125e+01 3.935859680175781250e+01
2.027501544952392578e+02 9.038772773742675781e+01 3.518424606323242188e+01 4.074489974975585938e+01
2.042025718688964844e+02 8.476679420471191406e+01 3.527945709228515625e+01 3.970504379272460938e+01
2.049011116027832031e+02 7.566201782226562500e+01 3.550547027587890625e+01 4.048837280273437500e+01
2.068134384155273438e+02 7.013861846923828125e+01 3.414852905273437500e+01 3.882203674316406250e+01
2.081926288604736328e+02 6.551970481872558594e+01 3.441274642944335938e+01 3.763814163208007812e+01
2.107091312408447266e+02 6.299898529052734375e+01 3.398934555053710938e+01 3.838218688964843750e+01
2.122412948608398438e+02 6.190782165527343750e+01 3.401380920410156250e+01 3.921319580078125000e+01
2.130133991241455078e+02 6.616656875610351562e+01 3.490153121948242188e+01 3.820343780517578125e+01
2.152124462127685547e+02 7.142533302307128906e+01 3.494357681274414062e+01 3.894356918334960938e+01
2.172990531921386719e+02 7.843770599365234375e+01 3.434708404541015625e+01 3.964810180664062500e+01
2.202594642639160156e+02 8.471830368041992188e+01 3.506189727783203125e+01 3.973349761962890625e+01
2.222892684936523438e+02 8.513928604125976562e+01 3.550421142578125000e+01 3.983576202392578125e+01
2.242108688354492188e+02 8.327320671081542969e+01 3.558813476562500000e+01 3.999817276000976562e+01
2.284565696716308594e+02 7.778665924072265625e+01 3.570552825927734375e+01 3.938885498046875000e+01
2.322822494506835938e+02 7.171235656738281250e+01 3.504721069335937500e+01 3.867900085449218750e+01
2.351016921997070312e+02 6.661754417419433594e+01 3.691213989257812500e+01 3.863162612915039062e+01
2.391719570159912109e+02 6.519061088562011719e+01 3.572682571411132812e+01 3.884233474731445312e+01
2.427138004302978516e+02 6.653505325317382812e+01 3.534640121459960938e+01 3.819872283935546875e+01
2.434838142395019531e+02 7.153193664550781250e+01 3.559293365478515625e+01 3.964248657226562500e+01
2.443248977661132812e+02 7.746875000000000000e+01 3.605690002441406250e+01 3.960350036621093750e+01
2.448761501312255859e+02 8.295326423645019531e+01 3.622983169555664062e+01 4.035120773315429688e+01
2.453603458404541016e+02 8.506816864013671875e+01 3.637784957885742188e+01 3.939088439941406250e+01
2.411356754302978516e+02 8.418970870971679688e+01 3.632729721069335938e+01 3.874504852294921875e+01
2.389897251129150391e+02 7.834303474426269531e+01 3.592870712280273438e+01 3.867200851440429688e+01
2.335859680175781250e+02 7.188261795043945312e+01 3.622100830078125000e+01 3.836035919189453125e+01
2.268160266876220703e+02 6.731386566162109375e+01 3.650338363647460938e+01 3.754174804687500000e+01
2.209839782714843750e+02 6.463546752929687500e+01 3.616224670410156250e+01 3.805670166015625000e+01
2.140155448913574219e+02 6.656587028503417969e+01 3.484519195556640625e+01 3.767229080200195312e+01
2.071832408905029297e+02 6.988843154907226562e+01 3.574359512329101562e+01 3.795279693603515625e+01
1.999673690795898438e+02 7.525600624084472656e+01 3.620707702636718750e+01 3.831617355346679688e+01
1.922771415710449219e+02 8.218398666381835938e+01 3.583098602294921875e+01 3.814998626708984375e+01
1.865177898406982422e+02 8.729220581054687500e+01 3.503290176391601562e+01 3.808450317382812500e+01
1.764839801788330078e+02 8.769675064086914062e+01 3.520861434936523438e+01 3.862703704833984375e+01
1.699170608520507812e+02 8.520168685913085938e+01 3.603865051269531250e+01 3.814006805419921875e+01
1.633242988586425781e+02 8.103567123413085938e+01 3.726065826416015625e+01 3.736196136474609375e+01
1.596192531585693359e+02 7.609434127807617188e+01 3.703314590454101562e+01 4.018988800048828125e+01
1.560738735198974609e+02 7.546437263488769531e+01 3.656164932250976562e+01 3.990662765502929688e+01
1.523698139190673828e+02 7.664048957824707031e+01 3.785119247436523438e+01 3.984786605834960938e+01
1.513833427429199219e+02 8.132444763183593750e+01 3.606810760498046875e+01 3.860571289062500000e+01
1.494637203216552734e+02 8.624567222595214844e+01 3.726788711547851562e+01 4.008060073852539062e+01
1.474335021972656250e+02 8.957929420471191406e+01 3.658721923828125000e+01 3.899856185913085938e+01
1.474937953948974609e+02 8.794562339782714844e+01 3.710406875610351562e+01 3.964081192016601562e+01
1.481595401763916016e+02 8.255515670776367188e+01 3.708471298217773438e+01 3.876630401611328125e+01
1.503053417205810547e+02 7.525460433959960938e+01 3.700244522094726562e+01 3.801564788818359375e+01
1.545486011505126953e+02 6.857612991333007812e+01 3.721009445190429688e+01 3.733612823486328125e+01
1.613344802856445312e+02 6.408012771606445312e+01 3.557583618164062500e+01 3.772643280029296875e+01
1.685158519744873047e+02 6.347685623168945312e+01 3.412559890747070312e+01 3.804737091064453125e+01
1.757194328308105469e+02 6.373499679565429688e+01 3.441114044189453125e+01 3.858255767822265625e+01
1.831832714080810547e+02 6.873486328125000000e+01 3.408864212036132812e+01 3.912652587890625000e+01
1.894754199981689453e+02 7.530055809020996094e+01 3.530466842651367188e+01 4.003560256958007812e+01
1.961509132385253906e+02 8.190108299255371094e+01 3.524600982666015625e+01 4.003078079223632812e+01
2.032262420654296875e+02 8.280727767944335938e+01 3.550492858886718750e+01 4.094670867919921875e+01
2.096991424560546875e+02 7.736779785156250000e+01 3.521322631835937500e+01 4.104170227050781250e+01
2.144257755279541016e+02 7.074953460693359375e+01 3.619276046752929688e+01 3.982939147949218750e+01
2.188417568206787109e+02 6.371170234680175781e+01 3.709970474243164062e+01 3.974668502807617188e+01
2.231888904571533203e+02 5.877470016479492188e+01 3.646271896362304688e+01 4.083826446533203125e+01
2.265491561889648438e+02 5.758500480651855469e+01 3.652162170410156250e+01 4.032884597778320312e+01
2.305898208618164062e+02 6.031618499755859375e+01 3.598098754882812500e+01 3.887091064453125000e+01
2.332622489929199219e+02 6.538556289672851562e+01 3.593886566162109375e+01 3.916698455810546875e+01
2.346657695770263672e+02 7.236165046691894531e+01 3.691121292114257812e+01 4.009484481811523438e+01
2.372061176300048828e+02 7.686004257202148438e+01 3.698630905151367188e+01 4.180391693115234375e+01
2.383719730377197266e+02 7.772014999389648438e+01 3.649343490600585938e+01 4.074076080322265625e+01
2.364705123901367188e+02 7.419363975524902344e+01 3.730418395996093750e+01 4.067959976196289062e+01
2.347188777923583984e+02 6.792510414123535156e+01 3.658906936645507812e+01 3.993140792846679688e+01
2.294420204162597656e+02 6.197835159301757812e+01 3.598952484130859375e+01 3.893022918701171875e+01
2.261698837280273438e+02 5.700970649719238281e+01 3.711685180664062500e+01 3.954191207885742188e+01
2.214109439849853516e+02 5.477148246765136719e+01 3.599697494506835938e+01 3.925308609008789062e+01
2.152833652496337891e+02 5.685398483276367188e+01 3.642654037475585938e+01 3.983371734619140625e+01
2.093262863159179688e+02 6.199857139587402344e+01 3.613572692871093750e+01 4.051121902465820312e+01
2.009513759613037109e+02 7.017956924438476562e+01 3.712723159790039062e+01 4.043767547607421875e+01
1.904898281097412109e+02 7.592772483825683594e+01 3.701213455200195312e+01 4.076120376586914062e+01
1.815811271667480469e+02 7.857382774353027344e+01 3.749620819091796875e+01 4.000777053833007812e+01
1.710451927185058594e+02 7.469282341003417969e+01 3.797013092041015625e+01 4.056514358520507812e+01
1.634890079498291016e+02 7.194581794738769531e+01 3.698032760620117188e+01 3.834110641479492188e+01
1.583700885772705078e+02 6.891852378845214844e+01 3.700916671752929688e+01 3.846638870239257812e+01
1.527685756683349609e+02 6.545418930053710938e+01 3.717938613891601562e+01 4.043431854248046875e+01
1.469018115997314453e+02 6.843847274780273438e+01 3.738402938842773438e+01 3.862775421142578125e+01
1.413371982574462891e+02 7.408267593383789062e+01 3.777566146850585938e+01 4.015587615966796875e+01
1.384003658294677734e+02 7.970194053649902344e+01 3.606795120239257812e+01 4.037662124633789062e+01
1.310695323944091797e+02 8.997279357910156250e+01 3.755922317504882812e+01 3.900831604003906250e+01
1.293897151947021484e+02 9.237997817993164062e+01 3.770346450805664062e+01 3.900481414794921875e+01
1.274635562896728516e+02 8.757804489135742188e+01 3.772396469116210938e+01 4.145499420166015625e+01
1.261870613098144531e+02 8.153495597839355469e+01 3.826181793212890625e+01 3.957167434692382812e+01
1.344603862762451172e+02 7.070944213867187500e+01 3.704127883911132812e+01 4.076121520996093750e+01
1.412940826416015625e+02 6.167817497253417969e+01 3.707380676269531250e+01 3.998779678344726562e+01
1.510505790710449219e+02 5.567216110229492188e+01 3.696755218505859375e+01 3.846016693115234375e+01
1.614472732543945312e+02 5.360992240905761719e+01 3.462176513671875000e+01 3.862579727172851562e+01
1.720938453674316406e+02 5.528744506835937500e+01 3.530158233642578125e+01 4.069084167480468750e+01
1.813001575469970703e+02 6.213609123229980469e+01 3.529142379760742188e+01 3.902019119262695312e+01
1.916277217864990234e+02 7.127674484252929688e+01 3.679961013793945312e+01 4.015180206298828125e+01
1.972454071044921875e+02 7.719935989379882812e+01 3.724699401855468750e+01 4.337418365478515625e+01
2.010090999603271484e+02 7.849971199035644531e+01 3.853976821899414062e+01 4.262961959838867188e+01
2.017646636962890625e+02 7.295530128479003906e+01 3.826257324218750000e+01 4.276250839233398438e+01
2.010283584594726562e+02 6.675941848754882812e+01 3.795318603515625000e+01 4.041751861572265625e+01
1.982521018981933594e+02 6.015530967712402344e+01 3.762314605712890625e+01 3.998660659790039062e+01
1.948810749053955078e+02 5.650819969177246094e+01 3.706956100463867188e+01 4.004362869262695312e+01
1.905869541168212891e+02 5.786560630798339844e+01 3.555106735229492188e+01 3.950404739379882812e+01
1.851716957092285156e+02 6.198383903503417969e+01 3.595188140869140625e+01 4.127858352661132812e+01
1.773168983459472656e+02 7.022290420532226562e+01 3.797112274169921875e+01 4.351531219482421875e+01
1.705240039825439453e+02 8.002294921875000000e+01 3.816717147827148438e+01 4.295291137695312500e+01
1.667370738983154297e+02 8.694989967346191406e+01 3.779962539672851562e+01 4.185551071166992188e+01
1.631690292358398438e+02 8.777751350402832031e+01 3.800839233398437500e+01 4.132732772827148438e+01
1.626894435882568359e+02 8.247281837463378906e+01 3.668741226196289062e+01 4.087170028686523438e+01
1.642289867401123047e+02 7.385790824890136719e+01 3.707701492309570312e+01 4.104236221313476562e+01
1.688074684143066406e+02 6.547773551940917969e+01 3.755248260498046875e+01 4.086430740356445312e+01
1.771050643920898438e+02 6.263356208801269531e+01 3.562434387207031250e+01 3.900640487670898438e+01
1.845332870483398438e+02 6.186657142639160156e+01 3.539144897460937500e+01 4.041343307495117188e+01
1.926057796478271484e+02 6.505601692199707031e+01 3.517087173461914062e+01 4.063169479370117188e+01
1.995340080261230469e+02 7.261024284362792969e+01 3.543938446044921875e+01 4.127962112426757812e+01
2.035952720642089844e+02 8.321166229248046875e+01 3.529434967041015625e+01 4.062718200683593750e+01
2.064780445098876953e+02 8.995825004577636719e+01 3.612278366088867188e+01 4.166687393188476562e+01
2.062735252380371094e+02 9.435327529907226562e+01 3.664472198486328125e+01 4.080342864990234375e+01
2.061443405151367188e+02 9.423392486572265625e+01 3.741639709472656250e+01 4.132322692871093750e+01
2.050584831237792969e+02 9.106287574768066406e+01 3.535976409912109375e+01 3.884991073608398438e+01
2.018144054412841797e+02 8.359298515319824219e+01 3.545933914184570312e+01 4.031033706665039062e+01
1.937116241455078125e+02 7.317233657836914062e+01 3.659397888183593750e+01 4.206810760498046875e+01
1.871279582977294922e+02 6.463730812072753906e+01 3.601346206665039062e+01 3.987073898315429688e+01
1.807479877471923828e+02 5.884900665283203125e+01 3.531518173217773438e+01 3.741235351562500000e+01
1.760459022521972656e+02 5.549308776855468750e+01 3.538552093505859375e+01 3.823071289062500000e+01
1.701897354125976562e+02 5.572635269165039062e+01 3.657949829101562500e+01 3.776399993896484375e+01
1.688351383209228516e+02 5.899170112609863281e+01 3.540385055541992188e+01 3.855334091186523438e+01
1.672471179962158203e+02 6.495656585693359375e+01 3.480663681030273438e+01 3.867941284179687500e+01
1.671078968048095703e+02 7.127538299560546875e+01 3.485084152221679688e+01 3.987509155273437500e+01
1.669396686553955078e+02 7.937602806091308594e+01 3.588914108276367188e+01 4.126353836059570312e+01
1.696708698272705078e+02 8.881041908264160156e+01 3.591729354858398438e+01 4.082178878784179688e+01
1.720364017486572266e+02 9.987489509582519531e+01 3.513120651245117188e+01 4.146764755249023438e+01
1.761559085845947266e+02 1.097582283020019531e+02 3.481164169311523438e+01 3.821738433837890625e+01
1.800987834930419922e+02 1.118984527587890625e+02 3.440582656860351562e+01 3.808853149414062500e+01
1.849909934997558594e+02 1.088992595672607422e+02 3.421569061279296875e+01 3.973033523559570312e+01
1.908191242218017578e+02 9.989602470397949219e+01 3.388189315795898438e+01 3.997026443481445312e+01
1.964534702301025391e+02 9.091538619995117188e+01 3.399287033081054688e+01 4.015428924560546875e+01
2.029596347808837891e+02 8.241470146179199219e+01 3.523208236694335938e+01 4.154976272583007812e+01
2.084151878356933594e+02 7.889046859741210938e+01 3.588396453857421875e+01 3.964263153076171875e+01
2.142865123748779297e+02 7.689865303039550781e+01 3.603682327270507812e+01 4.080154037475585938e+01
2.212427330017089844e+02 7.980714797973632812e+01 3.626154327392578125e+01 4.041498565673828125e+01
2.246561698913574219e+02 8.471816062927246094e+01 3.526457977294921875e+01 3.985536575317382812e+01
2.263187923431396484e+02 8.789427566528320312e+01 3.537317276000976562e+01 4.001326751708984375e+01
2.236774616241455078e+02 8.814202880859375000e+01 3.655019760131835938e+01 4.096801757812500000e+01
2.214309520721435547e+02 8.509789466857910156e+01 3.681160354614257812e+01 4.049570846557617188e+01
2.154516334533691406e+02 7.886774826049804688e+01 3.704866790771484375e+01 3.895832061767578125e+01
2.086855163574218750e+02 7.205665779113769531e+01 3.646514892578125000e+01 3.935979843139648438e+01
2.015225772857666016e+02 6.793784332275390625e+01 3.584109115600585938e+01 3.874536132812500000e+01
1.941529827117919922e+02 6.789801025390625000e+01 3.556764602661132812e+01 3.903424072265625000e+01
1.859056816101074219e+02 7.067956733703613281e+01 3.577986907958984375e+01 3.954388046264648438e+01
1.774484100341796875e+02 7.690709304809570312e+01 3.589190673828125000e+01 3.941150665283203125e+01
1.711777114868164062e+02 8.601666641235351562e+01 3.465229797363281250e+01 3.767494964599609375e+01
1.670841732025146484e+02 9.386769866943359375e+01 3.630795669555664062e+01 3.959356689453125000e+01
1.671375732421875000e+02 9.540588378906250000e+01 3.662800598144531250e+01 3.887467956542968750e+01
1.707313919067382812e+02 9.336300659179687500e+01 3.596749877929687500e+01 3.855751037597656250e+01
1.789931259155273438e+02 8.178402328491210938e+01 3.518878173828125000e+01 4.130521392822265625e+01
1.900417137145996094e+02 7.147734451293945312e+01 3.562438201904296875e+01 4.213272857666015625e+01
2.000264511108398438e+02 6.583760833740234375e+01 3.544387817382812500e+01 4.066812133789062500e+01
2.109289855957031250e+02 6.223428916931152344e+01 3.477874755859375000e+01 4.009520339965820312e+01
2.223588390350341797e+02 6.352202415466308594e+01 3.568068313598632812e+01 3.918997573852539062e+01
2.330931377410888672e+02 6.672426986694335938e+01 3.578375625610351562e+01 3.803856658935546875e+01
2.413487091064453125e+02 7.536915588378906250e+01 3.478079223632812500e+01 4.003591918945312500e+01
2.472033329010009766e+02 8.470314025878906250e+01 3.635294723510742188e+01 4.201277160644531250e+01
2.481711616516113281e+02 8.863894653320312500e+01 3.861106109619140625e+01 4.169161987304687500e+01
2.485275936126708984e+02 8.829502487182617188e+01 3.896149063110351562e+01 4.209127044677734375e+01
2.458884868621826172e+02 8.412657546997070312e+01 3.867367935180664062e+01 4.219870758056640625e+01
2.404831886291503906e+02 7.591201782226562500e+01 3.802037811279296875e+01 4.165065002441406250e+01
2.331215515136718750e+02 6.667264175415039062e+01 3.837156677246093750e+01 4.203711700439453125e+01
2.226207695007324219e+02 6.073567962646484375e+01 3.693221282958984375e+01 4.182977294921875000e+01
2.142069931030273438e+02 5.786577606201171875e+01 3.418803405761718750e+01 3.946566772460937500e+01
2.024820976257324219e+02 5.976538467407226562e+01 3.613983917236328125e+01 4.077849578857421875e+01
1.935162277221679688e+02 6.634798622131347656e+01 3.794897460937500000e+01 3.966476058959960938e+01
1.888349037170410156e+02 7.323586273193359375e+01 3.776576995849609375e+01 4.047610473632812500e+01
1.863082447052001953e+02 7.941129493713378906e+01 3.787531661987304688e+01 4.318769454956054688e+01
1.885525722503662109e+02 8.388518142700195312e+01 3.756198501586914062e+01 4.235430145263671875e+01
1.927200603485107422e+02 8.312455368041992188e+01 3.682815933227539062e+01 4.186205291748046875e+01
2.006248111724853516e+02 7.644367790222167969e+01 3.681512069702148438e+01 4.259405899047851562e+01
2.115232753753662109e+02 7.003602981567382812e+01 3.542624282836914062e+01 4.216298675537109375e+01
2.245955810546875000e+02 6.325501251220703125e+01 3.557835388183593750e+01 4.186207580566406250e+01
2.392122535705566406e+02 6.101386070251464844e+01 3.745470428466796875e+01 4.058580398559570312e+01
2.502947521209716797e+02 6.288269424438476562e+01 3.761355972290039062e+01 4.224385833740234375e+01
2.606502799987792969e+02 6.821961593627929688e+01 3.834322357177734375e+01 4.169181060791015625e+01
2.699572620391845703e+02 7.614208221435546875e+01 3.700492477416992188e+01 4.317640686035156250e+01
2.789435749053955078e+02 8.377681350708007812e+01 3.682525253295898438e+01 4.320914459228515625e+01
2.826062660217285156e+02 8.973809432983398438e+01 3.742362213134765625e+01 4.100121307373046875e+01
2.818091850280761719e+02 9.060849380493164062e+01 3.624901580810546875e+01 4.126586151123046875e+01
2.795544700622558594e+02 8.701532173156738281e+01 3.646459197998046875e+01 4.079290390014648438e+01
2.723995513916015625e+02 8.064009475708007812e+01 3.762991333007812500e+01 4.193445587158203125e+01
2.636887531280517578e+02 7.231970214843750000e+01 3.762733078002929688e+01 4.270768737792968750e+01
2.559492034912109375e+02 6.748345947265625000e+01 3.829425048828125000e+01 4.159040832519531250e+01
2.471286315917968750e+02 6.480680274963378906e+01 3.654710388183593750e+01 4.038756942749023438e+01
2.374159908294677734e+02 6.530158996582031250e+01 3.661919021606445312e+01 4.041493225097656250e+01
2.267854747772216797e+02 6.800625801086425781e+01 3.648457717895507812e+01 4.031060409545898438e+01
2.167673568725585938e+02 7.558875083923339844e+01 3.510015869140625000e+01 4.151143264770507812e+01
2.072802791595458984e+02 8.272557449340820312e+01 3.398971939086914062e+01 4.028229522705078125e+01
1.980117301940917969e+02 8.746784591674804688e+01 3.441614532470703125e+01 3.967241668701171875e+01
1.901292190551757812e+02 8.852864837646484375e+01 3.411430358886718750e+01 3.954414367675781250e+01
1.812599239349365234e+02 8.602467536926269531e+01 3.408687210083007812e+01 3.994655990600585938e+01
1.723508491516113281e+02 8.190960311889648438e+01 3.502973175048828125e+01 3.896750640869140625e+01
1.632990570068359375e+02 7.882885742187500000e+01 3.616870117187500000e+01 3.880505371093750000e+01
1.539143943786621094e+02 8.016225433349609375e+01 3.618029022216796875e+01 3.793008422851562500e+01
1.466866798400878906e+02 7.933037376403808594e+01 3.774771881103515625e+01 3.886238479614257812e+01
1.403990879058837891e+02 8.218618965148925781e+01 3.855854415893554688e+01 4.163381576538085938e+01
1.398680419921875000e+02 8.907940483093261719e+01 3.785891723632812500e+01 4.089587783813476562e+01
1.327665081024169922e+02 9.754871559143066406e+01 3.916202163696289062e+01 4.046809005737304688e+01
1.339393749237060547e+02 1.010653781890869141e+02 3.936008071899414062e+01 3.969013595581054688e+01
1.338738880157470703e+02 9.706632423400878906e+01 3.937775802612304688e+01 4.375678634643554688e+01
1.360082225799560547e+02 9.286329841613769531e+01 3.831024551391601562e+01 4.035049057006835938e+01
1.388194046020507812e+02 8.443629455566406250e+01 3.637487792968750000e+01 3.975901794433593750e+01
1.449187412261962891e+02 7.427112007141113281e+01 3.845785140991210938e+01 4.074033737182617188e+01
1.517888011932373047e+02 6.808847427368164062e+01 3.821719741821289062e+01 3.889199066162109375e+01
1.615190334320068359e+02 6.466598320007324219e+01 3.575757217407226562e+01 3.797398757934570312e+01
1.696076736450195312e+02 6.301375007629394531e+01 3.557005310058593750e+01 4.004743576049804688e+01
1.766215858459472656e+02 6.451246643066406250e+01 3.521244049072265625e+01 3.989723205566406250e+01
1.853934917449951172e+02 6.992739486694335938e+01 3.465425491333007812e+01 4.035115814208984375e+01
1.922908020019531250e+02 7.401288604736328125e+01 3.535285949707031250e+01 4.075604248046875000e+01
1.984717597961425781e+02 7.313829231262207031e+01 3.595502471923828125e+01 4.223104476928710938e+01
2.029340438842773438e+02 6.907220458984375000e+01 3.757553100585937500e+01 4.279867553710937500e+01
2.066691875457763672e+02 6.399627304077148438e+01 3.740883255004882812e+01 4.142731475830078125e+01
2.099860210418701172e+02 5.902172088623046875e+01 3.695442581176757812e+01 4.196047973632812500e+01
2.111963481903076172e+02 6.013664054870605469e+01 3.690915298461914062e+01 3.953511428833007812e+01
2.114112663269042969e+02 6.294912910461425781e+01 3.601647186279296875e+01 3.903017807006835938e+01
2.107346057891845703e+02 6.810376739501953125e+01 3.632746505737304688e+01 3.932855224609375000e+01
2.083424205780029297e+02 7.027480697631835938e+01 3.589561843872070312e+01 3.991593170166015625e+01
2.061594161987304688e+02 7.094264221191406250e+01 3.574784851074218750e+01 3.840925598144531250e+01
2.011084079742431641e+02 6.542583656311035156e+01 3.691419601440429688e+01 3.759836959838867188e+01
1.981501617431640625e+02 5.860617065429687500e+01 3.581042480468750000e+01 3.756283569335937500e+01
1.945096092224121094e+02 5.230690574645996094e+01 3.561392974853515625e+01 3.726996231079101562e+01
1.920273094177246094e+02 4.905727195739746094e+01 3.413407135009765625e+01 3.806822586059570312e+01
1.859149112701416016e+02 5.000026130676269531e+01 3.524688339233398438e+01 3.748559188842773438e+01
1.791181697845458984e+02 5.343779563903808594e+01 3.593640518188476562e+01 3.797645950317382812e+01
1.738566799163818359e+02 6.020825004577636719e+01 3.601984024047851562e+01 3.977307510375976562e+01
1.684264793395996094e+02 6.849916648864746094e+01 3.541622161865234375e+01 3.828020095825195312e+01
1.633446483612060547e+02 7.569594192504882812e+01 3.569812393188476562e+01 3.888510894775390625e+01
1.602528514862060547e+02 8.138370323181152344e+01 3.481950759887695312e+01 3.943997573852539062e+01
1.588136157989501953e+02 8.031164741516113281e+01 3.343500900268554688e+01 3.784835433959960938e+01
1.587421970367431641e+02 7.484657096862792969e+01 3.405082321166992188e+01 3.837787246704101562e+01
1.593530540466308594e+02 6.484765052795410156e+01 3.577063751220703125e+01 3.938514328002929688e+01
1.618233528137207031e+02 5.650942420959472656e+01 3.609345245361328125e+01 3.876061630249023438e+01
1.670144481658935547e+02 4.873537826538085938e+01 3.486879348754882812e+01 3.837178802490234375e+01
1.722724533081054688e+02 4.506631851196289062e+01 3.453713989257812500e+01 3.918112945556640625e+01
1.767144584655761719e+02 4.316871833801269531e+01 3.462871551513671875e+01 3.974117660522460938e+01
1.823625431060791016e+02 4.669732475280761719e+01 3.390673446655273438e+01 3.837790298461914062e+01
1.871715869903564453e+02 5.309350013732910156e+01 3.501560592651367188e+01 4.028647994995117188e+01
1.924274539947509766e+02 6.427935218811035156e+01 3.391651535034179688e+01 3.863636398315429688e+01
1.949885444641113281e+02 7.432974815368652344e+01 3.590023040771484375e+01 3.972616958618164062e+01
2.011630382537841797e+02 8.922185516357421875e+01 3.356219863891601562e+01 3.817526245117187500e+01
2.051191520690917969e+02 9.685862731933593750e+01 3.440329742431640625e+01 3.950463867187500000e+01
2.063760261535644531e+02 9.440556335449218750e+01 3.590952301025390625e+01 4.258285522460937500e+01
2.066680488586425781e+02 9.030547332763671875e+01 3.559554290771484375e+01 4.034577941894531250e+01
2.075097599029541016e+02 7.716362190246582031e+01 3.497324752807617188e+01 4.306557846069335938e+01
2.046046562194824219e+02 6.616137504577636719e+01 3.531401824951171875e+01 4.125188064575195312e+01
2.007170581817626953e+02 5.674929618835449219e+01 3.602985763549804688e+01 4.062701797485351562e+01
1.982071571350097656e+02 5.012602043151855469e+01 3.515412139892578125e+01 3.880287551879882812e+01
1.942880458831787109e+02 4.586577606201171875e+01 3.560622024536132812e+01 3.948422241210937500e+01
1.916155509948730469e+02 4.692968559265136719e+01 3.621472930908203125e+01 3.962520217895507812e+01
1.899757442474365234e+02 5.204763412475585938e+01 3.596832656860351562e+01 3.997863006591796875e+01
1.901844997406005859e+02 6.117866706848144531e+01 3.671622085571289062e+01 4.110256576538085938e+01
1.915725307464599609e+02 7.076834869384765625e+01 3.574719619750976562e+01 4.178700256347656250e+01
1.940437602996826172e+02 8.021980285644531250e+01 3.603796768188476562e+01 4.242422485351562500e+01
1.957759780883789062e+02 8.637896919250488281e+01 3.570603942871093750e+01 4.085717391967773438e+01
1.987088222503662109e+02 8.788352203369140625e+01 3.606935501098632812e+01 4.197424316406250000e+01
2.007901191711425781e+02 8.309051132202148438e+01 3.637932586669921875e+01 4.179557037353515625e+01
2.040150585174560547e+02 7.530869293212890625e+01 3.627511978149414062e+01 4.203080749511718750e+01
2.066191711425781250e+02 6.913070869445800781e+01 3.608514404296875000e+01 4.152045822143554688e+01
2.097492542266845703e+02 6.365479850769042969e+01 3.614350509643554688e+01 4.066453933715820312e+01
2.128704395294189453e+02 5.951179122924804688e+01 3.592872238159179688e+01 3.973213958740234375e+01
2.163641777038574219e+02 5.804324722290039062e+01 3.602921295166015625e+01 4.070546722412109375e+01
2.202426300048828125e+02 5.966615295410156250e+01 3.628775024414062500e+01 4.096348571777343750e+01
2.217308101654052734e+02 6.482736778259277344e+01 3.697714614868164062e+01 4.227934646606445312e+01
2.243170108795166016e+02 7.300580406188964844e+01 3.724787521362304688e+01 4.263263320922851562e+01
2.261141929626464844e+02 7.797611236572265625e+01 3.828186798095703125e+01 4.175082397460937500e+01
2.278256950378417969e+02 7.987202835083007812e+01 3.770319366455078125e+01 4.190052032470703125e+01
2.277927684783935547e+02 7.841379165649414062e+01 3.783470535278320312e+01 4.193074798583984375e+01
