1.700000000000000000e+02 4.100000000000000000e+01 1.800000000000000000e+01 4.500000000000000000e+01
1.683034811019897461e+02 4.167317390441894531e+01 1.964090156555175781e+01 4.420677566528320312e+01
1.684330663681030273e+02 4.088746833801269531e+01 1.910296058654785156e+01 4.414368057250976562e+01
1.684664287567138672e+02 4.134673881530762429e+01 1.955790328979492188e+01 4.457547378540038352e+01
1.675709457397460938e+02 4.130873298645019531e+01 1.942510223388671875e+01 4.356447219848632812e+01
1.677433919906616211e+02 4.101321411132813211e+01 1.857439613342285156e+01 4.391816711425780539e+01
1.671757345199584961e+02 4.156823158264160156e+01 1.877030372619628906e+01 4.452328109741210938e+01
1.672977628707885742e+02 4.103557968139648438e+01 1.862807655334472656e+01 4.367266845703125000e+01
1.676783332824707031e+02 4.161147117614746094e+01 1.847834014892578125e+01 4.393581771850585938e+01
1.677939815521240234e+02 4.082909011840820312e+01 1.783642959594726562e+01 4.380575561523437500e+01
1.673182353973388672e+02 4.078810310363769531e+01 1.786875534057617188e+01 4.453104782104492188e+01
1.683185482025146484e+02 3.990489578247070312e+01 1.734617996215820312e+01 4.547766876220703125e+01
1.687814645767211914e+02 4.087086677551269531e+01 1.691298484802246094e+01 4.475361251831054688e+01
1.684670190811157227e+02 3.978276252746582031e+01 1.679557609558105469e+01 4.584180831909179688e+01
1.695851202011108398e+02 4.106847381591796875e+01 1.618508338928222656e+01 4.484032440185546875e+01
1.692393760681152344e+02 4.018385887145996094e+01 1.656137084960937500e+01 4.633103561401367188e+01
1.689478654861450195e+02 4.053454589843750000e+01 1.664492607116699219e+01 4.516266632080078125e+01
1.700111427307128906e+02 4.115525627136230469e+01 1.636791229248046875e+01 4.455283737182617188e+01
1.698727464675903320e+02 4.116865348815917969e+01 1.648476219177246094e+01 4.434809494018554688e+01
1.699218168258666992e+02 4.087504768371582031e+01 1.637619209289550781e+01 4.488566207885742188e+01
1.705066089630126953e+02 4.053845214843750000e+01 1.657877731323242188e+01 4.514978790283203125e+01
1.706898860931396484e+02 4.153261947631835938e+01 1.722707748413085938e+01 4.484391784667968750e+01
1.712584915161132812e+02 4.096941184997558594e+01 1.716021728515625000e+01 4.501233291625976562e+01
1.718355045318603516e+02 4.152246284484863281e+01 1.745652389526367188e+01 4.581474685668945312e+01
1.720850334167480469e+02 4.046468162536621094e+01 1.774803161621093750e+01 4.623041915893554688e+01
1.737858390808105469e+02 4.159850311279296875e+01 1.745553588867187500e+01 4.464911651611328125e+01
1.743511343002319336e+02 3.995532989501953125e+01 1.512712287902832031e+01 4.638584899902343750e+01
1.741949558258056641e+02 3.959697341918945312e+01 1.694427108764648438e+01 4.713851165771484375e+01
1.755561408996582031e+02 4.045533180236816406e+01 1.628376770019531250e+01 4.631123733520507812e+01
1.765911626815795898e+02 3.886764144897460938e+01 1.630901527404785156e+01 4.720523071289062500e+01
1.777537326812744141e+02 4.115053749084472656e+01 1.600888442993164062e+01 4.501842117309570312e+01
1.782000327110290527e+02 3.994340705871582031e+01 1.583717060089111328e+01 4.574075698852539062e+01
1.791842060089111328e+02 4.044436073303222656e+01 1.650709915161132812e+01 4.520936203002929688e+01
1.797701978683471680e+02 4.097694396972656250e+01 1.672895240783691406e+01 4.570969390869140625e+01
1.789020757675170898e+02 4.125460624694824219e+01 1.651673316955566406e+01 4.498461532592773438e+01
1.804758396148681641e+02 3.988771629333496094e+01 1.665806961059570312e+01 4.688310623168945312e+01
1.805423345565795898e+02 4.206319618225097656e+01 1.688331794738769531e+01 4.457275772094726562e+01
1.807605381011962891e+02 4.144598579406738281e+01 1.691186904907226562e+01 4.568159866333007812e+01
1.813593397140502930e+02 4.218945693969726562e+01 1.720230293273925781e+01 4.458607482910156250e+01
1.818885412216186523e+02 4.057003784179687500e+01 1.756151008605957031e+01 4.597526550292968750e+01
1.818376340866088867e+02 4.176740264892578125e+01 1.768228340148925781e+01 4.426528930664062500e+01
1.826426525115966797e+02 4.261646270751953125e+01 1.802893447875976562e+01 4.321522521972656250e+01
1.827356920242309570e+02 4.365442848205566406e+01 1.871194267272949219e+01 4.272481918334960938e+01
1.847212181091308594e+02 4.307389259338378906e+01 1.906064605712890625e+01 4.408269882202148438e+01
1.870649509429931641e+02 4.381762313842773438e+01 1.846512985229492188e+01 4.266703033447265625e+01
1.871660251617431641e+02 4.189918518066406250e+01 1.913391494750976562e+01 4.390662384033203125e+01
1.886861152648925781e+02 4.234021949768066406e+01 1.938186645507812500e+01 4.351740646362304688e+01
1.898060579299926758e+02 4.238653182983399148e+01 1.944615745544433594e+01 4.291280364990233664e+01
1.923574342727661133e+02 4.145951080322265625e+01 1.716345024108886719e+01 4.527940368652343750e+01
1.952390403747558594e+02 4.100922012329101562e+01 1.600626373291015625e+01 4.505944061279296875e+01
1.966740012168884277e+02 4.004564285278320312e+01 1.550444507598876953e+01 4.627685546875000000e+01
1.975308046340942383e+02 4.197755813598632812e+01 1.512436485290527344e+01 4.421711730957031250e+01
1.988979249000549316e+02 4.126677894592285156e+01 1.454870128631591797e+01 4.521887588500976562e+01
1.992222366333007812e+02 4.072332572937011008e+01 1.556075286865234375e+01 4.615587997436524148e+01
2.002720775604248047e+02 4.128786849975585938e+01 1.647000503540039062e+01 4.480048370361328125e+01
2.014372787475585938e+02 4.177883148193359375e+01 1.663048553466796875e+01 4.554473876953125000e+01
2.023245763778686523e+02 4.102365493774414062e+01 1.665453529357910156e+01 4.747569274902343750e+01
2.030826148986816406e+02 4.106715393066406250e+01 1.743753814697265625e+01 4.723143005371093750e+01
2.051524133682250977e+02 3.990712738037109375e+01 1.804237174987792969e+01 4.825444030761718750e+01
2.056257305145263672e+02 4.120379638671875000e+01 1.601413345336914062e+01 4.593976593017578125e+01
2.071630344390869141e+02 4.166041755676269531e+01 1.632120132446289062e+01 4.622192001342773438e+01
2.085732526779174805e+02 4.148727798461914062e+01 1.652028846740722656e+01 4.724257659912109375e+01
2.091502203941345215e+02 4.184977340698242188e+01 1.579361438751220703e+01 4.609554290771484375e+01
2.111317367553710938e+02 4.139845848083496094e+01 1.630718231201171875e+01 4.716028976440429688e+01
2.109623551368713379e+02 4.211379623413085938e+01 1.459095287322998047e+01 4.690931701660156250e+01
2.128755679130554199e+02 4.072880554199218750e+01 1.461431217193603516e+01 4.734978485107421875e+01
2.129728198051452637e+02 4.000907707214355469e+01 1.495111942291259766e+01 4.796487045288085938e+01
2.144623293876647949e+02 4.080743789672851562e+01 1.511977481842041016e+01 4.693228912353515625e+01
2.131258659362792969e+02 4.011332702636718039e+01 1.631361389160156250e+01 4.688397979736328836e+01
2.139702138900756836e+02 3.860167503356933594e+01 1.694011116027832031e+01 4.969424819946289062e+01
2.144201526641845703e+02 3.852879333496094461e+01 1.711994552612304688e+01 4.935778045654296164e+01
2.164932622909545898e+02 4.168674087524414062e+01 1.700533485412597656e+01 4.584959411621093750e+01
2.168897075653076172e+02 4.324513626098632812e+01 1.667450332641601562e+01 4.468657684326171875e+01
2.191521148681640625e+02 4.413394165039062500e+01 1.631893157958984375e+01 4.360520172119140625e+01
2.200274291038513184e+02 4.571403884887695312e+01 1.542715930938720703e+01 4.263722229003906250e+01
2.222748684883117676e+02 4.411590576171875000e+01 1.487216091156005859e+01 4.378841400146484375e+01
2.234525613784790039e+02 4.396314811706542969e+01 1.525905418395996094e+01 4.423702621459960938e+01
2.249873766899108887e+02 4.398736763000488281e+01 1.485911655426025391e+01 4.460109329223632812e+01
2.255975284576416016e+02 4.315485191345214844e+01 1.480518722534179688e+01 4.575989151000976562e+01
2.255247373580932617e+02 4.174992370605468750e+01 1.506147193908691406e+01 4.717035675048828125e+01
2.273375639915466309e+02 4.308719062805175781e+01 1.512637805938720703e+01 4.543104934692382812e+01
2.289914684295654297e+02 4.306851196289062500e+01 1.519515609741210938e+01 4.528036499023437500e+01
2.285940837860107422e+02 4.180902671813964844e+01 1.587784957885742188e+01 4.660771560668945312e+01
2.291370286941528320e+02 4.211489486694335938e+01 1.657091331481933594e+01 4.561851501464843750e+01
2.304892692565917969e+02 4.293272781372070312e+01 1.638327026367187500e+01 4.518311309814453125e+01
2.305124454498291016e+02 4.324779701232910156e+01 1.741024398803710938e+01 4.386028671264648438e+01
2.305585470199584961e+02 4.349721145629882812e+01 1.668743324279785156e+01 4.323094940185546875e+01
2.314759502410888672e+02 4.457823753356933594e+01 1.720736312866210938e+01 4.331004714965820312e+01
2.320170421600341797e+02 4.351542091369628906e+01 1.712906265258789062e+01 4.412180709838867188e+01
2.322662858963012695e+02 4.300181770324707031e+01 1.651934623718261719e+01 4.396374893188476562e+01
2.332770156860351562e+02 4.424777793884277344e+01 1.677922821044921875e+01 4.227138900756835938e+01
2.347709922790527344e+02 4.414699554443359375e+01 1.680338287353515625e+01 4.303260040283203125e+01
2.349181489944458008e+02 4.416178131103515625e+01 1.673090171813964844e+01 4.184056091308593750e+01
2.359968719482421875e+02 4.511635971069335938e+01 1.682360839843750000e+01 4.185742187500000000e+01
2.366189246177673340e+02 4.590588378906250000e+01 1.574450397491455078e+01 4.083453369140625000e+01
2.383407955169677734e+02 4.676230430603027344e+01 1.672314071655273438e+01 4.102891921997070312e+01
2.384885091781616211e+02 4.522567558288574219e+01 1.646123695373535156e+01 4.305861282348632812e+01
2.389207944869995117e+02 4.617233467102050781e+01 1.785080146789550781e+01 4.245365524291992188e+01
2.405958738327026367e+02 4.678226280212402344e+01 1.808827400207519531e+01 4.090133285522460938e+01
2.413285865783691406e+02 4.455919647216796875e+01 1.803659820556640625e+01 4.344605255126953125e+01
2.440674715042114258e+02 4.583698081970214844e+01 1.656127738952636719e+01 4.235678482055664062e+01
2.455796556472778320e+02 4.455192756652832031e+01 1.561135673522949219e+01 4.369829177856445312e+01
2.459457902908325195e+02 4.371289253234863281e+01 1.557438468933105469e+01 4.428814315795898438e+01
2.465574388504028320e+02 4.401487922668457031e+01 1.563754081726074219e+01 4.410926437377929688e+01
2.482728271484375000e+02 4.436003494262695312e+01 1.582476806640625000e+01 4.414173126220703125e+01
2.480315370559692383e+02 4.547379684448242188e+01 1.557208824157714844e+01 4.344240570068359375e+01
2.489558506011962891e+02 4.438679313659667969e+01 1.582282638549804688e+01 4.322526168823242188e+01
2.493524708747863770e+02 4.510909271240234375e+01 1.519475460052490234e+01 4.362174987792968750e+01
2.505693469047546387e+02 4.495516204833984375e+01 1.517520236968994141e+01 4.377188873291015625e+01
2.508482151031494141e+02 4.409631538391113281e+01 1.604879379272460938e+01 4.295980453491210938e+01
2.516421213150024414e+02 4.411691665649414062e+01 1.602194023132324219e+01 4.290938568115234375e+01
2.526544694900512695e+02 4.400047302246093750e+01 1.716729545593261719e+01 4.422781372070312500e+01
2.522608270645141602e+02 4.484772872924804688e+01 1.748529624938964844e+01 4.235257720947265625e+01
2.532681961059570312e+02 4.463557434082031250e+01 1.657674407958984375e+01 4.117840576171875000e+01
2.541042423248291016e+02 4.486168098449707031e+01 1.761651229858398438e+01 4.336328506469726562e+01
2.556501350402832031e+02 4.633085823059082031e+01 1.694264984130859375e+01 4.076378250122070312e+01
2.567240791320800781e+02 4.529855918884277344e+01 1.658791351318359375e+01 4.073074722290039062e+01
2.577514519691467285e+02 4.581505012512207031e+01 1.507344341278076172e+01 4.191353225708007812e+01
2.585182757377624512e+02 4.636154556274414062e+01 1.468309116363525391e+01 4.031803894042968750e+01
2.589612054824829102e+02 4.533600234985351562e+01 1.502648735046386719e+01 3.996177673339843750e+01
2.615415515899658203e+02 4.644771957397460938e+01 1.488312911987304688e+01 4.168008422851562500e+01
2.633178939819335938e+02 4.711239814758300781e+01 1.549935150146484375e+01 4.100040817260742188e+01
2.652234501838684082e+02 4.620575523376464844e+01 1.449029445648193359e+01 3.947600173950195312e+01
2.671227869987487793e+02 4.539922714233398438e+01 1.475338840484619141e+01 4.103861999511718750e+01
2.681989264488220215e+02 4.631502342224121094e+01 1.474351215362548828e+01 3.924630355834960938e+01
2.698521389961242676e+02 4.550517463684082031e+01 1.451055812835693359e+01 4.206813430786132812e+01
2.696356782913208008e+02 4.454799461364746094e+01 1.450778007507324219e+01 4.159737014770507812e+01
2.714584765434265137e+02 4.425648117065429688e+01 1.484252262115478516e+01 4.148561859130859375e+01
2.724569473266601562e+02 4.415716934204101562e+01 1.511592102050781250e+01 4.262852478027343750e+01
2.738739686012268066e+02 4.548287773132324219e+01 1.575497722625732422e+01 4.218026351928710938e+01
2.749568328857421875e+02 4.426335334777832031e+01 1.582516479492187500e+01 4.261731338500976562e+01
2.757591414451599121e+02 4.490281105041503906e+01 1.504115772247314453e+01 4.051483535766601562e+01
2.772523403167724609e+02 4.514536476135253906e+01 1.476274490356445312e+01 4.125870132446289062e+01
2.777988996505737305e+02 4.573294830322265625e+01 1.585009193420410156e+01 4.188500976562500000e+01
2.791102590560913086e+02 4.465431785583496094e+01 1.644594001770019531e+01 4.371813583374023438e+01
2.815994687080383301e+02 4.543523216247558594e+01 1.586078548431396484e+01 4.394352340698242188e+01
2.832417659759521484e+02 4.619446372985839844e+01 1.639373397827148438e+01 4.518994522094726562e+01
2.842942590713500977e+02 4.589561462402343750e+01 1.606657981872558594e+01 4.625233459472656250e+01
2.870543870925903320e+02 4.552843666076660156e+01 1.531585502624511719e+01 4.685174942016601562e+01
2.870131916999816895e+02 4.397239685058593750e+01 1.491992092132568359e+01 4.808430480957031250e+01
2.893424010276794434e+02 4.402222442626953125e+01 1.483107471466064453e+01 4.826116943359375000e+01
2.888790798187255859e+02 4.298235321044921875e+01 1.436647415161132812e+01 4.912296295166015625e+01
2.898201389312744141e+02 4.277764320373535156e+01 1.529633712768554688e+01 4.915462875366210938e+01
2.910566940307617188e+02 4.443065834045410156e+01 1.632494354248046875e+01 4.776046371459960938e+01
2.914928350448608398e+02 4.437500572204589844e+01 1.707444953918457031e+01 4.683458328247070312e+01
2.919966573715209961e+02 4.342311096191406250e+01 1.788852882385253906e+01 4.743300628662109375e+01
2.938670568466186523e+02 4.388578414916992188e+01 1.764317512512207031e+01 4.674584960937500000e+01
2.941351728439331055e+02 4.417202568054199219e+01 1.712549781799316406e+01 4.740729904174804688e+01
2.943740243911743164e+02 4.557991790771484375e+01 1.816206932067871094e+01 4.533033752441406250e+01
2.953964309692382812e+02 4.588739967346191406e+01 1.845075225830078125e+01 4.541470718383789062e+01
2.952503671646118164e+02 4.539577293395996094e+01 2.004052543640136719e+01 4.682618331909179688e+01
2.955589733123779297e+02 4.582408905029296875e+01 2.104875564575195312e+01 4.785857391357421875e+01
2.957585172653198242e+02 4.649187469482421875e+01 2.152939796447753906e+01 4.592623138427734375e+01
2.981235752105712891e+02 4.675128746032714844e+01 2.003487777709960938e+01 4.648210525512695312e+01
2.996514997482299805e+02 4.617677497863769531e+01 1.977449989318847656e+01 4.852843856811523438e+01
2.994841852188110352e+02 4.580496597290039062e+01 2.029860496520996094e+01 4.730326843261718750e+01
3.031309642791748047e+02 4.722267532348632812e+01 1.878428268432617188e+01 4.543054199218750000e+01
3.063909521102905273e+02 4.561399078369140625e+01 1.612864875793457031e+01 4.766591644287109375e+01
3.061655511856079102e+02 4.411073875427246094e+01 1.615489768981933594e+01 4.833774185180664062e+01
3.094787378311157227e+02 4.463382530212402344e+01 1.464996910095214844e+01 4.795443344116210938e+01
3.099317660331726074e+02 4.437536430358886719e+01 1.530500888824462891e+01 4.809072494506835938e+01
3.109517478942871094e+02 4.417624473571777344e+01 1.621559906005859375e+01 4.800563430786132812e+01
3.123468742370605469e+02 4.471909332275390625e+01 1.667440032958984375e+01 4.704804992675781250e+01
3.127152175903320312e+02 4.458720016479492188e+01 1.650369262695312500e+01 4.631098937988281250e+01
3.142678079605102539e+02 4.511036872863769531e+01 1.707859611511230469e+01 4.644769668579101562e+01
3.148823976516723633e+02 4.405002784729003906e+01 1.713966178894042969e+01 4.670713424682617188e+01
3.159117937088012695e+02 4.517856979370117188e+01 1.783308982849121094e+01 4.724260711669921875e+01
3.163530454635620117e+02 4.528504753112792969e+01 1.820797157287597656e+01 4.706834793090820312e+01
3.169971361160278320e+02 4.546181678771972656e+01 1.831406974792480469e+01 4.644086074829101562e+01
3.169057807922363281e+02 4.596462821960449219e+01 1.803352355957031250e+01 4.638427352905273438e+01
3.172747144699096680e+02 4.630196762084960938e+01 1.782696723937988281e+01 4.614395141601562500e+01
3.184450006484985352e+02 4.630518722534179688e+01 1.727768516540527344e+01 4.555660247802734375e+01
3.199372940063476562e+02 4.569676971435546875e+01 1.625108337402343750e+01 4.592208099365234375e+01
3.214589147567749023e+02 4.573483276367187500e+01 1.629224586486816406e+01 4.510111236572265625e+01
3.215739078521728516e+02 4.571076583862304688e+01 1.557947158813476562e+01 4.538153076171875000e+01
3.227787470817565918e+02 4.594595527648925781e+01 1.596695041656494141e+01 4.564440536499023438e+01
3.227840867042541504e+02 4.541588401794433594e+01 1.549575328826904297e+01 4.580559921264648438e+01
3.233811645507812500e+02 4.527669525146484375e+01 1.649483489990234375e+01 4.615767669677734375e+01
3.226751508712768555e+02 4.485980033874511719e+01 1.690833473205566406e+01 4.587821578979492188e+01
3.237858705520629883e+02 4.647754859924316406e+01 1.664082908630371094e+01 4.381877517700195312e+01
3.255687236785888672e+02 4.481711578369140625e+01 1.633004379272460938e+01 4.591420745849609375e+01
3.252099819183349609e+02 4.551149559020996094e+01 1.653931045532226562e+01 4.510731124877929688e+01
3.274309253692626953e+02 4.496224784851074219e+01 1.775429153442382812e+01 4.560694503784179688e+01
3.270428228378295898e+02 4.553517913818359375e+01 1.756000709533691406e+01 4.443123626708984375e+01
3.274563856124877930e+02 4.527488899230957031e+01 1.687758827209472656e+01 4.404346084594726562e+01
3.278730459213256836e+02 4.615833091735839844e+01 1.666732978820800781e+01 4.444858932495117188e+01
3.282340993881225586e+02 4.574684524536132812e+01 1.651850318908691406e+01 4.427753448486328125e+01
3.289995813369750977e+02 4.666565132141113281e+01 1.656078910827636719e+01 4.473652267456054688e+01
3.287879238128662109e+02 4.593457221984863281e+01 1.737354660034179688e+01 4.549995803833007812e+01
3.293469657897949219e+02 4.555803489685058594e+01 1.734722137451171875e+01 4.733782577514648438e+01
3.284571790695190430e+02 4.574271583557128906e+01 1.897968482971191406e+01 4.656522750854492188e+01
3.302162141799926758e+02 4.542037391662597656e+01 1.791422080993652344e+01 4.638670730590820312e+01
3.303868637084960938e+02 4.637946319580078125e+01 1.785733032226562500e+01 4.553636169433593750e+01
3.300663623809814453e+02 4.612363815307617188e+01 1.805884933471679688e+01 4.573253631591796875e+01
3.302467164993286133e+02 4.748698234558105469e+01 1.836889457702636719e+01 4.486211776733398438e+01
3.305297241210937500e+02 4.774276161193847656e+01 1.802271270751953125e+01 4.443025588989257812e+01
3.310095691680908203e+02 4.560491180419921875e+01 1.827971267700195312e+01 4.627070617675781250e+01
3.312896347045898438e+02 4.741175842285156250e+01 1.755828857421875000e+01 4.484514617919921875e+01
3.316875076293945312e+02 4.567112350463867188e+01 1.755048370361328125e+01 4.692529296875000000e+01
3.325379438400268555e+02 4.429655456542968750e+01 1.704342079162597656e+01 4.743261718750000000e+01
3.333624897003173828e+02 4.686802864074707031e+01 1.785911178588867188e+01 4.527674484252929688e+01
3.332872610092163086e+02 4.550511932373046875e+01 1.743253517150878906e+01 4.618603515625000000e+01
3.337601480484008789e+02 4.407611656188964844e+01 1.794000816345214844e+01 4.829059982299804688e+01
3.331819772720336914e+02 4.553890419006347656e+01 1.815379142761230469e+01 4.753345108032226562e+01
3.341104354858398438e+02 4.588740158081054688e+01 1.825495910644531250e+01 4.732475280761718750e+01
3.344820585250854492e+02 4.517899513244628906e+01 1.816527748107910156e+01 4.684058761596679688e+01
3.340157499313354492e+02 4.365609741210937500e+01 1.914914131164550781e+01 4.871688842773437500e+01
3.339635276794433594e+02 4.355900573730468750e+01 1.906122589111328125e+01 4.951101684570312500e+01
3.345782413482666016e+02 4.398287200927734375e+01 1.863601303100585938e+01 4.957452392578125000e+01
3.348902015686035156e+02 4.319764900207519531e+01 1.818960571289062500e+01 4.921730422973632812e+01
3.351994705200195312e+02 4.322698974609375000e+01 1.789630126953125000e+01 5.004949188232421875e+01
3.358472881317138672e+02 4.352967834472656250e+01 1.744696426391601562e+01 4.968453216552734375e+01
3.349263801574707031e+02 4.365486717224121094e+01 1.928896331787109375e+01 4.949058914184570312e+01
3.354051084518432617e+02 4.543590927124023438e+01 1.765627479553222656e+01 4.686302185058593750e+01
3.366578140258789062e+02 4.344472503662109375e+01 1.742367553710937500e+01 4.940706634521484375e+01
3.367916145324707031e+02 4.463876342773437500e+01 1.759049987792968750e+01 4.841512298583984375e+01
3.366753673553466797e+02 4.422760200500488281e+01 1.763064956665039062e+01 4.890527725219726562e+01
3.372983369827270508e+02 4.334793281555175781e+01 1.776800346374511719e+01 4.907753372192382812e+01
3.368089437484741211e+02 4.562137794494628906e+01 1.704361915588378906e+01 4.702311325073242188e+01
3.378814067840576172e+02 4.369906234741210938e+01 1.732903671264648438e+01 4.975057220458984375e+01
3.369205675125122070e+02 4.369135856628417969e+01 1.762473869323730469e+01 4.898203659057617188e+01
3.370575933456420898e+02 4.443251419067382812e+01 1.688666725158691406e+01 4.840868377685546875e+01
3.374429082870483398e+02 4.387370109558105469e+01 1.716665077209472656e+01 4.938522720336914062e+01
3.370652751922607422e+02 4.437310981750488281e+01 1.704598617553710938e+01 4.849656295776367188e+01
3.373181314468383789e+02 4.343954849243164062e+01 1.673383140563964844e+01 4.908683776855468750e+01
3.391827402114868164e+02 4.685580444335937500e+01 1.663721275329589844e+01 4.576618194580078125e+01
3.381913242340087891e+02 4.511462211608886719e+01 1.645196151733398438e+01 4.836584854125976562e+01
3.383067674636840820e+02 4.563066673278808594e+01 1.694031333923339844e+01 4.694684219360351562e+01
3.388136377334594727e+02 4.440274238586425781e+01 1.654063224792480469e+01 4.840228652954101562e+01
3.386715536117553711e+02 4.319948959350585938e+01 1.633329963684082031e+01 4.989008331298828125e+01
3.395310201644897461e+02 4.424165534973144531e+01 1.609218788146972656e+01 4.866474533081054688e+01
3.392676091194152832e+02 4.394264793395996094e+01 1.571950435638427734e+01 4.907175064086914062e+01
3.399712123870849609e+02 4.690143394470214844e+01 1.619166183471679688e+01 4.671833419799804688e+01
3.397277059555053711e+02 4.546008872985839844e+01 1.542815589904785156e+01 4.742721176147460938e+01
3.404911007881164551e+02 4.565880393981933594e+01 1.576406002044677734e+01 4.740271377563476562e+01
3.412832903861999512e+02 4.722133636474609375e+01 1.559140110015869141e+01 4.588356018066406250e+01
3.404798083305358887e+02 4.586617279052734375e+01 1.599116611480712891e+01 4.739419555664062500e+01
3.414400482177734375e+02 4.780164718627929688e+01 1.598757171630859375e+01 4.486320495605468750e+01
3.420003528594970703e+02 4.711151504516601562e+01 1.601303482055664062e+01 4.604750823974609375e+01
3.414573230743408203e+02 4.637861633300781250e+01 1.661515426635742188e+01 4.508071899414062500e+01
3.416724586486816406e+02 4.619952011108398438e+01 1.600447845458984375e+01 4.596268463134765625e+01
3.427232627868652344e+02 4.613118743896484375e+01 1.603172302246093750e+01 4.641300201416015625e+01
3.421340789794921875e+02 4.754238891601562500e+01 1.586374664306640625e+01 4.470114135742187500e+01
3.423660230636596680e+02 4.742510986328125000e+01 1.666261482238769531e+01 4.542600250244140625e+01
3.430266199111938477e+02 4.633445167541503906e+01 1.679045677185058594e+01 4.528351974487304688e+01
3.431406450271606445e+02 4.851782417297363281e+01 1.646930503845214844e+01 4.369202041625976562e+01
3.433126020431518555e+02 4.674567985534667969e+01 1.710968971252441406e+01 4.663441848754882812e+01
3.436321363449096680e+02 4.639638137817382812e+01 1.669605445861816406e+01 4.566032409667968750e+01
3.444117040634155273e+02 4.721698951721191406e+01 1.676525306701660156e+01 4.529813766479492188e+01
3.445764007568359375e+02 4.802497673034667969e+01 1.689098358154296875e+01 4.457332992553710938e+01
3.445205640792846680e+02 4.730268669128417969e+01 1.716878700256347656e+01 4.546499252319335938e+01
3.442858076095581055e+02 4.769551467895507812e+01 1.815031623840332031e+01 4.490507507324218750e+01
3.448784942626953125e+02 4.755571746826171875e+01 1.888883972167968750e+01 4.494041442871093750e+01
3.460411663055419922e+02 4.967950820922851562e+01 1.810807418823242188e+01 4.239852142333984375e+01
3.470027208328247070e+02 5.066924095153808594e+01 1.771327781677246094e+01 4.119430923461914062e+01
3.488115367889404297e+02 4.954800605773925781e+01 1.841090011596679688e+01 4.240146255493164062e+01
3.499400148391723633e+02 5.033542442321777344e+01 1.671188926696777344e+01 4.159092330932617188e+01
3.511786012649536133e+02 5.158356475830078125e+01 1.890944480895996094e+01 4.068762207031250000e+01
3.544083738327026367e+02 5.092109107971191406e+01 1.606266975402832031e+01 4.156843948364257812e+01
3.563077096939086914e+02 5.096512413024902344e+01 1.607993888854980469e+01 4.085568618774414062e+01
3.564393024444580078e+02 4.980385589599609375e+01 1.561839675903320312e+01 4.282703399658203125e+01
3.558205776214599609e+02 5.085518646240234375e+01 1.642989730834960938e+01 4.156198120117187500e+01
3.566922616958618164e+02 4.945979118347167969e+01 1.657085227966308594e+01 4.258980941772460938e+01
3.582281236648559570e+02 5.043931579589843750e+01 1.640852928161621094e+01 4.195092773437500000e+01
3.593662056922912598e+02 5.144271469116210938e+01 1.475486278533935547e+01 4.083036041259765625e+01
3.603346920013427734e+02 5.167602729797363281e+01 1.475394821166992188e+01 4.064378738403320312e+01
3.610834574699401855e+02 5.265433883666992188e+01 1.386428165435791016e+01 3.861620330810546875e+01
3.623973217010498047e+02 5.347852516174316406e+01 1.353526687622070312e+01 3.551378250122070312e+01
3.634954414367675781e+02 5.230574035644531250e+01 1.377131652832031250e+01 3.740599060058593750e+01
3.635139751434326172e+02 5.265889549255371094e+01 1.381943893432617188e+01 3.749311447143554688e+01
3.649653959274291992e+02 5.508731079101562500e+01 1.394065284729003906e+01 3.555518341064453125e+01
3.656459937095642090e+02 5.204953384399414062e+01 1.448968219757080078e+01 4.015911865234375000e+01
3.664483532905578613e+02 5.191968154907226562e+01 1.461558437347412109e+01 4.067601776123046875e+01
3.669514865875244141e+02 5.235710716247558594e+01 1.609859085083007812e+01 3.765063095092773438e+01
3.711213006973266602e+02 5.022550010681152344e+01 2.000357627868652344e+01 4.106727981567382812e+01
3.684261121749877930e+02 5.121518516540527344e+01 1.882837867736816406e+01 4.277028274536132812e+01
3.687047538757324219e+02 4.654625511169433594e+01 1.787979888916015625e+01 4.569990921020507812e+01
3.764549427032470703e+02 4.830378150939941406e+01 2.633942794799804688e+01 4.784825515747070312e+01
3.768894491195678711e+02 4.645822143554687500e+01 2.220804023742675781e+01 4.922275543212890625e+01
3.783897361755371094e+02 4.543377685546875000e+01 2.353426361083984375e+01 4.936264801025390625e+01
3.703858747482299805e+02 4.766991615295410156e+01 2.121046638488769531e+01 4.682933425903320312e+01
3.704142742156982422e+02 5.285108947753906250e+01 2.341090011596679688e+01 4.078488922119140625e+01
3.731478090286254883e+02 5.316794586181640625e+01 1.766760826110839844e+01 3.808007812500000000e+01
3.759696617126464844e+02 5.227562141418457031e+01 1.696134185791015625e+01 3.617828750610351562e+01
3.744667119979858398e+02 4.917914009094238281e+01 1.692663002014160156e+01 4.315995407104492188e+01
3.774345493316650391e+02 4.879900741577148438e+01 2.437560653686523438e+01 4.493877410888671875e+01
3.726506862640380859e+02 4.993545913696289062e+01 1.833155441284179688e+01 4.376491546630859375e+01
3.743920078277587891e+02 5.029562759399414062e+01 1.620325088500976562e+01 4.190756988525390625e+01
3.771405048370361328e+02 4.975916862487792969e+01 1.690078353881835938e+01 4.015336990356445312e+01
3.740119032859802246e+02 5.153321647644042969e+01 1.519511127471923828e+01 4.475786972045898438e+01
3.754252071380615234e+02 5.092592430114746094e+01 1.647963333129882812e+01 4.364033889770507812e+01
3.730290937423706055e+02 4.971718215942382812e+01 1.817221260070800781e+01 4.309526062011718750e+01
3.767258663177490234e+02 4.631539154052734375e+01 3.093383407592773438e+01 5.125746154785156250e+01
3.726185531616210938e+02 4.356121826171875000e+01 4.483510589599609375e+01 4.906288146972656250e+01
3.753410720825195312e+02 4.249745750427246094e+01 3.798165130615234375e+01 5.906891250610351562e+01
3.744406089782714844e+02 4.178783798217773438e+01 3.991658020019531250e+01 5.882051849365234375e+01
3.748585720062255859e+02 4.435695457458496094e+01 5.141691207885742188e+01 5.897247695922851562e+01
3.778384227752685547e+02 4.131887435913087359e+01 4.146020126342773438e+01 6.226908111572265625e+01
3.775568408966064453e+02 3.774226188659669390e+01 4.576674270629882812e+01 6.346666336059570312e+01
3.704534683227539062e+02 4.930102920532227984e+01 2.817694854736328125e+01 5.405957794189453125e+01
3.667429313659667969e+02 4.669007682800294390e+01 2.344813537597656250e+01 4.836253738403320312e+01
3.642650928497314453e+02 3.798483467102052202e+01 3.925091934204101562e+01 5.519626998901367188e+01
3.614441242218017578e+02 3.623053932189942827e+01 5.124310684204101562e+01 5.922901535034179688e+01
3.577261409759521484e+02 3.965804672241213780e+01 4.432932662963867188e+01 5.236542510986328125e+01
3.630386333465576172e+02 4.493245506286623936e+01 2.529789352416992188e+01 4.989938735961914062e+01
3.660983457565307617e+02 5.070080566406252842e+01 1.999171638488769531e+01 4.291383361816406250e+01
3.631277341842651367e+02 4.812323379516604405e+01 2.235686683654785156e+01 4.225921630859375000e+01
3.571488285064697266e+02 4.639811134338381748e+01 2.924096298217773438e+01 4.262222671508789062e+01
3.649333801269531250e+02 4.272402000427248936e+01 3.840653991699218750e+01 4.832065963745117188e+01
3.615342044830322266e+02 3.953005981445315342e+01 4.646996688842773438e+01 5.680381011962890625e+01
3.612949562072753906e+02 4.236662864685060015e+01 4.533000946044921875e+01 5.387902450561523438e+01
3.794482917785644531e+02 4.731656837463381748e+01 4.593007659912109375e+01 5.476561355590820312e+01
3.627987766265869141e+02 4.356413459777834873e+01 3.265143966674804688e+01 5.423263931274414062e+01
3.600580863952636719e+02 4.949863243103030186e+01 2.339376068115234375e+01 4.609644699096679688e+01
3.637377791404724121e+02 5.560689163208010655e+01 1.452044391632080078e+01 3.571762084960937500e+01
3.636679453849792480e+02 5.572270584106448155e+01 1.287169742584228516e+01 3.736814880371093750e+01
3.623057289123535156e+02 5.477914810180666905e+01 1.367219543457031250e+01 3.855377197265625000e+01
3.625186567306518555e+02 5.395235824584963780e+01 1.296702766418457031e+01 3.918130493164062500e+01
3.621286873817443848e+02 5.344941329956057530e+01 1.333368206024169922e+01 3.928855133056640625e+01
3.611653261184692383e+02 5.253038978576662998e+01 1.424559593200683594e+01 4.066718673706054688e+01
3.607457523345947266e+02 5.249186515808108311e+01 1.411658096313476562e+01 4.087398910522460938e+01
3.609785227775573730e+02 5.300859642028811436e+01 1.382142734527587891e+01 4.111613082885742188e+01
3.593854665756225586e+02 5.207051658630373936e+01 1.431031990051269531e+01 4.130749893188476562e+01
3.582034626007080078e+02 5.142426300048830967e+01 1.423601913452148438e+01 4.197864532470703125e+01
3.588540029525756836e+02 5.261793708801272373e+01 1.384611701965332031e+01 4.092628097534179688e+01
3.575627465248107910e+02 4.968970489501955967e+01 1.367228221893310547e+01 4.350540161132812500e+01
3.572996211051940918e+02 5.146825218200686436e+01 1.460762882232666016e+01 4.196387100219726562e+01
3.547535538673400879e+02 5.107745170593264561e+01 1.494179058074951172e+01 4.291831588745117188e+01
3.551405110359191895e+02 4.969778442382815342e+01 1.488490200042724609e+01 4.343634796142578125e+01
3.541678824424743652e+02 5.114313316345217686e+01 1.520557880401611328e+01 4.237200546264648438e+01
3.535738120079040527e+02 5.086330986022952061e+01 1.505492877960205078e+01 4.252171707153320312e+01
3.532609100341796875e+02 5.018405151367190342e+01 1.521533966064453125e+01 4.297901153564453125e+01
3.532173871994018555e+02 4.993013000488284092e+01 1.546904182434082031e+01 4.302002716064453125e+01
3.530670747756958008e+02 5.111386299133303623e+01 1.468259239196777344e+01 4.164455032348632812e+01
3.514597830772399902e+02 5.048604011535647373e+01 1.525440692901611328e+01 4.290044021606445312e+01
3.514769468307495117e+02 5.118749046325686436e+01 1.467961311340332031e+01 4.161658859252929688e+01
3.497585830688476562e+02 5.020188903808596592e+01 1.618484497070312500e+01 4.323973846435546875e+01
3.475034408569335938e+02 4.908103370666506748e+01 1.757286071777343750e+01 4.322687911987304688e+01
3.471926965713500977e+02 4.966930580139162998e+01 1.685064506530761719e+01 4.168796920776367188e+01
3.461383152008056641e+02 4.863688468933108311e+01 1.746176528930664062e+01 4.257825088500976562e+01
3.456019306182861328e+02 4.938102531433108311e+01 1.690478897094726562e+01 4.062290573120117188e+01
3.447498598098754883e+02 4.909322166442873936e+01 1.716472434997558594e+01 4.304182815551757812e+01
3.441650123596191406e+02 4.891500473022463780e+01 1.685856628417968750e+01 4.201723480224609375e+01
3.440249271392822266e+02 4.988433265686037998e+01 1.672914505004882812e+01 4.279252243041992188e+01
3.433560581207275391e+02 4.961142158508303623e+01 1.664123916625976562e+01 4.289151382446289062e+01
3.421269254684448242e+02 4.817326164245608311e+01 1.644718360900878906e+01 4.360721206665039062e+01
3.418205480575561523e+02 4.932418823242190342e+01 1.599402809143066406e+01 4.147294616699218750e+01
3.402504434585571289e+02 4.809345626831057530e+01 1.619927787780761719e+01 4.380130767822265625e+01
3.394557628631591797e+02 4.904485893249514561e+01 1.634256362915039062e+01 4.347661209106445312e+01
3.389406108856201172e+02 4.860738945007327061e+01 1.667796707153320312e+01 4.296303176879882812e+01
3.383027734756469727e+02 4.839608955383303623e+01 1.738596916198730469e+01 4.361327743530273438e+01
3.383247461318969727e+02 4.809581565856936436e+01 1.715399742126464844e+01 4.302809524536132812e+01
3.378879499435424805e+02 4.820075607299807530e+01 1.680314826965332031e+01 4.422473907470703125e+01
3.372205696105957031e+02 4.888110160827639561e+01 1.704055786132812500e+01 4.280200576782226562e+01
3.364486913681030273e+02 4.813334465026858311e+01 1.687999153137207031e+01 4.220303726196289062e+01
3.362277898788452148e+02 4.822517967224123936e+01 1.675496101379394531e+01 4.345499801635742188e+01
3.353088264465332031e+02 4.854617881774905186e+01 1.688678741455078125e+01 4.320405197143554688e+01
3.353492431640625000e+02 4.736970901489260655e+01 1.723335266113281250e+01 4.431095123291015625e+01
3.353515729904174805e+02 4.785846900939944248e+01 1.683986854553222656e+01 4.395122909545898438e+01
3.341903333663940430e+02 4.883932304382327061e+01 1.631201362609863281e+01 4.317825698852539062e+01
3.334925775527954102e+02 4.702724647521975498e+01 1.704163932800292969e+01 4.536700057983398438e+01
3.334250650405883789e+02 4.721184349060061436e+01 1.678886985778808594e+01 4.470692062377929688e+01
3.328905706405639648e+02 4.774954605102541905e+01 1.645609474182128906e+01 4.366242218017578125e+01
3.327047662734985352e+02 4.708977699279787998e+01 1.701067924499511719e+01 4.483631515502929688e+01
3.319375667572021484e+02 4.759178352355959873e+01 1.734894943237304688e+01 4.368512344360351562e+01
3.327682857513427734e+02 4.628778457641604405e+01 1.673378372192382812e+01 4.568088531494140625e+01
3.317234296798706055e+02 4.624283599853518467e+01 1.677533149719238281e+01 4.529901123046875000e+01
3.314878520965576172e+02 4.699929428100588780e+01 1.652132797241210938e+01 4.470272827148437500e+01
3.315960788726806641e+02 4.593226432800295811e+01 1.621123886108398438e+01 4.528197860717773438e+01
3.309510421752929688e+02 4.671194648742678623e+01 1.620153808593750000e+01 4.394441604614257812e+01
3.298029699325561523e+02 4.648556137084963780e+01 1.696090888977050781e+01 4.312895202636718750e+01
3.293385581970214844e+02 4.577753829956057530e+01 1.613293457031250000e+01 4.335802459716796875e+01
3.290197620391845703e+02 4.673104858398440342e+01 1.646884536743164062e+01 4.444802856445312500e+01
3.270220432281494141e+02 4.579632949829104405e+01 1.691528701782226562e+01 4.541408538818359375e+01
3.250295629501342773e+02 4.497134017944338780e+01 1.819764900207519531e+01 4.611669921875000000e+01
3.253760004043579102e+02 4.549139213562014561e+01 1.758228111267089844e+01 4.572678756713867188e+01
3.252496643066406250e+02 4.654453086853030186e+01 1.726719665527343750e+01 4.571492385864257812e+01
3.236576042175292969e+02 4.435548782348635655e+01 1.763394927978515625e+01 4.810060119628906250e+01
3.232460241317749023e+02 4.513044738769534092e+01 1.792643928527832031e+01 4.615840148925781250e+01
3.223494834899902344e+02 4.588601303100588780e+01 1.853504180908203125e+01 4.543618774414062500e+01
3.208046808242797852e+02 4.630832672119143467e+01 2.006456565856933594e+01 4.470043945312500000e+01
3.182337312698364258e+02 4.660555648803713780e+01 2.141412162780761719e+01 4.354618835449218750e+01
3.182547626495361328e+02 4.639163780212405186e+01 2.103864669799804688e+01 4.494734573364257812e+01
3.164868927001953125e+02 4.648298454284670811e+01 2.184983825683593750e+01 4.411966323852539062e+01
3.146813516616821289e+02 4.719776344299319248e+01 2.359773826599121094e+01 4.383472824096679688e+01
3.142335958480834961e+02 4.564866065979006748e+01 2.069761848449707031e+01 4.540343856811523438e+01
3.140749988555908203e+02 4.578953552246096592e+01 1.688592910766601562e+01 4.700437927246093750e+01
3.137071456909179688e+02 4.559164810180666905e+01 1.629882812500000000e+01 4.671088409423828125e+01
3.126375527381896973e+02 4.644182586669924717e+01 1.547448253631591797e+01 4.581281280517578125e+01
3.104230132102966309e+02 4.514357376098635655e+01 1.589655780792236328e+01 4.626197052001953125e+01
3.095003151893615723e+02 4.489976882934573155e+01 1.557057476043701172e+01 4.682883453369140625e+01
3.083016738891601562e+02 4.433598899841311436e+01 1.612675476074218750e+01 4.697016525268554688e+01
3.070810232162475586e+02 4.643039131164553623e+01 1.618202400207519531e+01 4.503828811645507812e+01
3.053666524887084961e+02 4.453338432312014561e+01 1.658345222473144531e+01 4.618173599243164062e+01
3.039087123870849609e+02 4.546784591674807530e+01 1.690496444702148438e+01 4.622906494140625000e+01
3.030625619888305664e+02 4.497237586975100498e+01 1.683101463317871094e+01 4.663928604125976562e+01
3.010453777313232422e+02 4.499349975585940342e+01 1.793896102905273438e+01 4.732883453369140625e+01
2.988019618988037109e+02 4.575829696655276280e+01 1.932938766479492188e+01 4.676596069335937500e+01
2.981128110885620117e+02 4.465882492065432530e+01 1.987854957580566406e+01 4.811313629150390625e+01
2.968814697265625000e+02 4.511225318908694248e+01 2.059365844726562500e+01 4.692197036743164062e+01
2.953997278213500977e+02 4.489654159545901280e+01 2.050223350524902344e+01 4.774221801757812500e+01
2.935526771545410156e+02 4.393528556823733311e+01 2.161027526855468750e+01 4.891201400756835938e+01
2.933040599822998047e+02 4.553582382202151280e+01 1.917948532104492188e+01 4.685421752929687500e+01
2.916674861907958984e+02 4.545302963256838780e+01 1.852598953247070312e+01 4.776623535156250000e+01
2.912000331878662109e+02 4.317610359191897373e+01 1.634399795532226562e+01 4.904484176635742188e+01
2.902401895523071289e+02 4.415580558776858311e+01 1.535719108581542969e+01 4.710460281372070312e+01
2.891019358634948730e+02 4.338420677185061436e+01 1.599265384674072266e+01 4.814700698852539062e+01
2.872080888748168945e+02 4.350408554077151280e+01 1.607979393005371094e+01 4.846514892578125000e+01
2.873577985763549805e+02 4.262329292297366123e+01 1.548024940490722656e+01 4.947422409057617188e+01
2.854540081024169922e+02 4.405766105651858311e+01 1.554152297973632812e+01 4.804400253295898438e+01
2.851907606124877930e+02 4.400232505798342686e+01 1.596057319641113281e+01 4.812328720092773438e+01
2.821266260147094727e+02 4.301415443420412998e+01 1.730154991149902344e+01 4.849211502075195312e+01
2.816348838806152344e+02 4.533100891113284092e+01 1.787701416015625000e+01 4.690016937255859375e+01
2.791191492080688477e+02 4.426342010498049717e+01 1.864084434509277344e+01 4.731297302246093750e+01
2.783743610382080078e+02 4.615522193908694248e+01 1.890462875366210938e+01 4.519881820678710938e+01
2.778231105804443359e+02 4.676866722106936436e+01 1.701498031616210938e+01 4.412687301635742188e+01
2.760967369079589844e+02 4.514825630187991123e+01 1.779149627685546875e+01 4.537181472778320312e+01
2.752260656356811523e+02 4.648709106445315342e+01 1.731768226623535156e+01 4.313636016845703125e+01
2.738333072662353516e+02 4.703942298889162998e+01 1.689254379272460938e+01 4.295827865600585938e+01
2.720722880363464355e+02 4.569886970520022373e+01 1.556089878082275391e+01 4.260332870483398438e+01
2.706859173774719238e+02 4.580397415161135655e+01 1.594163417816162109e+01 4.111734771728515625e+01
2.687597513198852539e+02 4.589258193969729405e+01 1.550926017761230469e+01 4.139137268066406250e+01
2.673716912269592285e+02 4.550020217895510655e+01 1.554449748992919922e+01 4.160362243652343750e+01
2.675369691848754883e+02 4.649827384948733311e+01 1.525192832946777344e+01 4.214344406127929688e+01
2.662410292625427246e+02 4.461788940429690342e+01 1.407396411895751953e+01 4.183045196533203125e+01
2.651063699722290039e+02 4.503094673156741123e+01 1.429487419128417969e+01 4.015615463256835938e+01
2.631590299606323242e+02 4.510409164428713780e+01 1.472087287902832031e+01 4.040987396240234375e+01
2.590846786499023438e+02 4.532843208312991123e+01 1.649514007568359375e+01 4.108510971069335938e+01
2.595944595336914062e+02 4.495771789550784092e+01 1.554335021972656250e+01 4.268385314941406250e+01
2.590173482894897461e+02 4.437494659423830967e+01 1.557038307189941406e+01 4.452749633789062500e+01
2.564518871307373047e+02 4.417452239990237217e+01 1.650822830200195312e+01 4.301392364501953125e+01
2.577176790237426758e+02 4.554085159301760655e+01 1.454196739196777344e+01 4.245570373535156250e+01
2.559723978042602539e+02 4.442799377441409092e+01 1.473256492614746094e+01 4.262181091308593750e+01
2.543152885437011719e+02 4.541362571716311436e+01 1.511350250244140625e+01 4.281608963012695312e+01
2.542848305702209473e+02 4.392573738098147373e+01 1.459621715545654297e+01 4.497542190551757812e+01
2.522490320205688477e+02 4.491497039794924717e+01 1.591918754577636719e+01 4.348654937744140625e+01
2.505091333389282227e+02 4.413582420349123936e+01 1.550816154479980469e+01 4.418844985961914062e+01
2.485525045394897461e+02 4.370931625366213780e+01 1.487186622619628906e+01 4.551644897460937500e+01
2.481353492736816406e+02 4.260157585144045811e+01 1.530694580078125000e+01 4.638709640502929688e+01
2.471966452598571777e+02 4.446438789367678623e+01 1.541426563262939453e+01 4.457730484008789062e+01
2.461799302101135254e+02 4.356204605102541905e+01 1.559182262420654297e+01 4.558395385742187500e+01
2.466493587493896484e+02 4.278224182128909092e+01 1.597703933715820312e+01 4.587390899658203125e+01
2.444586400985717773e+02 4.495205879211428623e+01 1.565584754943847656e+01 4.329503250122070312e+01
2.426676120758056641e+02 4.553988456726077061e+01 1.608358383178710938e+01 4.184280776977539062e+01
2.413480567932128906e+02 4.363830947875979405e+01 1.640415191650390625e+01 4.434969329833984375e+01
2.405012307167053223e+02 4.347573661804202061e+01 1.571633434295654297e+01 4.353551101684570312e+01
2.388967885971069336e+02 4.399689292907717686e+01 1.635399055480957031e+01 4.331850051879882812e+01
2.375556030273437500e+02 4.333929061889651280e+01 1.666445922851562500e+01 4.497312927246093750e+01
2.351628799438476562e+02 4.162634277343752842e+01 1.841004180908203125e+01 4.607292175292968750e+01
2.352002868652343750e+02 4.039962005615237217e+01 1.807838439941406250e+01 4.826440429687500000e+01
2.338525724411010742e+02 4.576981353759768467e+01 1.898778724670410156e+01 4.189723968505859375e+01
2.321987810134887695e+02 4.566913414001467686e+01 1.924763298034667969e+01 4.330398941040039062e+01
2.311533517837524414e+02 4.276762962341311436e+01 1.963455009460449219e+01 4.578358840942382812e+01
2.293904819488525391e+02 3.987133979797366123e+01 2.121745681762695312e+01 4.958639144897460938e+01
2.289257993698120117e+02 4.142342185974123936e+01 2.062805366516113281e+01 4.788078689575195312e+01
2.282908983230590820e+02 4.283983039855959873e+01 1.967075920104980469e+01 4.697620010375976562e+01
2.266885356903076172e+02 4.154281806945803623e+01 1.907269668579101562e+01 4.776870346069335938e+01
2.253265733718872070e+02 4.098981094360354405e+01 1.743080711364746094e+01 4.758650970458984375e+01
2.242706146240234375e+02 4.083489799499514561e+01 1.791056823730468750e+01 4.794826126098632812e+01
2.220556783676147461e+02 3.997862052917483311e+01 1.873293495178222656e+01 4.859501266479492188e+01
2.222903814315795898e+02 4.036358833312991123e+01 1.698074531555175781e+01 4.720648574829101562e+01
2.210370597839355469e+02 4.098092079162600498e+01 1.686314392089843750e+01 4.603559494018554688e+01
2.202197360992431641e+02 3.943229103088381748e+01 1.705922317504882812e+01 4.882472610473632812e+01
2.173997449874877930e+02 3.957045364379885655e+01 1.792389869689941406e+01 4.616635894775390625e+01
2.179232587814331055e+02 4.078125953674319248e+01 1.683413887023925781e+01 4.520593643188476562e+01
2.144351387023925781e+02 3.998665428161623936e+01 1.888435363769531250e+01 4.764613723754882812e+01
2.138623495101928711e+02 3.786244392395022373e+01 1.870028114318847656e+01 5.027353286743164062e+01
2.134208793640136719e+02 3.948294448852541905e+01 1.821162414550781250e+01 4.957488250732421875e+01
2.133423833847045898e+02 3.759318351745608311e+01 1.741083717346191406e+01 5.102006912231445312e+01
2.123646841049194336e+02 3.974717712402346592e+01 1.812880134582519531e+01 4.900980377197265625e+01
2.107358770370483398e+02 3.940116500854495030e+01 1.950214576721191406e+01 4.944082641601562500e+01
2.104076519012451172e+02 3.828344345092776280e+01 1.928445816040039062e+01 4.954379272460937500e+01
2.102157974243164062e+02 3.741445159912112217e+01 1.912525939941406250e+01 5.125702667236328125e+01
2.091059532165527344e+02 3.906512641906741123e+01 1.802777862548828125e+01 4.773877334594726562e+01
2.077991323471069336e+02 3.974674415588381748e+01 1.767229652404785156e+01 4.975126266479492188e+01
2.067427673339843750e+02 4.021639251708987217e+01 1.801488494873046875e+01 4.830461883544921875e+01
2.047320222854614258e+02 4.060349464416506748e+01 1.857808494567871094e+01 4.797092819213867188e+01
2.030562028884887695e+02 4.015598106384280186e+01 1.779410362243652344e+01 4.609830093383789062e+01
2.021726999282836914e+02 3.982614517211916905e+01 1.626933860778808594e+01 4.844943237304687500e+01
2.001625280380249023e+02 3.835790443420412998e+01 1.609713935852050781e+01 4.772621536254882812e+01
1.985996007919311523e+02 3.916576194763186436e+01 1.683771705627441406e+01 4.631805801391601562e+01
1.968734188079833984e+02 4.031270408630373936e+01 1.679939651489257812e+01 4.636982345581054688e+01
1.955890035629272461e+02 3.974291419982912998e+01 1.722495460510253906e+01 4.709286117553710938e+01
1.938968095779418945e+02 3.928935241699221592e+01 1.780923271179199219e+01 4.744847869873046875e+01
1.933004465103149414e+02 3.825271415710452771e+01 1.763960838317871094e+01 4.805694961547850852e+01
1.915963964462280273e+02 3.936237335205081678e+01 1.840135383605957031e+01 4.663251495361327414e+01
1.897959794998168945e+02 3.840524864196780186e+01 1.944520378112792969e+01 4.926198196411132812e+01
1.881708803176879883e+02 3.967543411254885655e+01 1.992022514343261719e+01 4.705651092529296875e+01
1.867525167465209961e+02 3.943672561645511365e+01 2.099520301818847656e+01 4.786810302734374289e+01
1.855317564010620117e+02 3.971883010864260655e+01 2.075574684143066406e+01 4.639983367919921875e+01
1.852550077438354492e+02 3.976077842712405186e+01 2.062991523742675781e+01 4.827085494995117188e+01
1.826807661056518555e+02 3.931906127929690342e+01 2.096896553039550781e+01 4.713938903808593750e+01
1.827935228347778320e+02 3.799885749816897373e+01 1.955548667907714844e+01 4.909579849243164062e+01
1.815949010848999023e+02 3.778081893920901280e+01 1.804342842102050781e+01 4.726455688476562500e+01
1.816062717437744141e+02 3.746746253967288709e+01 1.806137466430664062e+01 4.915653610229491477e+01
1.796780338287353516e+02 3.715154838562014561e+01 1.868865585327148438e+01 5.043224716186523438e+01
1.789126434326171875e+02 3.642684173583987928e+01 1.781950378417968750e+01 4.967794799804686789e+01
1.780052165985107422e+02 3.631355094909670811e+01 1.838984298706054688e+01 5.070011520385742188e+01
1.779265079498291016e+02 3.613171386718753553e+01 1.733752822875976562e+01 5.153467559814452414e+01
1.770212926864624023e+02 3.604713058471682530e+01 1.752107429504394531e+01 5.024436950683593750e+01
1.770937709808349609e+02 3.592971038818362217e+01 1.736833572387695312e+01 5.045070648193359375e+01
1.763615846633911133e+02 3.596581649780276280e+01 1.751627922058105469e+01 5.014961242675781250e+01
1.753616142272949219e+02 3.626821136474612217e+01 1.694028472900390625e+01 4.929832458496093750e+01
1.749899826049804688e+02 3.681642532348635655e+01 1.691477966308593750e+01 4.919469451904296875e+01
1.749719295501708984e+02 3.776080322265627842e+01 1.697815322875976562e+01 4.893354034423828125e+01
1.745902843475341797e+02 3.683596038818362217e+01 1.701354598999023438e+01 4.985216522216796875e+01
1.733088464736938477e+02 3.780039978027347303e+01 1.720678520202636719e+01 4.856070709228514914e+01
1.723820276260375977e+02 3.610929489135745030e+01 1.735050010681152344e+01 4.986345672607421875e+01
1.722691831588745117e+02 3.613886642456057530e+01 1.721420478820800781e+01 5.016492462158203125e+01
1.714442405700683594e+02 3.634676170349123936e+01 1.728958129882812500e+01 4.985490036010742188e+01
1.709341144561767578e+02 3.559914970397952061e+01 1.776705551147460938e+01 5.029681015014648438e+01
1.702690887451171875e+02 3.489146423339846592e+01 1.788614654541015625e+01 5.073725891113281250e+01
1.699670677185058594e+02 3.474437332153323155e+01 1.792845153808593750e+01 5.144024658203125000e+01
1.699812173843383789e+02 3.523389053344729405e+01 1.786162376403808594e+01 5.155023956298828125e+01
1.696616268157958984e+02 3.508526611328127842e+01 1.836151504516601562e+01 5.021420288085937500e+01
1.693746013641357422e+02 3.468743324279787998e+01 1.808612442016601562e+01 5.081959152221679688e+01
1.694851379394531250e+02 3.437057495117190342e+01 1.839025878906250000e+01 5.126172637939453125e+01
1.687805433273315430e+02 3.382489967346194959e+01 1.880130958557128906e+01 5.140472030639647727e+01
1.678808526992797852e+02 3.417705917358401280e+01 1.875256156921386719e+01 5.127766418457031250e+01
1.678607387542724609e+02 3.413066482543948155e+01 1.844825363159179688e+01 5.188149261474609375e+01
1.670486688613891602e+02 3.410369682312014561e+01 1.946755790710449219e+01 5.152563858032226562e+01
1.674518280029296875e+02 3.345526123046877842e+01 1.917124938964843750e+01 5.240032958984375000e+01
1.663437004089355469e+02 3.382821655273440342e+01 1.909944152832031250e+01 5.155813598632812500e+01
1.663899059295654297e+02 3.288894844055178623e+01 1.894804763793945312e+01 5.227777481079101562e+01
1.659827127456665039e+02 3.290471649169924717e+01 1.913408470153808594e+01 5.273341369628906250e+01
1.653461160659790039e+02 3.361010742187502842e+01 1.897772026062011719e+01 5.245904541015625000e+01
1.658739891052246094e+02 3.299881172180178623e+01 1.894452667236328125e+01 5.323656082153320312e+01
1.655718383789062500e+02 3.202743148803713780e+01 1.893527221679687500e+01 5.307228088378906250e+01
1.648380279541015625e+02 3.229393386840823155e+01 1.802452087402343750e+01 5.305046081542968750e+01
1.646433887481689453e+02 3.253323554992678623e+01 1.764028549194335938e+01 5.221395492553710938e+01
