1.560000000000000000e+02 3.800000000000000000e+01 1.700000000000000000e+01 5.000000000000000000e+01
1.561459121704101562e+02 3.796423912048340554e+01 1.720306396484375000e+01 5.028513717651366477e+01
1.565033473968505859e+02 3.766361618041992188e+01 1.736155319213867188e+01 5.006207275390625000e+01
1.572405405044555664e+02 3.719672393798828125e+01 1.729781913757324219e+01 5.005752563476562500e+01
1.576967000961303711e+02 3.763425827026367188e+01 1.765331459045410156e+01 5.042934417724609375e+01
1.578098497390747070e+02 3.751459121704101562e+01 1.721491813659667969e+01 5.026959228515625000e+01
1.590584793090820312e+02 3.720010185241699219e+01 1.795965576171875000e+01 5.011907577514648438e+01
1.591337728500366211e+02 3.791329383850097656e+01 1.728281593322753906e+01 4.900211715698242188e+01
1.602798681259155273e+02 3.805285263061524148e+01 1.823721504211425781e+01 4.879935455322264914e+01
1.605924377441406250e+02 3.896326065063476562e+01 1.806790161132812500e+01 4.822427368164062500e+01
1.617733554840087891e+02 3.774207878112792969e+01 1.857382583618164062e+01 4.954419326782226562e+01
1.632799510955810547e+02 3.804122924804687500e+01 1.822323226928710938e+01 4.881390380859375000e+01
1.636970939636230469e+02 3.911249542236328125e+01 1.910005950927734375e+01 4.867385101318359375e+01
1.644163990020751953e+02 3.869117546081542969e+01 1.828018569946289062e+01 4.912345504760742188e+01
1.635505371093750000e+02 3.861864852905273438e+01 2.003072357177734375e+01 4.825570678710937500e+01
1.653004255294799805e+02 3.851462936401367188e+01 1.943667793273925781e+01 4.886001586914062500e+01
1.677773227691650391e+02 3.756688117980957031e+01 1.910982131958007812e+01 4.966700363159179688e+01
1.710218915939331055e+02 3.811447715759277344e+01 1.634173011779785156e+01 4.894546890258789062e+01
1.717210655212402344e+02 3.657505798339843750e+01 1.767801666259765625e+01 5.033248901367187500e+01
1.731431903839111328e+02 3.677993583679199219e+01 1.757551956176757812e+01 5.093162155151367188e+01
1.743046722412109375e+02 3.729645919799804688e+01 1.810388946533203125e+01 5.093211364746093750e+01
1.753022308349609375e+02 3.622142982482910156e+01 1.892148590087890625e+01 5.165189743041992188e+01
1.767569971084594727e+02 3.711698532104492188e+01 1.801683616638183594e+01 5.311875152587890625e+01
1.771735696792602539e+02 3.688501548767089844e+01 1.854994010925292969e+01 5.114402389526367188e+01
1.786389751434326172e+02 3.849007415771484375e+01 1.946311569213867188e+01 4.928260040283203125e+01
1.805013790130615234e+02 3.942168426513671875e+01 1.917947006225585938e+01 4.896805572509765625e+01
1.793489532470703125e+02 4.018630599975586648e+01 2.054457092285156250e+01 4.715116119384764914e+01
1.811345100402832031e+02 4.055939102172851562e+01 2.126937103271484375e+01 4.674140930175781250e+01
1.819960775375366211e+02 3.985698509216308594e+01 2.249040412902832031e+01 4.889865493774414062e+01
1.844440612792968750e+02 3.961202812194824219e+01 2.176863098144531250e+01 4.800819778442382812e+01
1.870262756347656250e+02 3.870577430725097656e+01 2.079605102539062500e+01 4.893549728393554688e+01
1.888846311569213867e+02 3.979316902160644531e+01 2.126239967346191406e+01 4.916900253295898438e+01
1.916022586822509766e+02 4.009508132934570312e+01 1.799888229370117188e+01 4.775650787353515625e+01
1.947104167938232422e+02 3.927385139465332031e+01 1.659595108032226562e+01 4.828913497924804688e+01
1.964631624221801758e+02 3.905965995788574219e+01 1.701578330993652344e+01 4.973380661010742188e+01
1.986387538909912109e+02 3.953027915954590554e+01 1.722830581665039062e+01 4.837998580932616477e+01
1.998754158020019531e+02 3.965870475769042969e+01 1.856874847412109375e+01 4.814603805541992188e+01
2.021577110290527344e+02 3.930293655395507812e+01 1.802661895751953125e+01 4.902329254150390625e+01
2.013990497589111328e+02 4.140921211242675781e+01 2.012602615356445312e+01 4.719269943237304688e+01
2.049597110748291016e+02 4.127526664733886719e+01 2.092992019653320312e+01 4.849846267700195312e+01
2.084022579193115234e+02 4.059940338134765625e+01 1.807285690307617188e+01 4.908565521240234375e+01
2.083680953979492188e+02 4.066635704040527344e+01 2.073516082763671875e+01 4.898455429077148438e+01
2.108953447341918945e+02 4.052043342590332031e+01 1.872675895690917969e+01 4.948566055297851562e+01
2.135013532638549805e+02 4.055186653137207031e+01 1.777571296691894531e+01 4.923634719848632812e+01
2.150648479461669922e+02 4.034213638305664062e+01 1.747294235229492188e+01 4.847446441650390625e+01
2.177241992950439453e+02 4.082034492492675781e+01 1.731958389282226562e+01 4.887667465209960938e+01
2.196496400833129883e+02 4.000839233398437500e+01 1.756134605407714844e+01 4.936614227294921875e+01
2.223021183013916016e+02 3.982777404785156250e+01 1.821973800659179688e+01 4.923609924316406250e+01
2.239257802963256836e+02 4.188489151000976562e+01 1.796050453186035156e+01 4.800027465820312500e+01
2.250025787353515625e+02 4.115521049499511719e+01 1.934341430664062500e+01 4.953127670288085938e+01
2.263646268844604492e+02 4.202787590026855469e+01 1.958113288879394531e+01 4.820988082885742188e+01
2.282430295944213867e+02 4.219864463806152344e+01 2.021225166320800781e+01 4.799316024780273438e+01
2.290023775100708008e+02 4.150887489318847656e+01 2.146355247497558594e+01 4.882327651977539062e+01
2.297350301742553711e+02 4.210561943054199219e+01 2.315626716613769531e+01 4.893592453002929688e+01
2.318390769958496094e+02 4.203590393066406250e+01 2.337105560302734375e+01 4.741965484619140625e+01
2.353777732849121094e+02 4.278243255615234375e+01 2.124384307861328125e+01 4.626213836669921875e+01
2.386879215240478516e+02 4.248044776916503906e+01 1.925013351440429688e+01 4.615597915649414062e+01
2.399811267852783203e+02 4.141055488586425781e+01 1.845077896118164062e+01 4.735731124877929688e+01
2.412932767868041992e+02 4.152654266357421875e+01 1.807316017150878906e+01 4.656608581542968750e+01
2.425887985229492188e+02 4.196353721618652344e+01 1.858175659179687500e+01 4.751674270629882812e+01
2.431265392303466797e+02 4.204183769226074219e+01 1.979920578002929688e+01 4.691875076293945312e+01
2.442168722152709961e+02 4.180124664306640625e+01 1.993396186828613281e+01 4.629138946533203125e+01
2.443984594345092773e+02 4.236190032958984375e+01 2.341295051574707031e+01 4.555203247070312500e+01
2.464255437850952148e+02 4.291135787963867188e+01 2.237422370910644531e+01 4.562587738037109375e+01
2.501025276184082031e+02 4.341676521301269531e+01 2.166316986083984375e+01 4.616144943237304688e+01
2.532027940750122070e+02 4.433107757568359375e+01 2.033160972595214844e+01 4.549530029296875000e+01
2.554043455123901367e+02 4.519370651245117188e+01 2.019420814514160156e+01 4.472330474853515625e+01
2.569783678054809570e+02 4.495664978027343750e+01 1.950032615661621094e+01 4.394377136230468750e+01
2.605170583724975586e+02 4.438372421264648438e+01 1.994371986389160156e+01 4.475152587890625000e+01
2.626425399780273438e+02 4.436011505126953125e+01 2.111212921142578125e+01 4.462576293945312500e+01
2.653243551254272461e+02 4.362116241455078125e+01 1.867046546936035156e+01 4.608748626708984375e+01
2.669198007583618164e+02 4.304945373535156250e+01 1.855303764343261719e+01 4.623610687255859375e+01
2.686781272888183594e+02 4.351102638244628906e+01 2.013415527343750000e+01 4.610860061645507812e+01
2.702030153274536133e+02 4.215708351135253906e+01 1.845753288269042969e+01 4.728345108032226562e+01
2.727995672225952148e+02 4.265143966674804688e+01 1.796129035949707031e+01 4.816483306884765625e+01
2.744366359710693359e+02 4.242008781433105469e+01 1.795477676391601562e+01 4.854993057250976562e+01
2.759014492034912109e+02 4.357401275634765625e+01 1.828639602661132812e+01 4.545912933349609375e+01
2.780363025665283203e+02 4.398375892639160156e+01 1.772535324096679688e+01 4.759339523315429688e+01
2.795953407287597656e+02 4.460480117797851562e+01 1.801221466064453125e+01 4.760586547851562500e+01
2.815871849060058594e+02 4.513827323913574219e+01 1.757068634033203125e+01 4.855710983276367188e+01
2.844101095199584961e+02 4.493202209472656250e+01 1.641822242736816406e+01 4.826642608642578125e+01
2.866731357574462891e+02 4.431165313720703125e+01 1.596502304077148438e+01 4.861759948730468750e+01
2.878427877426147461e+02 4.354985618591308594e+01 1.577279853820800781e+01 4.955994796752929688e+01
2.888637804985046387e+02 4.427039337158203125e+01 1.534233951568603516e+01 4.942855072021484375e+01
2.902072839736938477e+02 4.377849578857421875e+01 1.616793632507324219e+01 5.043015289306640625e+01
2.911003875732421875e+02 4.369435119628906250e+01 1.708183288574218750e+01 5.041264343261718750e+01
2.920701265335083008e+02 4.234280014038085938e+01 1.751193046569824219e+01 5.083638763427734375e+01
2.942684402465820312e+02 4.187594604492187500e+01 1.847776794433593750e+01 5.164904785156250000e+01
2.950883941650390625e+02 4.321390914916992188e+01 1.903038024902343750e+01 5.172691345214843750e+01
2.955524291992187500e+02 4.426093101501464844e+01 2.037101745605468750e+01 5.045955276489257812e+01
2.971870231628417969e+02 4.306580924987792969e+01 2.201697540283203125e+01 5.199513626098632812e+01
2.981477088928222656e+02 4.497419738769531250e+01 2.199925994873046875e+01 4.929075622558593750e+01
2.998392906188964844e+02 4.485803794860839844e+01 2.150702667236328125e+01 4.866415786743164062e+01
2.996704540252685547e+02 4.585142135620117188e+01 2.221620559692382812e+01 4.785193634033203125e+01
3.020584945678710938e+02 4.608506393432617188e+01 2.200953674316406250e+01 4.843352508544921875e+01
3.050040483474731445e+02 4.501676750183105469e+01 1.997876548767089844e+01 4.854413223266601562e+01
3.084658622741699219e+02 4.386011695861816406e+01 1.882175445556640625e+01 5.031261062622070312e+01
3.079048757553100586e+02 4.502506065368652344e+01 1.962961006164550781e+01 4.939365768432617188e+01
3.119912176132202148e+02 4.424549102783203125e+01 1.767964363098144531e+01 4.890309143066406250e+01
3.138019571304321289e+02 4.309401702880859375e+01 1.672627830505371094e+01 4.978630828857421875e+01
3.160148715972900391e+02 4.385492134094238281e+01 1.659732437133789062e+01 4.845437240600585938e+01
3.173033409118652344e+02 4.369509124755859375e+01 1.636352539062500000e+01 4.868238067626953125e+01
3.181911382675170898e+02 4.367946052551269531e+01 1.607055091857910156e+01 4.797860336303710938e+01
3.198415193557739258e+02 4.408308410644531250e+01 1.677165031433105469e+01 4.766893005371093750e+01
3.206166839599609375e+02 4.488734054565429688e+01 1.765601348876953125e+01 4.832369995117187500e+01
3.209178686141967773e+02 4.479160118103027344e+01 1.740225410461425781e+01 4.778203201293945312e+01
3.225562191009521484e+02 4.539996910095214844e+01 1.721094894409179688e+01 4.706112289428710938e+01
3.226131019592285156e+02 4.602937316894531250e+01 1.858770751953125000e+01 4.695337677001953125e+01
3.237817821502685547e+02 4.609708595275878906e+01 1.812001419067382812e+01 4.673179244995117188e+01
3.256621103286743164e+02 4.464190101623535156e+01 1.822111320495605469e+01 4.880636978149414062e+01
3.268231267929077148e+02 4.596063995361328125e+01 1.800959205627441406e+01 4.806417083740234375e+01
3.263828477859497070e+02 4.624995040893554688e+01 2.033209800720214844e+01 4.715128326416015625e+01
3.287061290740966797e+02 4.485678100585937500e+01 1.917593765258789062e+01 4.988389587402343750e+01
3.313213453292846680e+02 4.521259880065917969e+01 1.800901222229003906e+01 4.842484664916992188e+01
3.317559413909912109e+02 4.589356803894042969e+01 1.730176925659179688e+01 4.725714492797851562e+01
3.339310998916625977e+02 4.569102287292480469e+01 1.719364738464355469e+01 4.703267288208007812e+01
3.340747404098510742e+02 4.655053520202636719e+01 1.717541694641113281e+01 4.681243515014648438e+01
3.351374549865722656e+02 4.561354064941406250e+01 1.830081939697265625e+01 4.722035217285156250e+01
3.363589458465576172e+02 4.648867416381835938e+01 1.893072128295898438e+01 4.683005523681640625e+01
3.368466119766235352e+02 4.547853088378906250e+01 1.877438926696777344e+01 4.759214019775390625e+01
3.370315895080566406e+02 4.667101097106933594e+01 1.873264312744140625e+01 4.699488449096679688e+01
3.374339609146118164e+02 4.599638938903808594e+01 1.878118705749511719e+01 4.790394210815429688e+01
3.379118499755859375e+02 4.691023635864257812e+01 1.809811401367187500e+01 4.676707458496093750e+01
3.395999965667724609e+02 4.693838500976562500e+01 1.729729843139648438e+01 4.710813140869140625e+01
3.395357418060302734e+02 4.823817634582519531e+01 1.783411026000976562e+01 4.588058853149414062e+01
3.407738904953002930e+02 4.804147529602050781e+01 1.827649879455566406e+01 4.664442062377929688e+01
3.416399507522583008e+02 4.831606101989746094e+01 1.851016044616699219e+01 4.699560928344726562e+01
3.408946447372436523e+02 4.945352363586425781e+01 2.037023353576660156e+01 4.488426589965820312e+01
3.403098974227905273e+02 5.021432113647460938e+01 2.134813880920410156e+01 4.427184295654296875e+01
3.434665374755859375e+02 4.981568717956542969e+01 2.169779205322265625e+01 4.445912551879882812e+01
3.449583311080932617e+02 4.960685348510742188e+01 2.094941902160644531e+01 4.390122985839843750e+01
3.482517051696777344e+02 4.978433036804199219e+01 1.975469207763671875e+01 4.376137924194335938e+01
3.508345060348510742e+02 5.036701965332031250e+01 1.789402961730957031e+01 4.352142333984375000e+01
3.515181007385253906e+02 4.992074584960937500e+01 1.708387756347656250e+01 4.428907775878906250e+01
3.519336843490600586e+02 4.879333686828613281e+01 1.712143135070800781e+01 4.462718582153320312e+01
3.540720415115356445e+02 4.943009567260742188e+01 1.639745140075683594e+01 4.336336517333984375e+01
3.550220947265625000e+02 4.960800552368164062e+01 1.622385406494140625e+01 4.328166198730468750e+01
3.557879190444946289e+02 4.963363265991210938e+01 1.692953300476074219e+01 4.451998138427734375e+01
3.557657604217529297e+02 5.016531944274902344e+01 1.689692306518554688e+01 4.404400253295898438e+01
3.568272886276245117e+02 5.028352546691894531e+01 1.641449165344238281e+01 4.410480880737304688e+01
3.582293801307678223e+02 5.097724342346191406e+01 1.493380260467529297e+01 4.170621109008789062e+01
3.596551456451416016e+02 5.155407333374023438e+01 1.422861099243164062e+01 4.146891021728515625e+01
3.592544579505920410e+02 5.262245368957519531e+01 1.508212566375732422e+01 4.099734115600585938e+01
3.605288410186767578e+02 5.146737098693847656e+01 1.643242263793945312e+01 4.258127975463867188e+01
3.618830585479736328e+02 5.118041610717773438e+01 1.668358230590820312e+01 3.985018920898437500e+01
3.635861425399780273e+02 5.153150558471679688e+01 1.680269813537597656e+01 3.663323974609375000e+01
3.632486305236816406e+02 5.091735267639160156e+01 1.670014190673828125e+01 4.170122909545898438e+01
3.652835826873779297e+02 4.895105934143066406e+01 1.828649520874023438e+01 3.293050003051757812e+01
3.661771345138549805e+02 4.954692173004150391e+01 1.773761940002441406e+01 3.063398551940917969e+01
3.690168199539184570e+02 5.027883911132812500e+01 1.645713615417480469e+01 4.081996154785156250e+01
3.724459042549133301e+02 5.095146179199218750e+01 1.520535182952880859e+01 3.735502624511718750e+01
3.728761396408081055e+02 5.075439929962158203e+01 1.757806587219238281e+01 2.826865196228027344e+01
3.751750903129577637e+02 4.899084472656250000e+01 1.471103763580322266e+01 2.187394714355468750e+01
3.750015120506286621e+02 4.964063453674316406e+01 1.381185626983642578e+01 2.233707046508789062e+01
3.790272068977355957e+02 5.114270019531250000e+01 1.179630947113037109e+01 1.974903106689453125e+01
3.775092778205871582e+02 5.015776348114013672e+01 1.423385524749755859e+01 1.613006019592285156e+01
3.777257490158081055e+02 5.022328853607177734e+01 1.501449394226074219e+01 1.930349922180175781e+01
3.794873704910278320e+02 5.149459075927734375e+01 1.567237281799316406e+01 2.176572418212890625e+01
3.796571550369262695e+02 5.179841613769531250e+01 1.640271186828613281e+01 2.377600097656250000e+01
3.815821423530578613e+02 5.070123958587646484e+01 1.400738048553466797e+01 2.838682746887207031e+01
3.808237380981445312e+02 4.988788604736328125e+01 1.562170791625976562e+01 1.983607482910156250e+01
3.840343532562255859e+02 5.104613590240478516e+01 1.466880798339843750e+01 1.874300193786621094e+01
3.848940968513488770e+02 4.993278026580810547e+01 1.413541698455810547e+01 1.675929450988769531e+01
3.862785501480102539e+02 5.037775707244873047e+01 1.461384773254394531e+01 1.628294563293457031e+01
3.873925027847290039e+02 5.043042945861816406e+01 1.416403388977050781e+01 1.567903900146484375e+01
3.886189246177673340e+02 5.152108144760131836e+01 1.419326114654541016e+01 1.525308322906494141e+01
3.904155325889587402e+02 4.988115215301513672e+01 1.441966724395751953e+01 1.635083580017089844e+01
3.909458155632019043e+02 5.048210239410400391e+01 1.336383152008056641e+01 1.704083442687988281e+01
3.924311780929565430e+02 4.965921592712402344e+01 1.345734596252441406e+01 1.722012329101562500e+01
3.923658337593078613e+02 4.952827262878417969e+01 1.284117412567138672e+01 1.627011871337890625e+01
3.930637626647949219e+02 5.004358673095703125e+01 1.313424682617187500e+01 1.554755783081054688e+01
3.934550423622131348e+02 4.946521759033203125e+01 1.236556529998779297e+01 1.671376800537109375e+01
3.938915977478027344e+02 5.016983413696289062e+01 1.320096588134765625e+01 1.629501342773437500e+01
3.939695158004760742e+02 5.009666538238525391e+01 1.306983757019042969e+01 1.632493782043457031e+01
3.935231661796569824e+02 5.052019023895263672e+01 1.332719135284423828e+01 1.598622322082519531e+01
3.936329941749572754e+02 5.056845474243164062e+01 1.388097286224365234e+01 1.696081161499023438e+01
3.935181407928466797e+02 5.025218582153320312e+01 1.442262268066406250e+01 1.681138229370117188e+01
3.978207230567932129e+02 4.964217662811279297e+01 1.461215877532958984e+01 1.848122596740722656e+01
3.995722341537475586e+02 4.823502111434936523e+01 1.897981834411621094e+01 1.483411121368408203e+01
3.971034660339355469e+02 4.732880592346191406e+01 1.628496170043945312e+01 2.271802139282226562e+01
3.924721088409423828e+02 4.864722442626953125e+01 1.655996704101562500e+01 3.473394012451171875e+01
3.928786754608154297e+02 5.163769912719726562e+01 2.240303802490234375e+01 3.688949584960937500e+01
3.942442073822021484e+02 4.915572166442871094e+01 2.017023468017578125e+01 4.333143234252929688e+01
3.942911930084228516e+02 4.971019744873046875e+01 1.803884887695312500e+01 4.159392547607421875e+01
3.934535083770751953e+02 4.882098007202148438e+01 2.272710418701171875e+01 4.178608703613281250e+01
3.904991340637207031e+02 5.042183303833007812e+01 2.161210250854492188e+01 3.960829925537109375e+01
3.923696165084838867e+02 5.081403160095214844e+01 2.904595756530761719e+01 5.145998001098632812e+01
3.868109188079833984e+02 5.255284690856933594e+01 3.735956573486328125e+01 4.250635147094726562e+01
3.873159465789794922e+02 4.778536796569824219e+01 3.611742401123046875e+01 4.821628189086914062e+01
3.892953510284423828e+02 4.839043998718261719e+01 3.548948669433593750e+01 4.835426712036132812e+01
3.848541393280029297e+02 4.990478706359863281e+01 3.928418731689453125e+01 4.407520675659179688e+01
3.881367502212524414e+02 4.898377037048339844e+01 2.775535774230957031e+01 4.665260696411132812e+01
3.866405467987060547e+02 5.073548507690429688e+01 2.591918182373046875e+01 4.616162872314453125e+01
3.865600376129150391e+02 5.120883178710937500e+01 2.707409667968750000e+01 4.509178161621093750e+01
3.878339052200317383e+02 5.199577903747558594e+01 2.828064918518066406e+01 4.709631729125976562e+01
3.837323379516601562e+02 4.882525062561035156e+01 2.593284988403320312e+01 4.496238327026367188e+01
3.879459323883056641e+02 5.259268760681152344e+01 2.610111999511718750e+01 4.174878311157226562e+01
3.868789243698120117e+02 4.856025695800781250e+01 2.453744316101074219e+01 4.802482604980468750e+01
3.862032461166381836e+02 4.744977569580078125e+01 2.757193565368652344e+01 4.363432312011718750e+01
3.862008991241455078e+02 4.882747268676757812e+01 2.674194335937500000e+01 4.983327484130859375e+01
3.861410427093505859e+02 4.581731414794921875e+01 2.829207611083984375e+01 5.238606262207031250e+01
3.836854534149169922e+02 4.671969413757324219e+01 2.760297393798828125e+01 4.669664382934570312e+01
3.841167201995849609e+02 5.015886497497558594e+01 3.051186370849609375e+01 4.604164505004882812e+01
3.835005483627319336e+02 4.801237487792968750e+01 2.298596763610839844e+01 4.829249572753906250e+01
3.811046371459960938e+02 4.717880821228027344e+01 2.195154190063476562e+01 4.267057418823242188e+01
3.828261938095092773e+02 4.662090682983398438e+01 2.252479362487792969e+01 4.312699890136718750e+01
3.808774824142456055e+02 4.814468383789062500e+01 1.974398612976074219e+01 4.432640838623046875e+01
3.786978168487548828e+02 4.924803161621093750e+01 2.019444274902343750e+01 3.713259124755859375e+01
3.791247816085815430e+02 4.834952354431152344e+01 1.742786216735839844e+01 3.740595626831054688e+01
3.792138619422912598e+02 4.873974609375000000e+01 1.559269618988037109e+01 3.630458068847656250e+01
3.777838373184204102e+02 4.948775482177734375e+01 1.508883094787597656e+01 3.865750885009765625e+01
3.770633764266967773e+02 5.034177207946777344e+01 1.467056846618652344e+01 3.874151229858398438e+01
3.763128938674926758e+02 4.990019226074218750e+01 1.566036415100097656e+01 2.573024749755859375e+01
3.753276467323303223e+02 4.999187564849853516e+01 1.496109676361083984e+01 2.601840782165527344e+01
3.764368133544921875e+02 5.151771545410156250e+01 1.377647781372070312e+01 2.816170501708984375e+01
3.733815555572509766e+02 5.069798755645751953e+01 1.565139007568359375e+01 2.660526084899902344e+01
3.735060191154479980e+02 4.885257053375244141e+01 1.419292163848876953e+01 2.239358329772949219e+01
3.719096112251281738e+02 4.983142089843750000e+01 1.342729473114013672e+01 2.796479797363281250e+01
3.702998061180114746e+02 4.991820144653320312e+01 1.583193302154541016e+01 2.014601135253906250e+01
3.705129170417785645e+02 5.034592151641845703e+01 1.430904674530029297e+01 1.809043693542480469e+01
3.677730493545532227e+02 5.184637641906738281e+01 1.948771858215332031e+01 2.619270706176757812e+01
3.645886106491088867e+02 4.831413841247558594e+01 1.816634941101074219e+01 3.279551315307617188e+01
3.616325759887695312e+02 5.248557853698730469e+01 1.812483596801757812e+01 3.930874252319335938e+01
3.608765048980712891e+02 5.680467414855957031e+01 1.791446685791015625e+01 3.468332290649414062e+01
3.605933542251586914e+02 5.430034637451171875e+01 1.587194252014160156e+01 3.946842956542968750e+01
3.595075101852416992e+02 5.019517898559570312e+01 1.644699668884277344e+01 4.159557342529296875e+01
3.606096181869506836e+02 5.039431953430175781e+01 1.633390617370605469e+01 4.298694992065429688e+01
3.583893384933471680e+02 4.926912307739257812e+01 1.617635154724121094e+01 4.328786468505859375e+01
3.590401115417480469e+02 4.872927093505859375e+01 1.569278335571289062e+01 4.491611480712890625e+01
3.582443790435791016e+02 4.879930877685546875e+01 1.542935180664062500e+01 4.418809509277343750e+01
3.574987459182739258e+02 4.972236442565917969e+01 1.572953224182128906e+01 4.428922653198242188e+01
3.566402096748352051e+02 4.924643707275390625e+01 1.585231304168701172e+01 4.287398529052734375e+01
3.558715753555297852e+02 4.934059143066406250e+01 1.562899971008300781e+01 4.472984313964843750e+01
3.540015144348144531e+02 4.856523323059082031e+01 1.664076614379882812e+01 4.518223953247070312e+01
3.540008950233459473e+02 4.890662574768066406e+01 1.596407985687255859e+01 4.464932632446289062e+01
3.533510360717773438e+02 4.824983406066894531e+01 1.614255142211914062e+01 4.461949539184570312e+01
3.525612049102783203e+02 4.844368553161621094e+01 1.628691101074218750e+01 4.444041061401367188e+01
3.509630174636840820e+02 4.889840888977050781e+01 1.636438941955566406e+01 4.425845718383789062e+01
3.525161814689636230e+02 4.860283660888671875e+01 1.574168872833251953e+01 4.547168731689453125e+01
3.509553394317626953e+02 4.850937843322753906e+01 1.594107818603515625e+01 4.557561111450195312e+01
3.485629463195800781e+02 4.798674201965332031e+01 1.689612960815429688e+01 4.520948410034179688e+01
3.481512937545776367e+02 4.759429740905761719e+01 1.561707115173339844e+01 4.574870681762695312e+01
3.499289975166320801e+02 4.650215148925781250e+01 1.473971080780029297e+01 4.595671844482421875e+01
3.471158270835876465e+02 4.673024177551269531e+01 1.578192996978759766e+01 4.551842880249023438e+01
3.474329786300659180e+02 4.506156921386718750e+01 1.556272697448730469e+01 4.842870330810546875e+01
3.455388078689575195e+02 4.502429389953613281e+01 1.633967018127441406e+01 4.847436904907226562e+01
3.454157228469848633e+02 4.454908180236816406e+01 1.658963966369628906e+01 4.730118942260742188e+01
3.452032132148742676e+02 4.394095420837402344e+01 1.595865154266357422e+01 4.890774154663085938e+01
3.436788797378540039e+02 4.547728157043457031e+01 1.662862586975097656e+01 4.828158187866210938e+01
3.431761341094970703e+02 4.449199676513671875e+01 1.625041961669921875e+01 4.842018127441406250e+01
3.419095306396484375e+02 4.549858474731445312e+01 1.744449234008789062e+01 4.731640625000000000e+01
3.410959682464599609e+02 4.482289123535156250e+01 1.821255493164062500e+01 4.818232727050781250e+01
3.397177600860595703e+02 4.576277923583984375e+01 1.900917053222656250e+01 4.786576080322265625e+01
3.396964855194091797e+02 4.635714530944824219e+01 1.801076507568359375e+01 4.730792617797851562e+01
3.392958278656005859e+02 4.521016883850097656e+01 1.850653076171875000e+01 4.758013534545898438e+01
3.357353496551513672e+02 4.596155166625976562e+01 2.210912322998046875e+01 4.627982330322265625e+01
3.349739818572998047e+02 4.634848403930664062e+01 2.231431579589843750e+01 4.709903717041015625e+01
3.356096153259277344e+02 4.658138656616210938e+01 2.179271316528320312e+01 4.634935760498046875e+01
3.331648454666137695e+02 4.671130561828613281e+01 2.314559364318847656e+01 4.672449874877929688e+01
3.335303592681884766e+02 4.700061798095703125e+01 2.297613525390625000e+01 4.623429870605468750e+01
3.322803325653076172e+02 4.626275444030761719e+01 2.330077362060546875e+01 4.674521255493164062e+01
3.328028478622436523e+02 4.602296257019042969e+01 2.228722190856933594e+01 4.792781448364257812e+01
3.312299013137817383e+02 4.629389762878417969e+01 2.229457283020019531e+01 4.751433181762695312e+01
3.295277967453002930e+02 4.473411560058593750e+01 2.124595451354980469e+01 4.853829956054687500e+01
3.283139638900756836e+02 4.445612144470214844e+01 2.046378898620605469e+01 4.864194107055664062e+01
3.280254049301147461e+02 4.544278335571289062e+01 2.193215751647949219e+01 4.855696868896484375e+01
3.274532995223999023e+02 4.481143951416015625e+01 2.134118461608886719e+01 4.881430053710937500e+01
3.253935232162475586e+02 4.519045829772949219e+01 2.201320457458496094e+01 4.784367752075195312e+01
3.252482271194458008e+02 4.477225494384765625e+01 2.083492469787597656e+01 4.843653869628906250e+01
3.229298486709594727e+02 4.446692085266113281e+01 2.084794807434082031e+01 4.868076705932617188e+01
3.226962203979492188e+02 4.378939819335937500e+01 1.972208786010742188e+01 4.991130065917968750e+01
3.209270496368408203e+02 4.396007728576660156e+01 1.954249572753906250e+01 4.997697067260742188e+01
3.191539945602416992e+02 4.417097091674804688e+01 1.908746147155761719e+01 4.956923675537109375e+01
3.178039016723632812e+02 4.429120254516601562e+01 1.916141891479492188e+01 5.040570068359375000e+01
3.157639617919921875e+02 4.390769958496093750e+01 1.979814529418945312e+01 5.054721832275390625e+01
3.153367900848388672e+02 4.501256752014160156e+01 1.942438507080078125e+01 4.890833663940429688e+01
3.136815557479858398e+02 4.598861122131347656e+01 2.003130912780761719e+01 4.897838973999023438e+01
3.119749517440795898e+02 4.458633041381835938e+01 1.894906425476074219e+01 5.019060516357421875e+01
3.117200469970703125e+02 4.446605873107910156e+01 1.764168930053710938e+01 4.879912948608398438e+01
3.094328308105468750e+02 4.383559036254882812e+01 1.655568313598632812e+01 5.044841766357421875e+01
3.080308389663696289e+02 4.420507812500000000e+01 1.643982124328613281e+01 4.955046081542968750e+01
3.064584531784057617e+02 4.405124282836914062e+01 1.669775199890136719e+01 5.002359008789062500e+01
3.050153570175170898e+02 4.236555671691894531e+01 1.702654838562011719e+01 5.182587814331054688e+01
3.023997821807861328e+02 4.251764869689941406e+01 1.826893615722656250e+01 5.167537307739257812e+01
3.016538219451904297e+02 4.145828628540039062e+01 1.762445831298828125e+01 5.322773742675781250e+01
3.002965536117553711e+02 4.159049797058105469e+01 1.853516960144042969e+01 5.385924148559570312e+01
2.982454729080200195e+02 4.293989944458007812e+01 2.028507423400878906e+01 5.278186798095703125e+01
2.959480524063110352e+02 4.265792465209960938e+01 2.140545082092285156e+01 5.176822662353515625e+01
2.941772861480712891e+02 4.238703155517578125e+01 2.186701202392578125e+01 5.122175598144531250e+01
2.945211439132690430e+02 4.356672668457031250e+01 2.134346580505371094e+01 5.076037597656250000e+01
2.914254989624023438e+02 4.382518768310546875e+01 2.405027389526367188e+01 5.007614135742187500e+01
2.906976709365844727e+02 4.512124252319335938e+01 2.531717872619628906e+01 4.949507904052734375e+01
2.893926582336425781e+02 4.455519866943359375e+01 2.584236526489257812e+01 4.888484191894531250e+01
2.878372945785522461e+02 4.461372947692871094e+01 2.039556694030761719e+01 4.924153518676757812e+01
2.868814001083374023e+02 4.374583816528320312e+01 1.762711143493652344e+01 4.830146789550781250e+01
2.866162939071655273e+02 4.389180183410644531e+01 1.806617546081542969e+01 4.927250289916992188e+01
2.845540399551391602e+02 4.218056488037109375e+01 1.798708534240722656e+01 5.010182189941406250e+01
2.830479993820190430e+02 4.226798057556152344e+01 1.690481376647949219e+01 4.855779647827148438e+01
2.814621725082397461e+02 4.269350242614746094e+01 1.716767692565917969e+01 4.890829086303710938e+01
2.790580186843872070e+02 4.292207717895507812e+01 1.801590156555175781e+01 4.882141113281250000e+01
2.757769889831542969e+02 4.330414199829101562e+01 1.962926864624023438e+01 4.783613586425781250e+01
2.761932897567749023e+02 4.300120544433593750e+01 1.896854972839355469e+01 4.807611083984375000e+01
2.755379762649536133e+02 4.351473808288574219e+01 1.825441169738769531e+01 4.660837936401367188e+01
2.729101028442382812e+02 4.457407569885253906e+01 1.979447555541992188e+01 4.598543930053710938e+01
2.720651359558105469e+02 4.423853302001953125e+01 1.875426864624023438e+01 4.637722778320312500e+01
2.719924926757812500e+02 4.493203544616699219e+01 1.807898330688476562e+01 4.605320358276367188e+01
2.696293516159057617e+02 4.417694854736328125e+01 1.760239982604980469e+01 4.616946411132812500e+01
2.685964679718017578e+02 4.370865058898925781e+01 1.688845062255859375e+01 4.783938217163085938e+01
2.668223075866699219e+02 4.319691658020019531e+01 1.739310073852539062e+01 4.721589279174804688e+01
2.657364225387573242e+02 4.373539352416992188e+01 1.681375694274902344e+01 4.697780609130859375e+01
2.636919946670532227e+02 4.301258277893066406e+01 1.712736701965332031e+01 4.588653182983398438e+01
2.631413064002990723e+02 4.416677093505859375e+01 1.571433925628662109e+01 4.638082885742187500e+01
2.601837291717529297e+02 4.297047805786132812e+01 1.838884735107421875e+01 4.610339355468750000e+01
2.586109800338745117e+02 4.228837966918945312e+01 1.824108695983886719e+01 4.648556518554687500e+01
2.588589210510253906e+02 4.228861427307128906e+01 1.636265182495117188e+01 4.739726638793945312e+01
2.562259263992309570e+02 4.235890579223632812e+01 1.734488868713378906e+01 4.717588043212890625e+01
2.552522821426391602e+02 4.201094627380371094e+01 1.881254005432128906e+01 4.637945938110351562e+01
2.536348867416381836e+02 4.185830688476562500e+01 1.852320671081542969e+01 4.609606933593750000e+01
2.538508529663085938e+02 4.284509468078613281e+01 1.742902755737304688e+01 4.740770339965820312e+01
2.518968067169189453e+02 4.299821662902832031e+01 1.838669586181640625e+01 4.622531509399414062e+01
2.482638044357299805e+02 4.253579139709472656e+01 1.924607658386230469e+01 4.642470169067382812e+01
2.476413936614990234e+02 4.207042121887207031e+01 1.908078765869140625e+01 4.721447372436523438e+01
2.469424057006835938e+02 4.348808097839355469e+01 1.626199722290039062e+01 4.629693222045898438e+01
2.456235532760620117e+02 4.306621551513671875e+01 1.788577842712402344e+01 4.480181884765625000e+01
2.439571533203125000e+02 4.405618476867675781e+01 1.640603256225585938e+01 4.609781265258789062e+01
2.423013591766357422e+02 4.181345748901367188e+01 1.716664886474609375e+01 4.742988586425781250e+01
2.414670791625976562e+02 4.275466728210449219e+01 1.748651504516601562e+01 4.561169052124023438e+01
2.398873071670532227e+02 4.290396499633789062e+01 1.735275459289550781e+01 4.584922790527343750e+01
2.383910036087036133e+02 4.204668045043945312e+01 1.730504798889160156e+01 4.756520080566406250e+01
2.361482419967651367e+02 4.223084259033203125e+01 1.773068046569824219e+01 4.613901519775390625e+01
2.340197782516479492e+02 4.148458099365234375e+01 1.893662834167480469e+01 4.588069152832031250e+01
2.350844650268554688e+02 4.153963661193847656e+01 1.741083908081054688e+01 4.785226821899414062e+01
2.324582815170288086e+02 4.097577857971191406e+01 1.824835014343261719e+01 4.833676528930664062e+01
2.299708137512207031e+02 4.101796150207519531e+01 2.006911087036132812e+01 4.697124862670898438e+01
2.281998996734619141e+02 4.227514266967773438e+01 1.997196960449218750e+01 4.734989929199218750e+01
2.285173931121826172e+02 4.126332473754882812e+01 1.875919342041015625e+01 4.983616638183593750e+01
2.268588666915893555e+02 4.155113983154296875e+01 1.852066612243652344e+01 4.885527038574218750e+01
2.250217599868774414e+02 4.325248718261718750e+01 1.772564125061035156e+01 4.712511444091796875e+01
2.226562538146972656e+02 4.159996223449707031e+01 1.805360794067382812e+01 4.776288223266601562e+01
2.215711650848388672e+02 4.224441528320312500e+01 1.782723236083984375e+01 4.808512115478515625e+01
2.213108072280883789e+02 4.077793502807617188e+01 1.688003730773925781e+01 5.001005554199218750e+01
2.197770996093750000e+02 4.074904060363769531e+01 1.659183120727539062e+01 4.910483169555664062e+01
2.179575538635253906e+02 3.973021316528320312e+01 1.691614913940429688e+01 4.999000549316406250e+01
2.162050228118896484e+02 4.009689521789550781e+01 1.709568023681640625e+01 4.962116622924804688e+01
2.148468141555786133e+02 3.866854286193848367e+01 1.729290962219238281e+01 5.049719619750975852e+01
2.131015367507934570e+02 3.546614837646484375e+01 1.755885505676269531e+01 5.575510406494140625e+01
2.114511508941650391e+02 3.983823204040527344e+01 1.826570129394531250e+01 5.100568771362304688e+01
2.101045083999633789e+02 3.953705787658692117e+01 1.880912971496582031e+01 4.859105300903319602e+01
2.086899700164794922e+02 4.024991798400878906e+01 2.009883880615234375e+01 4.928333663940429688e+01
2.071083917617797852e+02 3.914043807983398438e+01 2.108538246154785156e+01 5.072609710693359375e+01
2.066155118942260742e+02 3.917262458801269531e+01 1.959110069274902344e+01 5.009713363647460938e+01
2.053114471435546875e+02 4.034265708923339844e+01 1.953162765502929688e+01 4.865320968627929688e+01
2.029472379684448242e+02 4.036217689514160156e+01 1.843859672546386719e+01 4.740568923950195312e+01
2.009311313629150391e+02 3.990182685852050781e+01 1.775786590576171875e+01 4.839054489135742188e+01
1.999299879074096680e+02 4.047059822082519531e+01 1.640200614929199219e+01 4.873009109497070312e+01
1.979350271224975586e+02 3.666029930114746094e+01 1.768455314636230469e+01 5.155678939819335938e+01
1.969669761657714844e+02 3.947319030761718750e+01 1.646309280395507812e+01 4.833878326416015625e+01
1.953652448654174805e+02 3.531033897399902344e+01 1.580927085876464844e+01 5.305416488647460938e+01
1.925099143981933594e+02 3.906702804565429688e+01 1.780462265014648438e+01 4.691883087158203125e+01
1.918604536056518555e+02 3.754554939270019531e+01 1.728104972839355469e+01 4.919883346557617188e+01
1.888495616912841797e+02 3.791485595703125711e+01 1.911164855957031250e+01 4.922718811035155539e+01
1.866437473297119141e+02 3.823237037658692117e+01 1.994810485839843750e+01 4.910668563842772727e+01
1.848441543579101562e+02 3.851660156250000000e+01 2.163151931762695312e+01 4.955177307128906250e+01
