2.280000000000000000e+02 6.100000000000000000e+01 3.200000000000000000e+01 3.700000000000000000e+01
2.246408634185791016e+02 6.455059719085693359e+01 3.525158309936523438e+01 2.993780708312988281e+01
2.244704380035400391e+02 6.315752506256103516e+01 3.302938461303710938e+01 2.946688652038574219e+01
2.255110549926757812e+02 6.397685527801513672e+01 3.188091278076171875e+01 3.018280982971191406e+01
2.240971641540527344e+02 6.349698448181152344e+01 3.294248962402343750e+01 2.949682998657226562e+01
2.227644367218017578e+02 6.332758522033691406e+01 3.586982345581054688e+01 2.959409713745117188e+01
2.233248863220214844e+02 6.314796066284179688e+01 3.317537689208984375e+01 2.989188385009765625e+01
2.232311878204345703e+02 6.338746738433837891e+01 3.258587265014648438e+01 2.883337211608886719e+01
2.209766559600830078e+02 6.485060310363769531e+01 3.537826919555664062e+01 2.766811752319335938e+01
2.222583942413330078e+02 6.328996849060058594e+01 3.411945724487304688e+01 2.747217178344726562e+01
2.217168788909912109e+02 6.334240531921386719e+01 3.391815567016601562e+01 2.797614669799804688e+01
2.213358669281005859e+02 6.440518093109130859e+01 3.949631118774414062e+01 2.838719367980957031e+01
2.217080535888671875e+02 6.430724525451660156e+01 3.574565124511718750e+01 2.942411422729492188e+01
2.201360015869140625e+02 6.513546180725097656e+01 3.685101318359375000e+01 2.837783432006835938e+01
2.206041755676269531e+02 6.570270061492919922e+01 3.956650543212890625e+01 2.876235389709472656e+01
2.206421318054199219e+02 6.440895080566406250e+01 3.570960235595703125e+01 2.844743347167968750e+01
2.227154235839843750e+02 6.464704704284667969e+01 3.506187438964843750e+01 2.871506118774414062e+01
2.208489990234375000e+02 6.496842479705810547e+01 3.565904998779296875e+01 2.819360542297363281e+01
2.206723232269287109e+02 6.589655017852783203e+01 3.640329360961914062e+01 2.893642997741699219e+01
2.182817649841308594e+02 6.727280712127685547e+01 3.635886383056640625e+01 2.785516548156738281e+01
2.183733272552490234e+02 6.711484336853027344e+01 4.000822830200195312e+01 2.650642013549804688e+01
2.144672927856445312e+02 6.712945747375488281e+01 3.575339508056640625e+01 2.841553115844726562e+01
2.128886127471923828e+02 6.826346397399902344e+01 3.384500503540039062e+01 2.872913742065429688e+01
2.113800964355468750e+02 6.863578510284423828e+01 3.566547393798828125e+01 2.734825706481933594e+01
2.091598377227783203e+02 6.869293689727783203e+01 3.420065689086914062e+01 2.934078788757324219e+01
2.080901069641113281e+02 6.966580486297607422e+01 3.511708831787109375e+01 3.132849311828613281e+01
2.075100593566894531e+02 7.075288009643554688e+01 3.267873382568359375e+01 2.879927062988281250e+01
2.065194454193115234e+02 7.171920299530029297e+01 3.427330398559570312e+01 3.064679145812988281e+01
2.049905281066894531e+02 7.237149810791015625e+01 3.580059051513671875e+01 3.117906951904296875e+01
2.048069419860839844e+02 7.338866424560546875e+01 3.280893707275390625e+01 3.192816925048828125e+01
2.039770889282226562e+02 7.517959213256835938e+01 3.402415466308593750e+01 2.946823120117187500e+01
2.035422477722167969e+02 7.551847553253173828e+01 3.430745697021484375e+01 3.033917045593261719e+01
2.014157524108886719e+02 7.506369209289550781e+01 3.463906860351562500e+01 3.082362747192382812e+01
2.007615566253662109e+02 7.484620571136474609e+01 3.604835128784179688e+01 2.908426856994628906e+01
1.996766815185546875e+02 7.649163722991943359e+01 3.438832855224609375e+01 3.082680702209472656e+01
2.009733295440673828e+02 7.750930404663085938e+01 3.560548782348632812e+01 2.948292541503906250e+01
2.001786918640136719e+02 7.783905220031738281e+01 3.296692657470703125e+01 2.963505935668945312e+01
1.987777137756347656e+02 7.709321594238281250e+01 3.249052429199218750e+01 2.859735870361328125e+01
1.972470626831054688e+02 7.744781208038330078e+01 3.213953399658203125e+01 2.937104606628417969e+01
1.955544853210449219e+02 7.642435169219970703e+01 3.350583648681640625e+01 2.878956413269042969e+01
1.958222904205322266e+02 7.803966140747070312e+01 3.274336624145507812e+01 2.776055145263671875e+01
1.944127674102783203e+02 7.822601509094238281e+01 3.175208663940429688e+01 2.902306747436523438e+01
1.928565988540649414e+02 7.682392501831054688e+01 3.061588859558105469e+01 2.806697082519531250e+01
1.918407154083251953e+02 7.850194740295410156e+01 3.404896926879882812e+01 2.801956558227539062e+01
1.897532253265380859e+02 7.478509044647216797e+01 3.404523849487304688e+01 3.129487037658691406e+01
1.885727844238281250e+02 7.575401020050048828e+01 3.287023925781250000e+01 3.066039085388183594e+01
1.866735811233520508e+02 7.728465366363525391e+01 3.177391624450683594e+01 2.758878135681152344e+01
1.854422950744628906e+02 7.930500411987304688e+01 3.201712799072265625e+01 2.653530120849609375e+01
1.843197746276855469e+02 7.940371704101562500e+01 3.152223968505859375e+01 2.746087646484375000e+01
1.815437812805175781e+02 8.001645374298095703e+01 3.503432464599609375e+01 2.659918022155761719e+01
1.793364915847778320e+02 8.025608444213867188e+01 3.132084465026855469e+01 2.768910217285156250e+01
1.773926811218261719e+02 7.925882339477539062e+01 3.046453857421875000e+01 2.841502380371093750e+01
1.786450119018554688e+02 8.090886974334716797e+01 3.250486755371093750e+01 2.813621711730957031e+01
1.778691177368164062e+02 7.966245841979980469e+01 3.392274475097656250e+01 2.951873397827148438e+01
1.759728584289550781e+02 8.018102550506591797e+01 3.509048461914062500e+01 2.882858467102050781e+01
1.708930988311767578e+02 8.067296218872070312e+01 3.290327072143554688e+01 3.018389892578125000e+01
1.643517055511474609e+02 8.128989601135253906e+01 3.340272140502929688e+01 3.013008499145507812e+01
1.694761810302734375e+02 7.978222179412841797e+01 3.493798065185546875e+01 3.127305793762207031e+01
1.705599479675292969e+02 8.080346107482910156e+01 3.584722900390625000e+01 3.281215286254882812e+01
1.713624744415283203e+02 8.064635467529296875e+01 3.557306289672851562e+01 3.284181976318359375e+01
1.691031074523925781e+02 8.171556854248046875e+01 3.283209228515625000e+01 3.181636810302734375e+01
1.659262905120849609e+02 8.170922470092773438e+01 3.555584335327148438e+01 3.121609497070312500e+01
1.667661762237548828e+02 8.498608970642089844e+01 3.201410293579101562e+01 3.004430770874023438e+01
1.664053382873535156e+02 8.195887184143066406e+01 3.743217468261718750e+01 2.968738937377929688e+01
1.667405872344970703e+02 8.377531719207763672e+01 3.357558059692382812e+01 3.029714393615722656e+01
1.640948047637939453e+02 8.279071521759033203e+01 3.294498062133789062e+01 3.021117973327636719e+01
1.639790725708007812e+02 8.381864738464355469e+01 3.344517517089843750e+01 2.825662612915039062e+01
1.642559871673583984e+02 8.591108608245849609e+01 3.371706771850585938e+01 2.758125495910644531e+01
1.640094699859619141e+02 8.439126014709472656e+01 3.376828384399414062e+01 2.850738906860351562e+01
1.609263296127319336e+02 8.387263202667236328e+01 3.079747200012207031e+01 2.942619132995605469e+01
1.606825742721557617e+02 8.587928676605224609e+01 2.912390327453613281e+01 2.747653388977050781e+01
1.595652179718017578e+02 8.488172626495361328e+01 3.206969070434570312e+01 2.807616996765136719e+01
1.579254493713378906e+02 8.475483417510986328e+01 3.070013427734375000e+01 2.821257591247558594e+01
1.577700548171997070e+02 8.346024227142333984e+01 2.962785911560058594e+01 2.835197639465332031e+01
1.549825143814086914e+02 8.235256481170654297e+01 3.047773551940917969e+01 2.951825904846191406e+01
1.527378845214843750e+02 8.602990913391113281e+01 3.368218994140625000e+01 2.591498947143554688e+01
1.515306024551391602e+02 8.384963226318359375e+01 3.103457450866699219e+01 2.907938385009765625e+01
1.479855270385742188e+02 8.400722312927246094e+01 3.231196594238281250e+01 2.681644058227539062e+01
1.404247913360595703e+02 8.750996494293212891e+01 3.498187637329101562e+01 2.580930900573730469e+01
1.434126377105712891e+02 8.630363559722900391e+01 3.288241195678710938e+01 2.357108879089355469e+01
1.389268751144409180e+02 8.745227527618408203e+01 3.072747993469238281e+01 2.393770408630371094e+01
1.412316808700561523e+02 8.729543972015380859e+01 3.146943092346191406e+01 2.346022224426269531e+01
1.420226697921752930e+02 8.715651798248291016e+01 3.101762580871582031e+01 2.412909507751464844e+01
1.379989910125732422e+02 8.769789218902587891e+01 3.389089584350585938e+01 2.363167381286621094e+01
1.387520742416381836e+02 8.701892185211181641e+01 3.162334632873535156e+01 2.498222160339355469e+01
1.361865062713623047e+02 8.633272838592529297e+01 3.206196212768554688e+01 2.617096900939941406e+01
1.363692474365234375e+02 8.604279804229736328e+01 3.294531250000000000e+01 2.623786735534667969e+01
1.296813545227050781e+02 8.769691944122314453e+01 3.418884277343750000e+01 2.515601921081542969e+01
1.297294101715087891e+02 8.789158344268798828e+01 3.297140884399414062e+01 2.556844902038574219e+01
1.260908050537109375e+02 8.832537174224853516e+01 3.452997589111328125e+01 2.478591728210449219e+01
1.249707632064819336e+02 8.741210079193115234e+01 3.104003334045410156e+01 2.661158943176269531e+01
1.163494300842285156e+02 8.266134929656982422e+01 3.584114837646484375e+01 2.932596015930175781e+01
1.115943374633789062e+02 8.646937847137451172e+01 3.761972045898437500e+01 2.959358406066894531e+01
1.157079219818115234e+02 8.685070037841796875e+01 3.473488235473632812e+01 2.896523284912109375e+01
1.140915536880493164e+02 8.614711284637451172e+01 3.150903892517089844e+01 2.784423255920410156e+01
1.149156684875488281e+02 8.784727001190185547e+01 3.259931945800781250e+01 2.762368202209472656e+01
1.152435665130615234e+02 8.738864326477050781e+01 3.285253524780273438e+01 2.780115127563476562e+01
1.177271747589111328e+02 8.753127670288085938e+01 2.969269180297851562e+01 2.714204406738281250e+01
1.190649671554565430e+02 8.916074848175048828e+01 3.195177650451660156e+01 2.660464286804199219e+01
1.202033748626708984e+02 9.105846405029296875e+01 3.423714828491210938e+01 2.548469543457031250e+01
1.213965930938720703e+02 8.964790153503417969e+01 3.516748428344726562e+01 2.843463516235351562e+01
1.240239562988281250e+02 9.197488594055175781e+01 3.646933746337890625e+01 2.535024642944335938e+01
1.235917816162109375e+02 9.114113140106201172e+01 3.838764953613281250e+01 2.608484840393066406e+01
1.307532157897949219e+02 9.071781349182128906e+01 3.456522369384765625e+01 2.799866867065429688e+01
1.325427093505859375e+02 9.112123489379882812e+01 3.621520996093750000e+01 2.787023925781250000e+01
1.371715755462646484e+02 9.099395275115966797e+01 3.651637649536132812e+01 2.784252357482910156e+01
1.405470256805419922e+02 9.014792251586914062e+01 3.469214248657226562e+01 3.101561737060546875e+01
1.423264255523681641e+02 9.149217033386230469e+01 3.597376632690429688e+01 2.904367446899414062e+01
1.463292808532714844e+02 9.180468177795410156e+01 3.607083892822265625e+01 2.846683883666992188e+01
1.487141571044921875e+02 9.028662872314453125e+01 3.404899597167968750e+01 2.709015655517578125e+01
1.524190692901611328e+02 8.770458030700683594e+01 3.728908920288085938e+01 2.985875320434570312e+01
1.558976001739501953e+02 8.622603034973144531e+01 3.645434188842773438e+01 3.255631637573242188e+01
1.601460838317871094e+02 8.522708129882812500e+01 4.181516265869140625e+01 2.952062988281250000e+01
1.636334571838378906e+02 8.797349834442138672e+01 3.738501739501953125e+01 2.906926918029785156e+01
1.705741539001464844e+02 8.701234722137451172e+01 3.614586639404296875e+01 2.701683998107910156e+01
1.712726020812988281e+02 8.638791561126708984e+01 3.763348388671875000e+01 2.809757423400878906e+01
1.774461612701416016e+02 8.746649551391601562e+01 3.759103775024414062e+01 2.699497985839843750e+01
1.808563728332519531e+02 8.344660949707031250e+01 3.627239990234375000e+01 3.011435699462890625e+01
1.856896800994873047e+02 8.396127319335937500e+01 3.372341537475585938e+01 3.136875152587890625e+01
1.862012023925781250e+02 8.432949352264404297e+01 3.641428375244140625e+01 3.000927925109863281e+01
1.914920024871826172e+02 8.470933437347412109e+01 3.361266708374023438e+01 3.080471229553222656e+01
1.921031303405761719e+02 8.245230293273925781e+01 3.739396667480468750e+01 3.149184036254882812e+01
1.894413452148437500e+02 8.147677993774414062e+01 3.720577239990234375e+01 3.228138732910156250e+01
1.932375640869140625e+02 8.091660594940185547e+01 3.973116302490234375e+01 3.071983528137207031e+01
1.996309127807617188e+02 8.060153961181640625e+01 3.670899200439453125e+01 3.209108734130859375e+01
1.996354827880859375e+02 7.772748184204101562e+01 4.324919891357421875e+01 3.308547973632812500e+01
2.083715286254882812e+02 8.212398529052734375e+01 3.971031951904296875e+01 2.963698577880859375e+01
2.091646919250488281e+02 8.064032840728759766e+01 3.631994628906250000e+01 2.990765953063964844e+01
2.145795459747314453e+02 7.808368968963623047e+01 3.515523147583007812e+01 3.106483650207519531e+01
2.158059177398681641e+02 8.267705154418945312e+01 3.481470108032226562e+01 2.774082946777343750e+01
2.170177230834960938e+02 8.060437107086181641e+01 3.321582031250000000e+01 2.916177940368652344e+01
2.189785003662109375e+02 8.097775173187255859e+01 3.309164428710937500e+01 2.849591255187988281e+01
2.204348373413085938e+02 7.874686622619628906e+01 3.312563323974609375e+01 2.838580703735351562e+01
2.232367420196533203e+02 7.972933959960937500e+01 3.232480239868164062e+01 2.669699859619140625e+01
2.252989015579223633e+02 7.901379776000976562e+01 3.132644462585449219e+01 2.555056762695312500e+01
2.256026325225830078e+02 7.787023162841796875e+01 3.479061508178710938e+01 2.733100891113281250e+01
2.280436725616455078e+02 7.660885429382324219e+01 3.397388839721679688e+01 2.860367202758789062e+01
2.302298545837402344e+02 7.976640510559082031e+01 3.441396331787109375e+01 2.520932388305664062e+01
2.321764640808105469e+02 7.875501060485839844e+01 3.507530212402343750e+01 2.457541275024414062e+01
2.347973041534423828e+02 7.828473186492919922e+01 3.373130416870117188e+01 2.437418556213378906e+01
2.376318578720092773e+02 7.644270420074462891e+01 3.081269264221191406e+01 2.458302879333496094e+01
2.409942846298217773e+02 7.789545059204101562e+01 3.071000099182128906e+01 2.300384521484375000e+01
2.422408742904663086e+02 7.727199363708496094e+01 3.168794441223144531e+01 2.342895126342773438e+01
2.440451698303222656e+02 7.514204120635986328e+01 3.294254302978515625e+01 2.477633476257324219e+01
2.483987350463867188e+02 7.229863834381103516e+01 3.499530029296875000e+01 2.557642173767089844e+01
2.494105834960937500e+02 6.926624965667724609e+01 3.614437103271484375e+01 3.033038520812988281e+01
2.518360443115234375e+02 6.721764278411865234e+01 3.939009857177734375e+01 3.195222663879394531e+01
2.563274078369140625e+02 7.102032184600830078e+01 3.866870880126953125e+01 2.843277549743652344e+01
2.619668140411376953e+02 6.826584053039550781e+01 3.330405044555664062e+01 2.975158309936523438e+01
2.625366878509521484e+02 7.049507617950439453e+01 3.544186019897460938e+01 2.811235618591308594e+01
2.635906829833984375e+02 6.808563995361328125e+01 3.240240478515625000e+01 2.853426361083984375e+01
2.606670761108398438e+02 6.314301681518554688e+01 3.657272338867187500e+01 3.063594818115234375e+01
2.624019317626953125e+02 6.215455436706542969e+01 3.361355590820312500e+01 3.187399673461914062e+01
2.616350269317626953e+02 6.153293609619140625e+01 3.401026535034179688e+01 2.857837677001953125e+01
2.601303195953369141e+02 5.742222118377685547e+01 4.100254440307617188e+01 2.882203102111816406e+01
2.547976646423339844e+02 5.529954147338867188e+01 4.245981597900390625e+01 3.336357879638671875e+01
2.584821166992187500e+02 5.357361316680908203e+01 3.992230224609375000e+01 3.160968589782714844e+01
2.571317272186279297e+02 5.521884536743164062e+01 3.504733657836914062e+01 3.015062713623046875e+01
2.665007324218750000e+02 5.424485492706298828e+01 3.510440063476562500e+01 2.541985130310058594e+01
2.573307075500488281e+02 5.500217247009277344e+01 3.859192657470703125e+01 2.740738296508789062e+01
2.606370849609375000e+02 5.257868862152099609e+01 3.723870849609375000e+01 2.730300331115722656e+01
2.677250862121582031e+02 5.069959640502929688e+01 3.433444976806640625e+01 2.835903167724609375e+01
2.589824676513671875e+02 4.943454933166503906e+01 3.934272003173828125e+01 3.081338119506835938e+01
2.662966213226318359e+02 4.707510280609130859e+01 3.903939437866210938e+01 3.025110054016113281e+01
2.589573173522949219e+02 4.365846824645996094e+01 4.186412048339843750e+01 2.881669998168945312e+01
2.605048408508300781e+02 4.276101970672607422e+01 4.323338317871093750e+01 3.138118934631347656e+01
2.614219074249267578e+02 4.296205806732177734e+01 3.923505020141601562e+01 3.085020637512207031e+01
2.713140735626220703e+02 4.103938293457031250e+01 3.155463027954101562e+01 2.805439758300781250e+01
2.716820182800292969e+02 4.138503456115722656e+01 2.911963653564453125e+01 2.525635147094726562e+01
2.712674379348754883e+02 3.929319858551025391e+01 3.018409538269042969e+01 2.542767143249511719e+01
2.707869672775268555e+02 3.878316593170166016e+01 2.981904792785644531e+01 2.546434593200683594e+01
2.698841600418090820e+02 4.089175319671630859e+01 3.106598472595214844e+01 2.502358436584472656e+01
2.690019798278808594e+02 4.014134693145751953e+01 3.249951934814453125e+01 2.711507225036621094e+01
2.627738437652587891e+02 4.092145729064941406e+01 3.522740554809570312e+01 2.556871414184570312e+01
2.699522438049316406e+02 4.489858722686767578e+01 3.294116210937500000e+01 2.439396476745605469e+01
2.656310939788818359e+02 4.137074851989746094e+01 3.214926528930664062e+01 2.558724594116210938e+01
2.675945587158203125e+02 4.153462600708007812e+01 3.171786499023437500e+01 2.620280456542968750e+01
2.681990871429443359e+02 4.011352348327636719e+01 2.990658950805664062e+01 2.664184188842773438e+01
2.696810989379882812e+02 4.206406688690185547e+01 2.942728424072265625e+01 2.629590034484863281e+01
2.709064769744873047e+02 4.355452442169189453e+01 3.110886764526367188e+01 2.244493675231933594e+01
2.696360263824462891e+02 4.083861160278320312e+01 3.104191207885742188e+01 2.740954589843750000e+01
2.696703901290893555e+02 4.556211471557617898e+01 3.114550971984863281e+01 2.492913055419921164e+01
2.679441299438476562e+02 4.560316562652587891e+01 3.243379211425781250e+01 2.504656791687011719e+01
2.688066854476928711e+02 4.535597896575927734e+01 3.002531623840332031e+01 2.468445014953613281e+01
2.728016443252563477e+02 4.771932983398437500e+01 2.628545188903808594e+01 2.393589019775390625e+01
2.720290594100952148e+02 4.722621917724609375e+01 2.936529731750488281e+01 2.636197662353515625e+01
2.750008945465087891e+02 5.048868083953857422e+01 2.830917739868164062e+01 2.497915077209472656e+01
2.698344993591308594e+02 5.017286205291747336e+01 2.939363098144531250e+01 2.528882789611817117e+01
2.744673547744750977e+02 5.015906524658203125e+01 2.879289817810058594e+01 2.410977172851562500e+01
2.730034484863281250e+02 5.020391750335693359e+01 2.816934967041015625e+01 2.511839485168457031e+01
2.699216651916503906e+02 5.040604972839354758e+01 3.186865997314453125e+01 2.451655197143555398e+01
2.619532814025878906e+02 4.921485042572021484e+01 3.701651000976562500e+01 2.430359077453613281e+01
2.750679283142089844e+02 5.197024726867675781e+01 2.844366455078125000e+01 2.438929367065429688e+01
2.717687854766845703e+02 5.281882572174072266e+01 2.972993850708007812e+01 2.329067802429199219e+01
2.753307113647460938e+02 5.362908935546875000e+01 2.751707458496093750e+01 2.295914459228515625e+01
2.740620365142822266e+02 5.379478836059570312e+01 2.689696121215820312e+01 2.308087921142578125e+01
2.737185916900634766e+02 5.486670112609863281e+01 2.591905593872070312e+01 2.479420089721679688e+01
2.761295452117919922e+02 5.638718605041503906e+01 2.582845687866210938e+01 2.322259140014648438e+01
2.762058839797973633e+02 5.756706905364990234e+01 2.567883872985839844e+01 2.150483894348144531e+01
2.759967699050903320e+02 5.955813312530517578e+01 2.559469413757324219e+01 2.188098716735839844e+01
2.768840341567993164e+02 6.173763847351074219e+01 2.322031974792480469e+01 2.106569290161132812e+01
2.773779373168945312e+02 6.042175388336181641e+01 2.424033355712890625e+01 2.100038719177246094e+01
2.755305433273315430e+02 5.866487407684326172e+01 2.742540168762207031e+01 2.458923530578613281e+01
2.769700574874877930e+02 5.814477539062500000e+01 2.736431312561035156e+01 2.466496276855468750e+01
2.735392045974731445e+02 6.193701457977294922e+01 2.769737052917480469e+01 2.368989753723144531e+01
2.716469631195068359e+02 6.186575126647949219e+01 2.973544692993164062e+01 2.324262619018554688e+01
2.762806529998779297e+02 6.424936676025390625e+01 2.676860427856445312e+01 2.372430419921875000e+01
2.729373989105224609e+02 6.405688190460205078e+01 2.721141433715820312e+01 2.429219627380371094e+01
2.760686893463134766e+02 6.609755516052246094e+01 2.580760574340820312e+01 2.319755935668945312e+01
2.742170372009277344e+02 6.719251823425292969e+01 2.412542724609375000e+01 2.165252304077148438e+01
2.771490049362182617e+02 6.549019813537597656e+01 2.618554878234863281e+01 2.411948013305664062e+01
2.588246440887451172e+02 6.608425521850585938e+01 3.677878189086914062e+01 2.406283569335937500e+01
2.549977836608886719e+02 6.492284393310546875e+01 3.545635223388671875e+01 2.617606353759765625e+01
2.544148311614990234e+02 6.586166286468505859e+01 4.306628799438476562e+01 2.905221748352050781e+01
2.580215244293212891e+02 6.421941566467285156e+01 4.200750350952148438e+01 3.071355819702148438e+01
2.593872871398925781e+02 6.456635379791259766e+01 3.949710845947265625e+01 2.908080863952636719e+01
2.481292743682861328e+02 6.671612167358398438e+01 2.594816207885742188e+01 2.608126068115234375e+01
2.490807199478149414e+02 6.905283641815185547e+01 2.160505485534667969e+01 2.524647712707519531e+01
2.483884897232055664e+02 6.858755588531494141e+01 2.162169456481933594e+01 2.305152702331542969e+01
2.504024324417114258e+02 7.011169147491455078e+01 2.055734825134277344e+01 2.263335227966308594e+01
2.480857934951782227e+02 7.046810054779052734e+01 2.220700645446777344e+01 2.290754127502441406e+01
2.482142105102539062e+02 7.086844253540039062e+01 2.128472900390625000e+01 2.286022186279296875e+01
2.491797857284545898e+02 7.065665245056152344e+01 2.144871711730957031e+01 2.417922592163085938e+01
2.495789203643798828e+02 7.075163745880126953e+01 1.943292617797851562e+01 2.308971977233886719e+01
2.496722354888916016e+02 7.202502059936523438e+01 1.987354660034179688e+01 2.224726104736328125e+01
2.499010467529296875e+02 7.254569339752197266e+01 2.299523162841796875e+01 2.129188346862792969e+01
2.490936985015869141e+02 7.246838855743408203e+01 2.161881637573242188e+01 2.379365348815917969e+01
2.493076314926147461e+02 7.283135700225830078e+01 2.462331581115722656e+01 2.245396995544433594e+01
2.492863750457763672e+02 7.232227134704589844e+01 2.280138778686523438e+01 2.094446182250976562e+01
2.494604282379150391e+02 7.177777671813964844e+01 2.533104324340820312e+01 2.237494277954101562e+01
2.510083522796630859e+02 7.086771392822265625e+01 2.500222396850585938e+01 2.199243164062500000e+01
2.512631759643554688e+02 7.144235706329345703e+01 2.533649444580078125e+01 2.397562217712402344e+01
2.533558387756347656e+02 7.277769374847412109e+01 2.539873504638671875e+01 2.445540809631347656e+01
2.532377614974975586e+02 7.243329524993896484e+01 2.677722358703613281e+01 2.353052711486816406e+01
2.507890129089355469e+02 7.155405044555664062e+01 2.182501220703125000e+01 2.371879577636718750e+01
2.444873361587524414e+02 7.321583271026611328e+01 2.344343376159667969e+01 2.402612876892089844e+01
2.433352460861206055e+02 7.230106353759765625e+01 2.335860633850097656e+01 2.518532562255859375e+01
2.344548225402832031e+02 7.258934974670410156e+01 2.847010803222656250e+01 2.784045028686523438e+01
2.337956247329711914e+02 7.101206874847412109e+01 3.036868095397949219e+01 2.915273475646972656e+01
2.387976274490356445e+02 7.359704017639160156e+01 2.479117393493652344e+01 2.954368209838867188e+01
2.360377044677734375e+02 7.204188919067382812e+01 3.211746978759765625e+01 3.073467254638671875e+01
2.328953886032104492e+02 7.532689380645751953e+01 2.661977577209472656e+01 3.075546836853027344e+01
2.330578393936157227e+02 7.495931720733642578e+01 2.424154472351074219e+01 2.897710227966308594e+01
2.327056913375854492e+02 7.603696632385253906e+01 2.530283546447753906e+01 3.038245010375976562e+01
2.264522247314453125e+02 7.430374908447265625e+01 2.798086547851562500e+01 2.896651458740234375e+01
2.289185752868652344e+02 7.492529678344726562e+01 2.517761230468750000e+01 2.784671783447265625e+01
2.263262815475463867e+02 7.535491657257080078e+01 2.271092414855957031e+01 2.944367790222167969e+01
2.293484821319580078e+02 7.657415103912353516e+01 2.048211288452148438e+01 2.678022575378417969e+01
2.200499334335327148e+02 7.600359916687011719e+01 2.456344032287597656e+01 2.516161727905273438e+01
2.259095048904418945e+02 7.393888282775878906e+01 2.024012565612792969e+01 2.565780258178710938e+01
2.263840694427490234e+02 7.569328022003173828e+01 1.934241867065429688e+01 2.424353599548339844e+01
2.246687345504760742e+02 7.708327007293701172e+01 1.877256965637207031e+01 2.254843330383300781e+01
2.226455669403076172e+02 7.667950534820556641e+01 1.960902023315429688e+01 2.219041252136230469e+01
2.227676668167114258e+02 7.599833774566650391e+01 1.983955192565917969e+01 2.483248710632324219e+01
2.204838438034057617e+02 7.482982158660888672e+01 2.137539100646972656e+01 2.601415443420410156e+01
2.203599796295166016e+02 7.600383758544921875e+01 2.023937606811523438e+01 2.373135375976562500e+01
2.182178430557250977e+02 7.599946022033691406e+01 2.034172630310058594e+01 2.280797195434570312e+01
2.191712188720703125e+02 7.638593006134033203e+01 1.814584350585937500e+01 2.211285972595214844e+01
2.206910076141357422e+02 7.650172138214111328e+01 1.659352493286132812e+01 2.405323600769042969e+01
2.149255752563476562e+02 7.655032539367675781e+01 1.918888854980468750e+01 2.432413101196289062e+01
2.173605031967163086e+02 7.753909015655517578e+01 1.780941200256347656e+01 2.334168052673339844e+01
2.150159540176391602e+02 7.666130542755126953e+01 1.945194816589355469e+01 2.365967369079589844e+01
2.104237680435180664e+02 7.705195140838623047e+01 2.252271080017089844e+01 2.474353981018066406e+01
2.166255960464477539e+02 7.717630004882812500e+01 1.873133659362792969e+01 2.407192230224609375e+01
2.149087400436401367e+02 7.748602390289306641e+01 1.939050483703613281e+01 2.307468223571777344e+01
2.182396669387817383e+02 7.681896877288818359e+01 1.816296958923339844e+01 2.397268867492675781e+01
2.141417245864868164e+02 7.589789772033691406e+01 1.926381492614746094e+01 2.459378433227539062e+01
2.138185329437255859e+02 7.651909923553466797e+01 1.989567947387695312e+01 2.279185676574707031e+01
2.151050882339477539e+02 7.774689483642578125e+01 1.870757102966308594e+01 2.263990783691406250e+01
2.165844774246215820e+02 7.628339767456054688e+01 1.854251670837402344e+01 2.117895507812500000e+01
2.172849864959716797e+02 7.619836997985839844e+01 2.042568588256835938e+01 2.278634262084960938e+01
2.207156744003295898e+02 7.675485515594482422e+01 1.793564033508300781e+01 2.465455818176269531e+01
2.238224020004272461e+02 7.633245849609375000e+01 1.737581825256347656e+01 2.342915344238281250e+01
2.256489963531494141e+02 7.609328746795654297e+01 1.588045120239257812e+01 2.219508552551269531e+01
2.213433866500854492e+02 7.549274921417236328e+01 1.882142066955566406e+01 2.229343223571777344e+01
2.232599401473999023e+02 7.477689266204833984e+01 1.855301094055175781e+01 2.262644386291503906e+01
2.250129270553588867e+02 7.514625358581542969e+01 1.746856880187988281e+01 2.250600051879882812e+01
2.244132022857666016e+02 7.465581130981445312e+01 2.007908248901367188e+01 2.321301269531250000e+01
2.254603872299194336e+02 7.332836341857910156e+01 2.138216590881347656e+01 2.493546676635742188e+01
2.256953239440917969e+02 7.341752338409423828e+01 2.212336730957031250e+01 2.481912803649902344e+01
2.272740306854248047e+02 7.225578403472900391e+01 1.971935653686523438e+01 2.389736747741699219e+01
2.258671789169311523e+02 7.246373558044433594e+01 2.180681800842285156e+01 2.635772323608398438e+01
2.236194705963134766e+02 6.884505081176757812e+01 2.974167251586914062e+01 2.892689514160156250e+01
1.852665710449218750e+02 7.353529834747314453e+01 2.826184463500976562e+01 3.081181144714355469e+01
1.820303077697753906e+02 7.597126483917236328e+01 2.754974746704101562e+01 2.679727745056152344e+01
1.831521644592285156e+02 7.655322647094726562e+01 2.608872604370117188e+01 2.628171539306640625e+01
1.704005556106567383e+02 8.163225078582763672e+01 2.640988349914550781e+01 2.731974220275878906e+01
1.643588447570800781e+02 8.397039508819580078e+01 3.325577163696289062e+01 2.882286643981933594e+01
1.724850730895996094e+02 7.603860473632812500e+01 3.389244461059570312e+01 3.378314208984375000e+01
1.824366073608398438e+02 7.462638473510742188e+01 3.298131942749023438e+01 3.332979583740234375e+01
1.833930130004882812e+02 6.709799575805664062e+01 3.194764328002929688e+01 3.212192535400390625e+01
1.756871757507324219e+02 7.251971817016601562e+01 3.219557571411132812e+01 3.217237091064453125e+01
1.744839973449707031e+02 7.884375762939453125e+01 3.230591964721679688e+01 3.232640075683593750e+01
1.821490478515625000e+02 7.492263126373291016e+01 2.828268814086914062e+01 2.827148246765136719e+01
1.812401542663574219e+02 6.600052356719970703e+01 2.766253280639648438e+01 2.896843528747558594e+01
1.808063125610351562e+02 5.905860900878906250e+01 2.839557266235351562e+01 3.418955230712890625e+01
1.846723642349243164e+02 7.475268554687500000e+01 2.751570320129394531e+01 3.111083221435546875e+01
1.828193016052246094e+02 6.885442924499511719e+01 2.746995162963867188e+01 3.001720809936523438e+01
1.855796251296997070e+02 6.547415542602539062e+01 2.794069862365722656e+01 3.265443420410156250e+01
1.762589740753173828e+02 6.166326713562011719e+01 2.770793914794921875e+01 3.770952987670898438e+01
1.890979804992675781e+02 7.295746326446533203e+01 2.900944900512695312e+01 2.895149040222167969e+01
1.833206005096435547e+02 7.159774684906005859e+01 2.749080657958984375e+01 2.540810585021972656e+01
1.845960845947265625e+02 6.937193679809570312e+01 2.651366043090820312e+01 2.958458709716796875e+01
1.642819766998291016e+02 7.518494510650634766e+01 3.240472412109375000e+01 2.857253837585449219e+01
1.795474767684936523e+02 7.296663665771484375e+01 2.899587059020996094e+01 3.087088775634765625e+01
1.824425859451293945e+02 7.438201808929443359e+01 2.696146583557128906e+01 2.653593635559082031e+01
1.718291931152343750e+02 7.613278865814208984e+01 2.933941268920898438e+01 2.940616035461425781e+01
1.779799013137817383e+02 7.427896022796630859e+01 2.973315620422363281e+01 2.830733680725097656e+01
1.809274339675903320e+02 7.464012050628662109e+01 2.739348030090332031e+01 2.859914588928222656e+01
1.787405786514282227e+02 7.411157703399658203e+01 2.994944190979003906e+01 2.773034477233886719e+01
1.796400718688964844e+02 6.107543373107910156e+01 2.494623184204101562e+01 3.503535842895507812e+01
1.846018972396850586e+02 7.715491199493408203e+01 2.803571891784667969e+01 2.410603141784667969e+01
1.818386449813842773e+02 7.812582492828369141e+01 2.514225578308105469e+01 2.591216850280761719e+01
1.856797914505004883e+02 7.569545269012451172e+01 2.154463386535644531e+01 2.178437232971191406e+01
1.776212806701660156e+02 7.354664421081542969e+01 2.376491928100585938e+01 2.541627883911132812e+01
1.863773202896118164e+02 7.596582698822021484e+01 2.219283485412597656e+01 2.447748756408691406e+01
1.856711330413818359e+02 7.737413978576660156e+01 2.274588775634765625e+01 2.227783584594726562e+01
1.814012641906738281e+02 7.308550548553466797e+01 2.385958480834960938e+01 2.587617683410644531e+01
1.835966091156005859e+02 7.366657257080078125e+01 2.773441314697265625e+01 2.526151275634765625e+01
1.646299123764038086e+02 7.757469272613525391e+01 3.004701805114746094e+01 2.840801048278808594e+01
1.586028404235839844e+02 7.173682212829589844e+01 3.555839157104492188e+01 3.471876907348632812e+01
1.823306999206542969e+02 7.566427898406982422e+01 2.976130294799804688e+01 2.807441139221191406e+01
1.803857574462890625e+02 6.194200134277343750e+01 3.397705459594726562e+01 3.392100524902343750e+01
2.295926780700683594e+02 6.773675251007080078e+01 3.351649093627929688e+01 3.096678733825683594e+01
2.332513790130615234e+02 6.647658920288085938e+01 3.551129913330078125e+01 3.258173370361328125e+01
2.307530288696289062e+02 7.086029911041259766e+01 3.565607070922851562e+01 3.014312553405761719e+01
2.293391265869140625e+02 7.268893909454345703e+01 3.437029647827148438e+01 3.032013511657714844e+01
2.234146518707275391e+02 7.388672733306884766e+01 3.661096954345703125e+01 3.058218193054199219e+01
2.246801052093505859e+02 7.595705413818359375e+01 3.294071960449218750e+01 3.053115844726562500e+01
2.219115695953369141e+02 7.715146064758300781e+01 3.316520690917968750e+01 2.977219772338867188e+01
2.203563327789306641e+02 7.876429653167724609e+01 3.364382934570312500e+01 2.935769844055175781e+01
2.131049556732177734e+02 8.147826004028320312e+01 3.609172058105468750e+01 3.061469268798828125e+01
2.118739547729492188e+02 8.441528797149658203e+01 3.564358139038085938e+01 2.886008262634277344e+01
2.082671661376953125e+02 8.657169437408447266e+01 3.404411697387695312e+01 2.555270195007324219e+01
2.105271778106689453e+02 8.676207923889160156e+01 3.241982269287109375e+01 2.542396163940429688e+01
2.093610343933105469e+02 8.714930534362792969e+01 3.261377334594726562e+01 2.331245803833007812e+01
2.097485561370849609e+02 8.685679054260253906e+01 3.355091094970703125e+01 2.534390640258789062e+01
2.090359430313110352e+02 8.677026271820068359e+01 3.095695686340332031e+01 2.433318519592285156e+01
2.063134822845458984e+02 8.625667858123779297e+01 3.273380279541015625e+01 2.376484107971191406e+01
2.050830669403076172e+02 8.624192142486572266e+01 3.226313018798828125e+01 2.466222953796386719e+01
2.043705139160156250e+02 8.626314830780029297e+01 3.307981491088867188e+01 2.562522315979003906e+01
2.031398067474365234e+02 8.568071651458740234e+01 3.140303039550781250e+01 2.716230964660644531e+01
1.983088855743408203e+02 8.651023674011230469e+01 3.369561004638671875e+01 2.728941726684570312e+01
1.807179679870605469e+02 8.349300670623779297e+01 3.935052108764648438e+01 2.955752754211425781e+01
1.901749725341796875e+02 8.731267642974853516e+01 3.891023635864257812e+01 2.811664390563964844e+01
1.916539802551269531e+02 8.575261116027832031e+01 3.814129257202148438e+01 3.175561904907226562e+01
1.929348793029785156e+02 8.557525444030761719e+01 3.445521163940429688e+01 3.002991867065429688e+01
1.905545005798339844e+02 8.631092548370361328e+01 3.411351394653320312e+01 3.028684806823730469e+01
1.878269004821777344e+02 8.539768123626708984e+01 3.686281967163085938e+01 3.166369056701660156e+01
1.853271102905273438e+02 8.803251171112060547e+01 3.508496475219726562e+01 2.872319221496582031e+01
1.835644893646240234e+02 9.057679939270019531e+01 3.430862426757812500e+01 2.734476089477539062e+01
1.799169349670410156e+02 9.124099445343017578e+01 3.241212081909179688e+01 2.421471214294433594e+01
1.767553577423095703e+02 9.210798931121826172e+01 3.319290161132812500e+01 2.462376594543457031e+01
1.732751159667968750e+02 9.174103927612304688e+01 3.124123764038085938e+01 2.560014343261718750e+01
1.716922769546508789e+02 9.270403861999511719e+01 3.052534675598144531e+01 2.449232101440429688e+01
1.703678016662597656e+02 9.210074520111083984e+01 3.250452041625976562e+01 2.482684516906738281e+01
1.677462978363037109e+02 9.315502166748046875e+01 3.251210021972656250e+01 2.509535217285156250e+01
1.652585096359252930e+02 9.393487167358398438e+01 3.026504325866699219e+01 2.600106048583984375e+01
1.640822124481201172e+02 9.462838363647460938e+01 3.302924346923828125e+01 2.472100830078125000e+01
1.617907676696777344e+02 9.483715534210205078e+01 3.129075241088867188e+01 2.687248039245605469e+01
1.616781139373779297e+02 9.474751949310302734e+01 3.256682586669921875e+01 2.676748847961425781e+01
1.610175828933715820e+02 9.403342342376708984e+01 3.161551856994628906e+01 2.670677375793457031e+01
1.617265605926513672e+02 9.280537414550781250e+01 3.438383483886718750e+01 2.639756774902343750e+01
1.627903690338134766e+02 8.850393962860107422e+01 3.676769256591796875e+01 2.943063545227050781e+01
1.658267240524291992e+02 9.422140884399414062e+01 3.090172386169433594e+01 2.549807739257812500e+01
1.688449459075927734e+02 9.474830627441406250e+01 3.255673980712890625e+01 2.690940856933593750e+01
1.697057399749755859e+02 9.317787361145019531e+01 3.284869384765625000e+01 2.628819656372070312e+01
1.741757678985595703e+02 9.658583068847656250e+01 3.374993896484375000e+01 2.361520385742187500e+01
1.778535737991333008e+02 9.554779720306396484e+01 3.166850471496582031e+01 2.587552070617675781e+01
1.809780664443969727e+02 9.815991592407226562e+01 3.084980201721191406e+01 2.539552307128906250e+01
1.845229749679565430e+02 9.677990722656250000e+01 3.176678276062011719e+01 2.601901245117187500e+01
1.847543849945068359e+02 1.010790719985961914e+02 3.271820068359375000e+01 2.370798301696777344e+01
1.870389270782470703e+02 1.007239170074462891e+02 3.227701568603515625e+01 2.448692703247070312e+01
1.876879959106445312e+02 1.037058486938476562e+02 3.204300308227539062e+01 2.326953125000000000e+01
1.891968059539794922e+02 1.038734188079833984e+02 3.329730224609375000e+01 2.312182998657226562e+01
1.901925344467163086e+02 1.051626062393188477e+02 2.839829063415527344e+01 2.415863609313964844e+01
1.891124801635742188e+02 1.062276630401611328e+02 3.164993667602539062e+01 2.491453933715820312e+01
1.888419113159179688e+02 1.069911394119262695e+02 3.153925704956054688e+01 2.598478507995605469e+01
1.879589281082153320e+02 1.091455183029174805e+02 3.054722023010253906e+01 2.478075599670410156e+01
1.887614822387695312e+02 1.090657758712768555e+02 3.242823410034179688e+01 2.446544075012207031e+01
1.888783454895019531e+02 1.105002899169921875e+02 3.293091964721679688e+01 2.410099792480468750e+01
1.877203931808471680e+02 1.128029346466064453e+02 3.095176506042480469e+01 2.075987625122070312e+01
1.877101802825927734e+02 1.123588485717773438e+02 3.264349365234375000e+01 2.452996063232421875e+01
1.863955974578857422e+02 1.126944351196289062e+02 3.355250549316406250e+01 2.411515045166015625e+01
1.855812759399414062e+02 1.138543891906738281e+02 3.093284988403320312e+01 2.402320098876953125e+01
1.873770809173583984e+02 1.159952888488769531e+02 2.970284271240234375e+01 2.399527740478515625e+01
1.877868757247924805e+02 1.168607120513916016e+02 2.706465721130371094e+01 2.382467269897460938e+01
1.887556581497192383e+02 1.179927272796630859e+02 2.971946907043457031e+01 2.286333084106445312e+01
1.893722152709960938e+02 1.182041139602661133e+02 3.296170425415039062e+01 2.348110771179199219e+01
1.752268838882446289e+02 1.190635156631469727e+02 3.097133827209472656e+01 2.630047416687011719e+01
1.745322065353393555e+02 1.193395957946777344e+02 2.912515830993652344e+01 2.517996978759765625e+01
1.890168418884277344e+02 1.203611621856689453e+02 2.831389236450195312e+01 2.603903579711914062e+01
1.837876596450805664e+02 1.192606210708618164e+02 2.679967689514160156e+01 2.472454643249511719e+01
1.794514541625976562e+02 1.205709915161132812e+02 2.349520492553710938e+01 2.151678466796875000e+01
1.896690416336059570e+02 1.220419635772705078e+02 2.578354072570800781e+01 2.148788833618164062e+01
1.849755449295043945e+02 1.234922590255737305e+02 2.703054237365722656e+01 2.214879798889160156e+01
1.850293083190917969e+02 1.211047153472900391e+02 2.800264358520507812e+01 2.594550704956054688e+01
1.822260646820068359e+02 1.244207134246826172e+02 3.219780731201171875e+01 2.654216384887695312e+01
1.812449045181274414e+02 1.225148696899414062e+02 2.917479896545410156e+01 2.696304321289062500e+01
1.888401250839233398e+02 1.236591644287109375e+02 2.539186668395996094e+01 2.680821990966796875e+01
1.905031919479370117e+02 1.230746450424194336e+02 2.513626670837402344e+01 2.592124366760253906e+01
1.874431343078613281e+02 1.221825866699218750e+02 2.761362075805664062e+01 2.533128356933593750e+01
1.892682952880859375e+02 1.239125938415527344e+02 2.637182235717773438e+01 2.592218780517578125e+01
1.888093299865722656e+02 1.235607557296752930e+02 2.921106338500976562e+01 2.678468513488769531e+01
1.895967702865600586e+02 1.224175472259521484e+02 2.865331077575683594e+01 2.567439651489257812e+01
1.814483022689819336e+02 1.224954242706298828e+02 2.687072563171386719e+01 2.584916305541992188e+01
1.785172195434570312e+02 1.219714097976684570e+02 2.917090988159179688e+01 2.503215599060058594e+01
1.719787034988403320e+02 1.180999660491943359e+02 3.113004493713378906e+01 2.640306472778320312e+01
1.847533206939697266e+02 1.189736433029174805e+02 3.346380615234375000e+01 2.475291633605957031e+01
1.862078094482421875e+02 1.185383348464965820e+02 3.355513381958007812e+01 2.568147087097167969e+01
1.853298444747924805e+02 1.157985830307006836e+02 2.949537467956542969e+01 2.558435249328613281e+01
1.832818326950073242e+02 1.153466997146606445e+02 2.999799156188964844e+01 2.291693687438964844e+01
1.837109489440917969e+02 1.141218061447143555e+02 2.977456283569335938e+01 2.477842903137207031e+01
1.858665513992309570e+02 1.116723718643188477e+02 3.010719490051269531e+01 2.480244255065917969e+01
1.853214750289916992e+02 1.088617410659790039e+02 2.853504753112792969e+01 2.692934989929199219e+01
1.855050716400146484e+02 1.083858652114868164e+02 2.792245483398437500e+01 2.653476524353027344e+01
1.854892930984497070e+02 1.082575798034667969e+02 3.030514717102050781e+01 2.470819854736328125e+01
1.841243867874145508e+02 1.062492475509643555e+02 3.074126625061035156e+01 2.692943763732910156e+01
1.844263315200805664e+02 1.050157136917114258e+02 3.042908668518066406e+01 2.683022117614746094e+01
1.830227727890014648e+02 1.035106792449951172e+02 3.018886375427246094e+01 2.840591049194335938e+01
1.834149866104125977e+02 1.024337539672851562e+02 3.045389747619628906e+01 2.715548706054687500e+01
1.812055835723876953e+02 1.024990215301513672e+02 2.998143005371093750e+01 2.658966445922851562e+01
1.801999664306640625e+02 1.017046098709106445e+02 3.011398696899414062e+01 2.756597709655761719e+01
1.811760082244873047e+02 1.016932563781738281e+02 3.216683197021484375e+01 2.659043121337890625e+01
1.787943630218505859e+02 1.017591276168823242e+02 3.303334808349609375e+01 2.893358039855957031e+01
1.789340267181396484e+02 1.003215112686157227e+02 3.044482421875000000e+01 2.771245384216308594e+01
1.773218803405761719e+02 9.877631378173828125e+01 3.262111282348632812e+01 2.802478790283203125e+01
1.753600549697875977e+02 9.993699836730957031e+01 3.185795783996582031e+01 2.910545730590820312e+01
1.757993507385253906e+02 1.004520397186279297e+02 3.476984024047851562e+01 2.881519699096679688e+01
1.730053215026855469e+02 1.005489406585693359e+02 3.435794448852539062e+01 3.069321823120117188e+01
1.739656257629394531e+02 9.992356681823730469e+01 3.546057510375976562e+01 2.999688339233398438e+01
1.727910728454589844e+02 1.016660480499267578e+02 3.314669418334960938e+01 2.925088882446289062e+01
1.708630561828613281e+02 1.007472715377807617e+02 3.299680709838867188e+01 2.800338935852050781e+01
1.705503215789794922e+02 9.915440750122070312e+01 3.139964294433593750e+01 2.728492736816406250e+01
1.684004898071289062e+02 1.001162557601928711e+02 3.349978256225585938e+01 2.713163948059082031e+01
1.670138797760009766e+02 9.982224559783935547e+01 3.272069549560546875e+01 2.835002326965332031e+01
1.659272251129150391e+02 9.864130687713623047e+01 3.347843933105468750e+01 2.902480506896972656e+01
1.641379451751708984e+02 1.002432003021240234e+02 3.362438201904296875e+01 2.798740005493164062e+01
1.618048610687255859e+02 1.002871751785278320e+02 3.150380706787109375e+01 2.661916923522949219e+01
1.613411884307861328e+02 9.853853321075439453e+01 2.933557128906250000e+01 2.855190086364746094e+01
1.598825473785400391e+02 9.966375160217285156e+01 3.101110076904296875e+01 2.756126022338867188e+01
1.600325412750244141e+02 9.961677646636962891e+01 3.242687225341796875e+01 2.847553825378417969e+01
1.585363645553588867e+02 9.654567146301269531e+01 3.129286766052246094e+01 3.219456100463867188e+01
1.588891601562500000e+02 9.795228385925292969e+01 3.334197616577148438e+01 3.006081771850585938e+01
1.591146640777587891e+02 9.733397388458251953e+01 3.354941558837890625e+01 3.056233787536621094e+01
1.599911842346191406e+02 9.709433746337890625e+01 3.536568069458007812e+01 3.075097656250000000e+01
1.592358894348144531e+02 9.926394844055175781e+01 3.172092819213867188e+01 3.056383895874023438e+01
1.596872920989990234e+02 9.806469154357910156e+01 3.465259552001953125e+01 2.965443038940429688e+01
1.592048149108886719e+02 9.739717578887939453e+01 3.505228805541992188e+01 3.158257102966308594e+01
1.628844051361083984e+02 9.925955390930175781e+01 3.498911285400390625e+01 2.947938156127929688e+01
1.641879329681396484e+02 9.821587276458740234e+01 3.368090057373046875e+01 2.922120094299316406e+01
1.676204833984375000e+02 9.827120780944824219e+01 3.345277786254882812e+01 3.061657333374023438e+01
1.699144210815429688e+02 9.788947582244873047e+01 3.649940872192382812e+01 3.061740303039550781e+01
1.712434005737304688e+02 9.875353622436523438e+01 3.678712844848632812e+01 3.047854614257812500e+01
1.735062294006347656e+02 9.996033859252929688e+01 3.596847152709960938e+01 2.958299255371093750e+01
1.730288162231445312e+02 1.031723995208740234e+02 3.241302871704101562e+01 2.617162704467773438e+01
1.716500988006591797e+02 1.032965497970581055e+02 3.608298492431640625e+01 2.671397590637207031e+01
1.830416278839111328e+02 1.037917470932006836e+02 3.127536010742187500e+01 2.711068916320800781e+01
1.850481147766113281e+02 1.045213241577148438e+02 3.336780929565429688e+01 2.776590728759765625e+01
1.863869009017944336e+02 1.056643304824829102e+02 3.145233726501464844e+01 2.866699028015136719e+01
1.886685495376586914e+02 1.054233121871948242e+02 3.105493354797363281e+01 2.767479896545410156e+01
1.921091709136962891e+02 1.054600725173950195e+02 3.161072540283203125e+01 2.718247032165527344e+01
1.945888242721557617e+02 1.045392980575561523e+02 2.990532493591308594e+01 2.896389961242675781e+01
1.962006921768188477e+02 1.067766628265380859e+02 3.154690742492675781e+01 2.701412582397460938e+01
1.986458415985107422e+02 1.061719322204589844e+02 3.309793853759765625e+01 2.718879699707031250e+01
2.003638019561767578e+02 1.091291151046752930e+02 3.162199401855468750e+01 2.683214759826660156e+01
1.995682430267333984e+02 1.092242679595947266e+02 3.384305572509765625e+01 2.673405838012695312e+01
1.998923330307006836e+02 1.092290287017822266e+02 3.151729393005371094e+01 2.636178207397460938e+01
1.997657299041748047e+02 1.106913461685180664e+02 3.093891143798828125e+01 2.636767387390136719e+01
1.990907049179077148e+02 1.115971937179565430e+02 2.933645439147949219e+01 2.479757118225097656e+01
1.990341262817382812e+02 1.112850999832153320e+02 2.915489578247070312e+01 2.466433525085449219e+01
1.994890155792236328e+02 1.124293794631958008e+02 2.904615020751953125e+01 2.334023857116699219e+01
1.994683914184570312e+02 1.127791194915771484e+02 2.796187973022460938e+01 2.204925918579101562e+01
2.034014434814453125e+02 1.138191432952880859e+02 3.009740066528320312e+01 2.459997940063476562e+01
2.054798002243041992e+02 1.123924961090087891e+02 3.184682273864746094e+01 2.465450668334960938e+01
2.072245035171508789e+02 1.125907497406005859e+02 2.916825294494628906e+01 2.664874649047851562e+01
2.105625495910644531e+02 1.110604181289672852e+02 3.121797561645507812e+01 2.785192680358886719e+01
2.122265071868896484e+02 1.110367050170898438e+02 3.274480438232421875e+01 2.848960876464843750e+01
2.135784778594970703e+02 1.104723672866821289e+02 3.405110168457031250e+01 3.027421379089355469e+01
2.143301162719726562e+02 1.089322090148925781e+02 3.445862197875976562e+01 3.243988800048828125e+01
2.184210453033447266e+02 1.092581281661987305e+02 3.448660278320312500e+01 3.177140235900878906e+01
2.206953639984130859e+02 1.088076305389404297e+02 3.367761993408203125e+01 3.135353469848632812e+01
2.231633033752441406e+02 1.099918193817138672e+02 3.203196334838867188e+01 3.024892044067382812e+01
2.259747104644775391e+02 1.093283777236938477e+02 3.107951354980468750e+01 2.958095359802246094e+01
2.281214141845703125e+02 1.090969047546386719e+02 3.302695083618164062e+01 3.020632934570312500e+01
2.301264305114746094e+02 1.097236680984497070e+02 3.252543258666992188e+01 3.034544181823730469e+01
2.314214382171630859e+02 1.093558425903320312e+02 3.108406066894531250e+01 3.038290405273437500e+01
2.318013591766357422e+02 1.091349420547485352e+02 3.361309814453125000e+01 3.069855308532714844e+01
2.319555416107177734e+02 1.090998945236206055e+02 3.077725219726562500e+01 3.118261909484863281e+01
2.330279273986816406e+02 1.102162694931030273e+02 3.360010147094726562e+01 3.032834815979003906e+01
2.320399217605590820e+02 1.112865600585937500e+02 3.117711067199707031e+01 3.115526580810546875e+01
2.316522483825683594e+02 1.120631685256958008e+02 3.288980484008789062e+01 2.966961479187011719e+01
2.305306720733642578e+02 1.134801101684570312e+02 3.242478942871093750e+01 2.978734588623046875e+01
2.302403335571289062e+02 1.125269374847412109e+02 3.304266738891601562e+01 2.915941238403320312e+01
2.295703811645507812e+02 1.135972204208374023e+02 3.005795669555664062e+01 2.937807655334472656e+01
2.273542881011962891e+02 1.137708253860473633e+02 3.218555450439453125e+01 3.054374504089355469e+01
2.254253063201904297e+02 1.141573858261108398e+02 3.265241241455078125e+01 3.199506568908691406e+01
2.225544376373291016e+02 1.152362356185913086e+02 3.185501098632812500e+01 3.056994056701660156e+01
2.210494709014892578e+02 1.151423492431640625e+02 3.202396392822265625e+01 3.094561004638671875e+01
2.197132434844970703e+02 1.145601243972778320e+02 3.404550170898437500e+01 3.073828697204589844e+01
2.178962230682373047e+02 1.148968086242675781e+02 3.411975860595703125e+01 3.164856719970703125e+01
2.155868225097656250e+02 1.144906778335571289e+02 3.615159988403320312e+01 3.184760856628417969e+01
2.147991771697998047e+02 1.160174102783203125e+02 3.466800689697265625e+01 3.222340393066406250e+01
2.135909957885742188e+02 1.159604425430297852e+02 3.286590957641601562e+01 2.957618522644042969e+01
2.121442985534667969e+02 1.156098060607910156e+02 3.597223281860351562e+01 3.084098052978515625e+01
2.126690750122070312e+02 1.166337184906005859e+02 3.347277450561523438e+01 3.001382827758789062e+01
2.130970277786254883e+02 1.151222772598266602e+02 3.133436775207519531e+01 2.833768272399902344e+01
2.119087486267089844e+02 1.136167802810668945e+02 3.518344497680664062e+01 2.940839195251464844e+01
2.125819969177246094e+02 1.134849176406860352e+02 3.410277175903320312e+01 2.908932304382324219e+01
2.127298736572265625e+02 1.136414260864257812e+02 3.524104690551757812e+01 3.065567779541015625e+01
2.127142906188964844e+02 1.126905956268310547e+02 3.404273605346679688e+01 3.235314559936523438e+01
2.130382347106933594e+02 1.131689348220825195e+02 3.373273849487304688e+01 3.155407524108886719e+01
2.126665592193603516e+02 1.143112163543701172e+02 3.243968200683593750e+01 2.933582687377929688e+01
2.122495851516723633e+02 1.109215259552001953e+02 3.196560859680175781e+01 3.041990280151367188e+01
2.118463697433471680e+02 1.116228342056274414e+02 3.176351737976074219e+01 3.199704551696777344e+01
2.116687755584716797e+02 1.110952625274658203e+02 3.260376739501953125e+01 3.014639663696289062e+01
2.107786340713500977e+02 1.117880582809448242e+02 2.985572242736816406e+01 2.910521125793457031e+01
2.076109676361083984e+02 1.113301496505737305e+02 3.209580230712890625e+01 2.630467414855957031e+01
2.068284215927124023e+02 1.120186758041381836e+02 3.199316215515136719e+01 2.573979377746582031e+01
2.056872282028198242e+02 1.121437063217163086e+02 2.958183097839355469e+01 2.417103004455566406e+01
2.018597764968872070e+02 1.102590589523315430e+02 2.935327339172363281e+01 2.426734352111816406e+01
1.974579954147338867e+02 1.106539049148559570e+02 3.010097312927246094e+01 2.400305747985839844e+01
1.935139904022216797e+02 1.094633979797363281e+02 2.892247772216796875e+01 2.459704589843750000e+01
1.888475761413574219e+02 1.100479784011840820e+02 2.565106582641601562e+01 2.591971397399902344e+01
1.860118665695190430e+02 1.080302820205688477e+02 2.827515220642089844e+01 2.620937156677246094e+01
1.838656148910522461e+02 1.086907176971435547e+02 2.889552879333496094e+01 2.680916213989257812e+01
1.771507959365844727e+02 1.099031429290771484e+02 2.509360694885253906e+01 2.659137344360351562e+01
1.756278896331787109e+02 1.099140176773071289e+02 2.660319519042968750e+01 2.673797416687011719e+01
1.759412097930908203e+02 1.086654634475708008e+02 2.909352874755859375e+01 2.753842735290527344e+01
1.741101226806640625e+02 1.090101013183593750e+02 3.254624557495117188e+01 2.683364868164062500e+01
1.729835910797119141e+02 1.081079111099243164e+02 3.278227233886718750e+01 2.475066184997558594e+01
1.727456150054931641e+02 1.094498348236083984e+02 3.128659057617187500e+01 2.262928390502929688e+01
1.699386301040649414e+02 1.092907257080078125e+02 2.958939552307128906e+01 2.452281951904296875e+01
1.724495143890380859e+02 1.084508037567138672e+02 2.994848632812500000e+01 2.467297744750976562e+01
1.683501691818237305e+02 1.089387788772583008e+02 2.963319969177246094e+01 2.349780845642089844e+01
1.700319509506225586e+02 1.074466495513916016e+02 2.890980339050292969e+01 2.556831741333007812e+01
1.713878698348999023e+02 1.078201265335083008e+02 2.906319999694824219e+01 2.666370964050292969e+01
1.691779232025146484e+02 1.087961349487304688e+02 3.291064453125000000e+01 2.751338958740234375e+01
1.704234256744384766e+02 1.094041652679443359e+02 3.264942932128906250e+01 2.516958999633789062e+01
1.693097391128540039e+02 1.113421821594238281e+02 2.710927772521972656e+01 2.442774200439453125e+01
1.709825134277343750e+02 1.117811136245727539e+02 2.988445663452148438e+01 2.295586967468261719e+01
1.714780864715576172e+02 1.117282943725585938e+02 2.989040374755859375e+01 2.365236663818359375e+01
1.707666044235229492e+02 1.125583620071411133e+02 2.828452110290527344e+01 2.328117942810058594e+01
1.726291170120239258e+02 1.123952560424804688e+02 3.064197731018066406e+01 2.114572143554687500e+01
1.732433137893676758e+02 1.105659933090209961e+02 3.149592018127441406e+01 2.352087593078613281e+01
1.749170713424682617e+02 1.105421991348266602e+02 3.006988334655761719e+01 2.610573387145996094e+01
1.774364910125732422e+02 1.098174419403076172e+02 2.959844207763671875e+01 2.630006027221679688e+01
1.794263868331909180e+02 1.100419960021972656e+02 3.049471092224121094e+01 2.520674133300781250e+01
1.798900060653686523e+02 1.088561611175537109e+02 3.028896141052246094e+01 2.706567001342773438e+01
1.810884313583374023e+02 1.076865596771240234e+02 3.020234489440917969e+01 2.706367874145507812e+01
1.827424926757812500e+02 1.042561788558959961e+02 3.134592056274414062e+01 3.001667213439941406e+01
1.839676342010498047e+02 1.006725950241088867e+02 3.222949981689453125e+01 3.124294471740722656e+01
