1.200000000000000000e+02 3.600000000000000000e+01 1.030000000000000000e+02 1.080000000000000000e+02
1.250310592651367472e+02 3.245617294311526280e+01 9.443571472167968750e+01 1.122278823852539062e+02
1.249014701843261719e+02 3.212952423095703125e+01 9.412903594970703125e+01 1.130274810791015625e+02
1.276530570983886719e+02 3.436906433105468750e+01 9.105408477783203125e+01 1.102536315917968750e+02
1.274495544433593750e+02 3.373171234130859375e+01 8.988549804687500000e+01 1.097212982177734375e+02
1.302327384948730469e+02 3.515378189086914062e+01 8.643585968017578125e+01 1.051045455932617188e+02
1.313699913024902344e+02 3.955500030517578125e+01 8.134839630126953125e+01 9.986012268066406250e+01
1.312380104064941406e+02 3.541992568969726562e+01 7.648613739013671875e+01 1.025468978881835938e+02
1.315122184753417969e+02 3.550870132446289062e+01 7.598722076416015625e+01 1.042729110717773438e+02
1.308265342712402344e+02 3.615550231933593750e+01 7.568305206298828125e+01 1.029184570312500000e+02
1.312497825622558594e+02 3.459347915649414062e+01 7.430503082275390625e+01 1.048083114624023438e+02
1.310042152404785156e+02 3.553078460693359375e+01 7.589443206787109375e+01 1.049321746826171875e+02
1.319545822143554688e+02 3.600122070312500000e+01 7.456462097167968750e+01 1.059706726074218750e+02
1.317239151000976562e+02 3.757693481445312500e+01 7.507481384277343750e+01 1.026721496582031250e+02
1.315062904357910156e+02 3.628691864013671875e+01 7.522820281982421875e+01 1.052589263916015625e+02
1.308632736206054688e+02 3.535414886474609375e+01 7.526576232910156250e+01 1.051609954833984375e+02
1.329848136901855469e+02 3.634446716308593750e+01 7.542224884033203125e+01 1.045352172851562500e+02
1.312380371093750000e+02 3.675791931152343750e+01 7.553704833984375000e+01 1.031784362792968750e+02
1.320210113525390625e+02 3.346100616455078125e+01 7.363079833984375000e+01 1.069103240966796875e+02
1.314775886535644531e+02 3.596392059326171875e+01 7.587764739990234375e+01 1.054447479248046875e+02
1.314134025573730469e+02 3.679329681396484375e+01 7.592752838134765625e+01 1.029147796630859375e+02
1.325491714477539062e+02 3.437420272827148438e+01 7.412049865722656250e+01 1.057585830688476562e+02
1.317545661926269531e+02 3.320044326782226562e+01 7.518614959716796875e+01 1.060592575073242188e+02
1.312422523498535156e+02 3.420310211181640625e+01 7.589250946044921875e+01 1.049754180908203125e+02
1.297368812561035156e+02 3.424975204467773438e+01 7.645082855224609375e+01 1.049718399047851562e+02
1.289531021118164062e+02 3.369966125488281250e+01 7.840034484863281250e+01 1.064207763671875000e+02
1.275063323974609375e+02 3.485569763183593750e+01 7.914343261718750000e+01 1.046958923339843750e+02
1.262918968200683594e+02 3.434680175781250000e+01 8.086728668212890625e+01 1.061032409667968750e+02
1.257535133361816406e+02 3.417967987060546875e+01 8.256423187255859375e+01 1.095525970458984375e+02
1.241862106323242188e+02 3.346827316284179688e+01 8.369645690917968750e+01 1.093415603637695312e+02
1.221036567687988281e+02 3.508057403564453125e+01 8.563527679443359375e+01 1.096453094482421875e+02
1.263830833435058594e+02 3.116983413696289062e+01 8.360590362548828125e+01 1.138945846557617188e+02
1.172504806518554972e+02 3.208772277832034092e+01 8.937678527832031250e+01 1.108291015625000000e+02
1.247145080566406534e+02 3.036883544921877842e+01 8.623944091796875000e+01 1.154537658691406250e+02
1.156984214782715128e+02 3.249542236328127842e+01 8.856809234619140625e+01 1.218292846679687500e+02
1.274412841796875284e+02 2.812543487548830967e+01 8.267788696289062500e+01 1.197322845458984375e+02
1.217302665710449503e+02 2.845830917358401280e+01 7.896271514892578125e+01 1.249231033325195312e+02
1.136575317382812784e+02 2.726799392700198155e+01 9.185885620117187500e+01 1.232820053100585938e+02
1.122354736328125284e+02 2.798368072509768467e+01 9.422036743164062500e+01 1.244108734130859375e+02
1.172050514221191690e+02 2.729231262207034092e+01 9.118032073974609375e+01 1.258671264648437500e+02
1.030414924621582315e+02 3.302277374267580967e+01 1.013070602416992188e+02 1.059137725830078125e+02
1.192459487915039631e+02 2.810511016845708809e+01 8.572981262207031250e+01 1.251418304443359375e+02
1.130788192749024290e+02 2.879214477539071027e+01 8.928807067871093750e+01 1.134584045410156250e+02
1.083475227355957884e+02 2.403046035766610089e+01 9.180941009521484375e+01 1.197050094604492188e+02
1.230288696289063637e+02 2.058205795288097306e+01 8.348776245117187500e+01 1.203591995239257812e+02
1.231644973754883949e+02 2.910202026367198869e+01 7.830247497558593750e+01 1.058797302246093750e+02
1.212048072814942543e+02 2.668846893310558244e+01 7.862038421630859375e+01 1.082141571044921875e+02
1.222144737243653481e+02 2.430939102172862931e+01 7.920386505126953125e+01 1.078269271850585938e+02
1.222239799499512856e+02 2.769546508789073869e+01 7.852259063720703125e+01 1.028235778808593750e+02
1.223219146728516762e+02 2.603444290161144181e+01 8.103546142578125000e+01 1.041559677124023438e+02
1.212417297363282387e+02 2.938697814941417619e+01 7.909472656250000000e+01 1.031285095214843750e+02
1.207496070861817543e+02 2.783341979980480119e+01 7.899813079833984375e+01 1.060982971191406250e+02
1.215019569396973793e+02 2.652832412719737931e+01 7.881404876708984375e+01 1.048906478881835938e+02
1.229104080200196449e+02 2.638526535034191056e+01 7.729200744628906250e+01 1.068016433715820312e+02
1.218627815246583168e+02 2.687549209594737931e+01 7.873976898193359375e+01 1.046659774780273438e+02
1.245775909423829262e+02 2.521593856811534806e+01 7.814242553710937500e+01 1.081137466430664062e+02
1.236126174926758949e+02 2.940447998046886369e+01 7.918339538574218750e+01 1.033526000976562500e+02
1.248709449768067543e+02 2.601558303833019181e+01 7.922933197021484375e+01 1.050273666381835938e+02
1.261204566955567543e+02 2.981153488159191056e+01 7.812764739990234375e+01 1.019550857543945312e+02
1.262171554565430824e+02 2.909517288208019181e+01 7.846003723144531250e+01 1.041752853393554688e+02
1.257462997436524574e+02 2.765236282348644181e+01 7.978123474121093750e+01 1.023308944702148438e+02
1.271771659851075356e+02 2.439761352539073869e+01 7.979773712158203125e+01 1.081204833984375000e+02
1.280895500183106890e+02 2.439448165893568898e+01 7.944547271728515625e+01 1.100402297973632812e+02
1.271933517456056109e+02 2.375798416137709523e+01 8.013481140136718750e+01 1.103138351440429688e+02
1.282518043518067827e+02 2.412847137451186086e+01 7.920702362060546875e+01 1.108656158447265625e+02
1.292892150878907671e+02 2.487526702880873586e+01 7.905651855468750000e+01 1.093342132568359375e+02
1.278420715332032955e+02 2.647115707397477991e+01 7.908206176757812500e+01 1.067116165161132812e+02
1.293166427612306393e+02 2.747451019287126428e+01 8.026420593261718750e+01 1.031570892333984375e+02
1.294199867248536862e+02 2.632274627685563928e+01 7.872161102294921875e+01 1.071113739013671875e+02
1.278814506530763424e+02 2.974267959594743616e+01 7.963736724853515625e+01 9.967928314208984375e+01
1.291061325073243893e+02 2.780190277099626428e+01 7.890992736816406250e+01 1.060864105224609375e+02
1.295804710388185299e+02 3.227380752563493616e+01 7.884314727783203125e+01 1.022791366577148438e+02
1.303814926147462643e+02 3.410842514038102991e+01 7.885484313964843750e+01 1.002017898559570312e+02
1.288862991333009518e+02 3.204613876342790491e+01 8.031263732910156250e+01 1.062484817504882812e+02
1.325583076477052487e+02 3.355333328247087366e+01 7.995278167724609375e+01 1.022854232788085938e+02
1.323144340515138424e+02 3.279866409301774866e+01 7.911658477783203125e+01 1.056355209350585938e+02
1.295475463867189205e+02 3.552487182617204553e+01 8.396859741210937500e+01 1.012376098632812500e+02
1.100622253417970455e+02 3.807400131225602991e+01 9.534585571289062500e+01 1.031951980590820312e+02
1.114865074157716549e+02 3.307138061523454553e+01 1.016163101196289062e+02 1.127634887695312500e+02
1.244048271179200924e+02 2.914562988281267053e+01 9.557697296142578125e+01 1.156330261230468750e+02
1.168723869323732174e+02 2.743582153320329553e+01 9.708792877197265625e+01 1.248702392578125000e+02
1.336466140747072018e+02 2.833009338378923303e+01 8.960700988769531250e+01 1.218703613281250000e+02
1.221902961730958737e+02 3.010171508789079553e+01 9.681191253662109375e+01 1.197016601562500000e+02
1.379508972167970455e+02 2.767200088500993616e+01 8.787008666992187500e+01 1.249502792358398438e+02
1.217208099365236365e+02 3.403972244262715208e+01 9.724096679687500000e+01 1.186336593627929688e+02
1.334470176696779333e+02 2.768867111206074583e+01 9.189481353759765625e+01 1.252966384887695312e+02
1.264858245849611365e+02 3.084751510620137083e+01 9.296514892578125000e+01 1.171031265258789062e+02
1.356998405456544958e+02 2.499633789062519895e+01 8.873914337158203125e+01 1.276054077148437500e+02
1.335763397216798865e+02 3.069105911254902708e+01 8.743319702148437500e+01 1.107849960327148438e+02
1.304079627990724362e+02 2.968663787841813928e+01 8.978014373779296875e+01 1.157112274169921875e+02
1.370012321472169674e+02 2.654363250732438928e+01 8.843973541259765625e+01 1.204507293701171875e+02
1.309749259948732174e+02 3.057762145996110803e+01 9.031726837158203125e+01 1.107899475097656250e+02
1.393152160644532955e+02 2.846354675292985803e+01 8.495162963867187500e+01 1.184977722167968750e+02
1.339347343444825924e+02 3.036723327636735803e+01 8.769037628173828125e+01 1.105815124511718750e+02
1.428523368835450640e+02 2.830117034912123586e+01 8.119931793212890625e+01 1.135311737060546875e+02
1.353220787048341265e+02 3.133628463745131398e+01 8.786298370361328125e+01 1.108394546508789062e+02
1.404227676391602984e+02 2.775138854980482961e+01 8.425679016113281250e+01 1.126802978515625000e+02
1.363004112243653765e+02 3.181144714355482961e+01 8.646094512939453125e+01 1.137100219726562500e+02
1.442956237792970171e+02 2.787541961669936086e+01 8.210726928710937500e+01 1.117628021240234375e+02
1.380881233215333452e+02 2.983764266967787648e+01 8.583629608154296875e+01 1.158876113891601562e+02
1.385740356445313921e+02 2.906679534912123586e+01 8.575216674804687500e+01 1.126159820556640625e+02
1.419905586242676918e+02 2.878881835937511369e+01 8.302227020263671875e+01 1.116360778808593750e+02
1.389649848937989418e+02 2.987113571167003556e+01 8.416872406005859375e+01 1.090676040649414062e+02
1.416594390869141762e+02 3.056560516357433244e+01 8.296963500976562500e+01 1.139876556396484375e+02
1.393821640014649574e+02 3.235318374633800431e+01 8.402482604980468750e+01 1.075172348022460938e+02
1.402256088256837074e+02 2.955904388427745744e+01 8.367192077636718750e+01 1.108763275146484375e+02
1.376853256225587074e+02 3.051418304443370744e+01 8.590806579589843750e+01 1.100816802978515625e+02
1.430611839294434731e+02 3.048019790649425431e+01 8.422275543212890625e+01 1.092937240600585938e+02
1.377603912353516762e+02 2.991593933105480119e+01 8.274029541015625000e+01 1.138273620605468750e+02
1.442710533142090981e+02 2.580523681640636369e+01 7.520853424072265625e+01 1.171173706054687500e+02
1.426412353515626137e+02 3.247766494750987931e+01 7.378921508789062500e+01 1.058097152709960938e+02
1.385670967102051918e+02 2.574571990966808244e+01 7.231807708740234375e+01 1.196415863037109375e+02
1.319583816528321449e+02 2.467384719848644181e+01 7.607762145996093750e+01 1.154881820678710938e+02
1.323208503723145668e+02 1.125241851806651994e+01 7.147368621826171875e+01 1.353981781005859375e+02
1.358210906982422728e+02 1.390010070800789777e+01 7.064620971679687500e+01 1.304265747070312500e+02
1.282870635986328978e+02 1.355718231201180402e+01 7.633209228515625000e+01 1.200064849853515625e+02
1.263805809020996946e+02 1.204882049560555402e+01 7.668265533447265625e+01 1.257082977294921875e+02
1.209929161071778481e+02 1.653778457641612931e+01 8.271619415283203125e+01 1.251913375854492188e+02
1.278612976074219887e+02 7.560127258300894937e+00 7.993078613281250000e+01 1.354772796630859375e+02
1.237504386901856321e+02 5.738586425781335265e+00 8.336142730712890625e+01 1.330531616210937500e+02
1.229473381042481606e+02 6.918800354004019937e+00 8.479315948486328125e+01 1.356663970947265625e+02
1.230922851562501137e+02 1.067256927490245744e+01 8.841708374023437500e+01 1.254672698974609375e+02
1.099855690002442827e+02 1.069825744628920461e+01 9.807479095458984375e+01 1.270298767089843750e+02
1.191717796325685015e+02 1.370873260498061086e+01 9.076673126220703125e+01 1.228249969482421875e+02
1.163178787231446734e+02 1.767486190795912648e+01 9.436354064941406250e+01 1.159163284301757812e+02
1.174881095886231890e+02 1.778215408325209523e+01 9.411341094970703125e+01 1.174613571166992188e+02
1.089794998168946734e+02 1.301302719116225148e+01 1.004918060302734375e+02 1.206792678833007812e+02
1.215141754150392046e+02 1.623062896728529836e+01 8.965103149414062500e+01 1.181709442138671875e+02
1.182381515502930824e+02 1.239663314819347306e+01 9.323487854003906250e+01 1.214092788696289062e+02
1.160816955566407387e+02 1.830261611938487931e+01 9.427163696289062500e+01 1.168507614135742188e+02
1.230584831237794390e+02 1.665827941894545461e+01 8.890326690673828125e+01 1.123606262207031250e+02
1.229601287841798296e+02 1.936800003051772023e+01 8.862036132812500000e+01 1.116097946166992188e+02
1.221109733581544390e+02 1.747703552246107961e+01 8.916214752197265625e+01 1.121325683593750000e+02
1.201803703308106890e+02 1.596979522705092336e+01 8.954077911376953125e+01 1.099728546142578125e+02
1.186891555786134234e+02 2.097301101684584523e+01 9.083555603027343750e+01 1.092231979370117188e+02
1.213480987548829546e+02 1.648273468017592336e+01 8.745272827148437500e+01 1.100083770751953125e+02
1.186766738891603268e+02 2.096043395996110803e+01 9.052967834472656250e+01 1.102798767089843750e+02
1.190322990417482174e+02 2.090377426147477991e+01 8.946970367431640625e+01 1.084697036743164062e+02
1.209142417907716549e+02 1.981649017334001428e+01 8.899662017822265625e+01 1.112624969482421875e+02
1.192507553100587643e+02 1.363993835449235803e+01 8.919789123535156250e+01 1.173737182617187500e+02
1.157255935668947018e+02 1.708539581298845178e+01 9.338121032714843750e+01 1.155074310302734375e+02
1.197647018432618893e+02 1.680908203125017053e+01 9.277726745605468750e+01 1.128964538574218750e+02
1.173689880371095455e+02 1.989242553710954553e+01 9.310736083984375000e+01 1.091221313476562500e+02
1.233051147460939205e+02 2.130724334716813928e+01 9.193750000000000000e+01 1.072776641845703125e+02
1.221990013122560299e+02 1.773126602172868616e+01 9.368878936767578125e+01 1.107251510620117188e+02
1.208756980895997799e+02 2.191195297241227991e+01 9.604428863525390625e+01 1.073064956665039062e+02
1.193187217712404049e+02 1.708097076416032678e+01 9.815854644775390625e+01 1.102858123779296875e+02
1.141313781738282671e+02 1.565416336059584523e+01 1.011316528320312500e+02 1.114410018920898438e+02
1.152368392944337074e+02 1.766792678833019181e+01 1.022446136474609375e+02 1.093599166870117188e+02
1.160249404907227699e+02 1.976994705200206681e+01 1.018660736083984375e+02 1.085757980346679688e+02
1.179422874450684731e+02 1.980270004272472306e+01 1.001684036254882812e+02 1.072047195434570312e+02
1.159619331359864702e+02 2.066440200805678273e+01 1.004837265014648438e+02 1.084273300170898438e+02
1.189754180908204546e+02 2.068351364135756398e+01 9.969580078125000000e+01 1.075400161743164062e+02
1.171711921691896237e+02 2.059428405761735803e+01 9.955724334716796875e+01 1.083926391601562500e+02
1.191452827453614987e+02 2.320273590087907678e+01 9.863137054443359375e+01 1.058090362548828125e+02
1.162850112915040768e+02 1.798549270629899866e+01 1.005858612060546875e+02 1.111244735717773438e+02
1.188714447021486080e+02 2.223049926757829553e+01 9.921447753906250000e+01 1.062235107421875000e+02
1.166206359863282955e+02 1.876829528808610803e+01 1.005020751953125000e+02 1.106116943359375000e+02
1.169703598022462927e+02 2.018407058715840208e+01 1.007092742919921875e+02 1.083063583374023438e+02
1.154928779602052771e+02 1.903131866455098020e+01 1.012592086791992188e+02 1.099090118408203125e+02
1.189967308044435867e+02 2.134305953979514925e+01 9.990659332275390625e+01 1.075148391723632812e+02
1.165817718505861933e+02 1.619264602661158392e+01 1.007130126953125000e+02 1.119702072143554688e+02
1.181203193664553055e+02 2.205837631225608675e+01 1.003124618530273438e+02 1.065383377075195312e+02
1.225926094055178055e+02 2.419586944580100862e+01 9.689681243896484375e+01 1.052648162841796875e+02
1.276693153381349930e+02 2.800329971313499300e+01 9.358779144287109375e+01 1.023039474487304688e+02
1.305569114685060583e+02 3.153095245361348020e+01 9.036685943603515625e+01 1.005977325439453125e+02
1.328693122863771521e+02 2.544348144531269895e+01 8.629351043701171875e+01 1.052794799804687500e+02
1.295887222290041052e+02 2.928751754760762083e+01 8.895204162597656250e+01 1.017547988891601562e+02
1.241380882263185583e+02 2.882268142700215208e+01 9.282157135009765625e+01 1.002113876342773438e+02
1.217420692443849646e+02 3.688509750366230833e+01 9.560027313232421875e+01 9.568350982666015625e+01
1.380351448059084021e+02 3.517744827270527708e+01 8.250218963623046875e+01 9.929399871826171875e+01
1.404687309265138708e+02 3.315419769287129270e+01 7.752188873291015625e+01 9.692179870605468750e+01
1.458784179687501990e+02 2.875497436523457395e+01 7.647720336914062500e+01 9.831561279296875000e+01
1.500162086486818396e+02 2.317841339111348020e+01 7.669527435302734375e+01 1.013403472900390625e+02
1.584881706237794958e+02 2.793207550048848020e+01 7.571808624267578125e+01 1.072514495849609375e+02
1.622173576354982458e+02 2.975714492797871458e+01 8.064325714111328125e+01 9.766625213623046875e+01
1.676487770080568396e+02 2.130585098266621458e+01 8.391167449951171875e+01 1.043586654663085938e+02
1.723550186157228552e+02 1.490721893310566770e+01 8.593421936035159092e+01 1.052337799072265625e+02
1.747029724121096024e+02 1.132346343994160520e+01 8.265701293945312500e+01 1.053124847412109375e+02
1.756418724060060867e+02 1.267891311645527708e+01 8.349372100830078125e+01 1.004583663940429688e+02
1.734967117309572586e+02 1.051543045043965208e+01 8.600035095214843750e+01 1.015311203002929688e+02
1.752711410522463211e+02 1.190000152587910520e+01 8.504719543457031250e+01 9.986164855957031250e+01
1.755862503051760086e+02 1.135733032226582395e+01 8.487098693847656250e+01 1.009852905273437500e+02
1.747354698181154617e+02 1.137718200683613645e+01 8.506473541259765625e+01 1.014797668457031250e+02
