3.220000000000000000e+02 1.310000000000000000e+02 2.200000000000000000e+01 4.100000000000000000e+01
3.205778837203979492e+02 1.338223094940185547e+02 2.572715187072753906e+01 3.624352645874023438e+01
3.200982837677001953e+02 1.340789432525634766e+02 2.530290603637695312e+01 3.687850570678710938e+01
3.198846588134765625e+02 1.315267333984375000e+02 2.490482330322265625e+01 3.894244384765625000e+01
3.186615514755249023e+02 1.302249031066894531e+02 2.526927375793457031e+01 4.028206634521484375e+01
3.163640003204345703e+02 1.286821403503417969e+02 2.816247940063476562e+01 4.042150878906250000e+01
3.145411624908447266e+02 1.292156944274902344e+02 2.877365493774414062e+01 3.854725646972656250e+01
3.129901561737060547e+02 1.277988414764404297e+02 2.811433029174804688e+01 3.821670150756835938e+01
3.126985015869140625e+02 1.253502464294433594e+02 2.646291351318359375e+01 3.970222473144531250e+01
3.101610336303710938e+02 1.264453010559082031e+02 2.638439178466796875e+01 3.901414489746093750e+01
3.077842025756835938e+02 1.283565883636474609e+02 2.689452362060546875e+01 3.675942611694335938e+01
3.057637996673583984e+02 1.262765636444091797e+02 2.259337997436523438e+01 4.020197677612304688e+01
3.020136127471923828e+02 1.252822971343994141e+02 2.207346725463867188e+01 4.049177932739257812e+01
3.041697063446044922e+02 1.306560916900634766e+02 2.278480148315429688e+01 3.768572616577148438e+01
3.007440185546875000e+02 1.311209888458251953e+02 2.599190521240234375e+01 3.925565719604492188e+01
2.991650791168212891e+02 1.305192165374755859e+02 2.758294296264648438e+01 3.961632156372070312e+01
2.977152891159057617e+02 1.295085182189941406e+02 2.764429664611816406e+01 3.936304473876953125e+01
2.896392364501953125e+02 1.282015743255615234e+02 3.415507507324218750e+01 4.067280960083007812e+01
2.878157482147216797e+02 1.267320346832275391e+02 3.369539260864257812e+01 4.085358810424804688e+01
2.883816490173339844e+02 1.265575313568115234e+02 3.231504058837890625e+01 4.032843399047851562e+01
2.859529170989990234e+02 1.274097843170166016e+02 3.348033523559570312e+01 3.753017807006835938e+01
2.847013235092163086e+02 1.275647506713867188e+02 2.905885505676269531e+01 3.821510314941406250e+01
2.818032865524291992e+02 1.270153522491455078e+02 2.216370582580566406e+01 3.744826889038085938e+01
2.782472476959228516e+02 1.279292163848876953e+02 2.075628280639648438e+01 3.771090316772460938e+01
2.778254194259643555e+02 1.296013755798339844e+02 1.759297370910644531e+01 3.823139190673828125e+01
2.752956600189208984e+02 1.300371761322021484e+02 1.756841659545898438e+01 3.862364578247070312e+01
2.701167821884155273e+02 1.312968502044677734e+02 2.146286201477050781e+01 3.870383834838867188e+01
2.712312040328979492e+02 1.318142776489257812e+02 2.148725318908691406e+01 3.697406768798828125e+01
2.669863004684448242e+02 1.317935562133789062e+02 2.212352180480957031e+01 3.747041320800781250e+01
2.633245372772216797e+02 1.307379932403564453e+02 2.585548782348632812e+01 3.730016708374023438e+01
2.584994812011718750e+02 1.281922931671142578e+02 3.064266204833984375e+01 3.885886764526367188e+01
2.559658870697021484e+02 1.286641101837158203e+02 2.987244796752929688e+01 3.682653427124023438e+01
2.545693616867065430e+02 1.293226413726806641e+02 2.846464729309082031e+01 3.297262191772460938e+01
2.498183994293212891e+02 1.275846710205078125e+02 2.566266250610351562e+01 3.327098083496093750e+01
2.461512145996093750e+02 1.272573184967041016e+02 2.396941375732421875e+01 3.324548721313476562e+01
2.425316228866577148e+02 1.282752666473388672e+02 2.079506874084472656e+01 3.446152877807617188e+01
2.405545663833618164e+02 1.293149070739746094e+02 1.956220817565917969e+01 3.512864685058593750e+01
2.378331584930419922e+02 1.321381912231445312e+02 1.701841354370117188e+01 3.368732452392578125e+01
2.359009399414062500e+02 1.314227466583251953e+02 1.767485809326171875e+01 3.374354934692382812e+01
2.320415067672729492e+02 1.312198791503906250e+02 2.045035743713378906e+01 3.600575256347656250e+01
2.308785419464111328e+02 1.337412242889404297e+02 2.442876815795898438e+01 3.221334457397460938e+01
2.225131683349609375e+02 1.312711162567138672e+02 3.105545806884765625e+01 3.326055526733398438e+01
2.178386888504028320e+02 1.293642692565917969e+02 3.012348747253417969e+01 3.429020690917968750e+01
2.170957088470458984e+02 1.280676078796386719e+02 2.798010635375976562e+01 3.479013824462890625e+01
2.123256092071533203e+02 1.281333618164062500e+02 2.948128890991210938e+01 3.252614593505859375e+01
2.127611522674560547e+02 1.306227083206176758e+02 2.747902297973632812e+01 3.102642631530761719e+01
2.069651012420654297e+02 1.268622550964355469e+02 2.373052597045898438e+01 3.200672149658203125e+01
2.048994150161743164e+02 1.269805431365966797e+02 2.018864250183105469e+01 3.409930801391601562e+01
2.029201908111572266e+02 1.267541837692260742e+02 1.895095443725585938e+01 3.142083930969238281e+01
1.995045347213745117e+02 1.293233432769775391e+02 1.639483070373535156e+01 3.189908218383789062e+01
1.948324193954467773e+02 1.322651939392089844e+02 1.676245307922363281e+01 3.227523803710937500e+01
1.922669038772583008e+02 1.321029605865478516e+02 1.629797935485839844e+01 3.284968185424804688e+01
1.874862413406372070e+02 1.306280918121337891e+02 1.915331077575683594e+01 3.365406417846679688e+01
1.866828804016113281e+02 1.332081861495971680e+02 2.598655700683593750e+01 3.125676155090332031e+01
1.845810842514038086e+02 1.329631118774414062e+02 2.468886756896972656e+01 3.108743286132812500e+01
1.813814859390258789e+02 1.280722761154174805e+02 2.233221244812011719e+01 3.156723976135253906e+01
1.766177930831909180e+02 1.293040161132812500e+02 2.393882942199707031e+01 3.146569061279296875e+01
1.722745027542114258e+02 1.257512454986572266e+02 2.564799308776855469e+01 3.329932785034179688e+01
1.709944028854370117e+02 1.265487461090087891e+02 2.515739631652832031e+01 3.091333389282226562e+01
1.647170333862304688e+02 1.231492462158203125e+02 2.498632049560546875e+01 3.459394836425781250e+01
1.640823659896850586e+02 1.277988643646240234e+02 2.372270393371582031e+01 3.202956771850585938e+01
1.637961177825927734e+02 1.289129352569580078e+02 2.024577713012695312e+01 3.030350875854492188e+01
1.595353708267211914e+02 1.269823427200317383e+02 1.562153434753417969e+01 3.145726585388183594e+01
1.555814452171325684e+02 1.291475219726562500e+02 1.481741046905517578e+01 3.200108337402343750e+01
1.552618002891540527e+02 1.337012214660644531e+02 1.361542224884033203e+01 2.928351593017578125e+01
1.508619403839111328e+02 1.325309162139892578e+02 1.874396896362304688e+01 2.873522567749023438e+01
1.483345775604248047e+02 1.331870164871215820e+02 2.010757827758789062e+01 2.842599296569824219e+01
1.423884716033935547e+02 1.291829910278320312e+02 2.310753250122070312e+01 3.163457489013671875e+01
1.402594528198242188e+02 1.275754194259643555e+02 2.192871093750000000e+01 3.197702217102050781e+01
1.375633563995361328e+02 1.284161014556884766e+02 2.241386032104492188e+01 3.122757339477539062e+01
1.360511627197265625e+02 1.256023283004760742e+02 2.028379821777343750e+01 3.111672401428222656e+01
1.310428094863891602e+02 1.270655813217163086e+02 2.254588127136230469e+01 2.741606330871582031e+01
1.281951007843017578e+02 1.273444299697875977e+02 2.374078750610351562e+01 2.462843894958496094e+01
1.258753681182861328e+02 1.279685344696044922e+02 2.420884323120117188e+01 2.932752609252929688e+01
1.235337743759155273e+02 1.278523302078247070e+02 2.470932960510253906e+01 2.702504539489746094e+01
1.194511346817016602e+02 1.299517583847045898e+02 2.697430992126464844e+01 2.669775581359863281e+01
1.124801130294799805e+02 1.254100532531738281e+02 1.956069374084472656e+01 3.269953918457031250e+01
1.136632280349731445e+02 1.295431241989135742e+02 1.491688346862792969e+01 2.934974098205566406e+01
1.132987432479858398e+02 1.309351406097412109e+02 1.394696235656738281e+01 2.927235794067382812e+01
1.081118955612182617e+02 1.321043043136596680e+02 2.408970832824707031e+01 2.672128486633300781e+01
1.054944820404052734e+02 1.298000917434692383e+02 2.331310653686523438e+01 2.986757469177246094e+01
1.057705650329589844e+02 1.289768362045288086e+02 1.943890380859375000e+01 2.965465736389160156e+01
1.002630958557128906e+02 1.264851789474487305e+02 2.042632293701171875e+01 3.001774787902832031e+01
1.030664434432983398e+02 1.295119848251342773e+02 1.704279518127441406e+01 2.647971534729003906e+01
9.613082027435302734e+01 1.269254121780395508e+02 2.198826789855957031e+01 2.713908958435058594e+01
9.264211463928222656e+01 1.240303153991699219e+02 2.491380691528320312e+01 2.768843078613281250e+01
8.728986167907714844e+01 1.181987190246582031e+02 2.243093490600585938e+01 3.354410552978515625e+01
8.511792182922363281e+01 1.188191490173339844e+02 2.084994125366210938e+01 3.663976287841796875e+01
8.394826698303222656e+01 1.178068752288818359e+02 2.609038162231445312e+01 3.490320205688476562e+01
8.157357692718505859e+01 1.177219409942626953e+02 2.160595893859863281e+01 3.701883316040039062e+01
7.865013027191162109e+01 1.207748374938964844e+02 2.741532325744628906e+01 3.467301177978515625e+01
1.049213294982910156e+02 1.273059396743774414e+02 2.014743041992187500e+01 2.929398918151855469e+01
9.865431308746337891e+01 1.323622922897338867e+02 2.023964500427246094e+01 1.897089576721191406e+01
9.327358055114746094e+01 1.319597473144531250e+02 2.311110305786132812e+01 1.924864959716796875e+01
9.086251926422119141e+01 1.327620544433593750e+02 2.485486412048339844e+01 1.825350952148437500e+01
6.653426170349121094e+01 1.264749984741210938e+02 1.925837707519531250e+01 2.730317687988281250e+01
6.505536460876464844e+01 1.279204330444335938e+02 2.189157867431640625e+01 2.423777008056640625e+01
5.868495941162109375e+01 1.262545585632324219e+02 2.153734970092773438e+01 2.519998931884765625e+01
6.086481761932373047e+01 1.248119964599609375e+02 2.252803611755371094e+01 2.627079010009765625e+01
5.717421913146972656e+01 1.253567428588867188e+02 2.643255615234375000e+01 2.709293365478515625e+01
5.231946563720703125e+01 1.245560197830200195e+02 2.605717086791992188e+01 2.964800071716308594e+01
4.982230281829833984e+01 1.270591897964477539e+02 2.585580253601074219e+01 2.816234397888183594e+01
4.496249675750732422e+01 1.266533031463623047e+02 2.895390129089355469e+01 2.793461990356445312e+01
4.354531383514404297e+01 1.268183631896972656e+02 2.894266319274902344e+01 2.715486907958984375e+01
4.148900318145751953e+01 1.261165256500244141e+02 2.844795417785644531e+01 2.910235214233398438e+01
3.591921710968017578e+01 1.287341823577880859e+02 2.737095832824707031e+01 2.665678024291992188e+01
3.738228893280029297e+01 1.270784568786621094e+02 2.241038322448730469e+01 2.891462707519531250e+01
3.666357803344726562e+01 1.269793376922607422e+02 2.171372604370117188e+01 2.921818923950195312e+01
3.645602989196777344e+01 1.278251285552978516e+02 1.835430908203125000e+01 2.724120712280273438e+01
3.160231494903564453e+01 1.262054996490478516e+02 1.756760597229003906e+01 2.821660995483398438e+01
3.005814075469970703e+01 1.258624181747436523e+02 1.821821022033691406e+01 2.750348854064941406e+01
2.694683647155761719e+01 1.256284837722778320e+02 2.169649505615234375e+01 2.511256217956542969e+01
2.025066661834716797e+01 1.237017202377319336e+02 2.586781120300292969e+01 2.660161018371582031e+01
1.933660602569580789e+01 1.223406944274902344e+02 2.876089668273925781e+01 2.791499328613281250e+01
1.762963008880615945e+01 1.241147165298461914e+02 2.905225181579589844e+01 2.655489921569824219e+01
9.983134269714362574e+00 1.187722778320312500e+02 1.851282310485839844e+01 3.400222015380859375e+01
9.525226593017585230e+00 1.203956136703491211e+02 1.954865646362304688e+01 3.175934791564941406e+01
