1.390000000000000000e+02 9.400000000000000000e+01 5.900000000000000000e+01 4.200000000000000000e+01
1.357504367828369141e+02 9.175910568237304688e+01 6.074576950073242188e+01 4.635514068603515625e+01
1.375545864105224609e+02 9.166931533813476562e+01 5.962710952758789062e+01 4.467600250244140625e+01
1.356672706604003906e+02 9.039958381652832031e+01 6.173952484130859375e+01 4.447007369995117188e+01
1.359213695526123047e+02 9.033764266967774859e+01 6.126742935180664062e+01 4.414699554443357954e+01
1.376992626190185547e+02 9.072341156005859375e+01 6.008885574340820312e+01 4.367355346679687500e+01
1.352903404235839844e+02 9.007399177551269531e+01 6.277069854736328125e+01 4.444083786010742188e+01
1.361794948577880859e+02 9.078880310058593750e+01 6.138438796997070312e+01 4.314233398437500000e+01
1.355614261627197266e+02 9.013434410095213423e+01 6.210511398315429688e+01 4.364664077758790484e+01
1.360882244110107422e+02 9.067365264892578125e+01 6.159280776977539062e+01 4.299722290039062500e+01
1.362714252471923828e+02 8.963944053649900923e+01 6.130950546264648438e+01 4.417430496215821734e+01
1.384072551727294922e+02 8.970588302612304688e+01 6.061935806274414062e+01 4.192728424072265625e+01
1.370225257873535156e+02 8.876360130310058594e+01 6.124897003173828125e+01 4.102019119262695312e+01
1.390936717987060547e+02 8.884545135498046875e+01 6.011877822875976562e+01 3.981567382812500000e+01
1.402061481475830078e+02 8.780547714233397016e+01 5.921868515014648438e+01 4.002939605712890625e+01
1.404292812347412109e+02 8.808736610412596235e+01 5.943202590942382812e+01 3.967287826538085938e+01
1.397430725097656250e+02 8.778311157226561079e+01 5.930662536621093750e+01 3.964393615722656250e+01
1.383742465972900391e+02 8.630214309692381391e+01 6.281362533569335938e+01 4.005773162841796875e+01
1.399234142303466797e+02 8.818968963623045454e+01 6.105856704711914062e+01 3.866226196289062500e+01
1.405687294006347656e+02 8.665805053710936079e+01 6.139179229736328125e+01 4.082307434082031250e+01
1.380925083160400391e+02 8.486083602905272016e+01 6.306135177612304688e+01 4.218018341064453125e+01
1.393178215026855469e+02 8.664597511291502485e+01 6.326731109619140625e+01 4.105115890502929688e+01
1.384117374420166016e+02 8.604167366027830610e+01 6.347414779663085938e+01 4.095136642456054688e+01
1.387141094207763672e+02 8.636094474792479048e+01 6.301076126098632812e+01 4.061192703247070312e+01
1.406166191101074219e+02 8.877818107604979048e+01 5.912398529052734375e+01 3.916917800903320312e+01
1.387083587646484375e+02 8.957351303100584516e+01 5.921516418457031250e+01 3.823273468017578125e+01
1.381172676086425781e+02 8.969717025756834516e+01 5.857064056396484375e+01 3.899724578857423296e+01
1.369043560028076172e+02 8.926373291015625000e+01 6.001587295532226562e+01 4.012564086914062500e+01
1.372358036041259766e+02 8.826533699035643110e+01 5.875835800170898438e+01 3.916813278198242188e+01
1.369282684326171875e+02 8.698294830322264204e+01 5.694944763183593750e+01 4.040489196777343750e+01
1.374209823608398438e+02 8.937657165527342329e+01 5.567684936523437500e+01 3.808169555664062500e+01
1.353233776092529297e+02 8.741582870483397016e+01 5.594589614868164062e+01 4.079679107666017046e+01
1.357043952941894531e+02 8.743985939025878906e+01 5.501020050048828125e+01 3.928838729858398438e+01
1.343017311096191406e+02 8.727861976623536577e+01 5.432846832275390625e+01 3.972086715698242188e+01
1.345581378936767578e+02 8.747982597351077061e+01 5.341650009155273438e+01 4.006883621215820312e+01
1.337393474578857422e+02 8.619370269775394888e+01 5.283192825317382812e+01 4.025155639648437500e+01
1.356242637634277344e+02 8.728264999389652701e+01 5.053638458251953125e+01 3.867894744873046875e+01
1.309941883087158203e+02 8.692031478881840201e+01 5.260300827026367188e+01 4.064589691162109375e+01
1.326196289062500000e+02 8.651908683776859732e+01 4.922097778320312500e+01 3.915341567993164062e+01
1.312805061340332031e+02 8.685324287414555045e+01 4.965988922119140625e+01 3.960615158081054688e+01
1.312108535766601562e+02 8.837240219116215201e+01 5.006260681152343750e+01 3.925800323486328125e+01
1.341801509857177734e+02 8.902373123168949576e+01 4.603638076782226562e+01 3.804973602294921875e+01
1.325735626220703125e+02 8.937628746032719107e+01 4.701054382324218750e+01 3.926269912719727984e+01
1.243634986877441406e+02 8.873275375366216622e+01 4.938964080810546875e+01 4.174674224853515625e+01
1.276774673461914062e+02 8.718135643005376778e+01 4.816300964355468750e+01 4.014686965942382812e+01
1.237697143554687500e+02 8.789665222167974434e+01 4.857098388671875000e+01 3.988705444335937500e+01
1.223736858367919922e+02 8.706979751586919747e+01 4.899582290649414062e+01 4.116313934326171875e+01
1.206675796508789062e+02 8.648653411865240059e+01 5.050532531738281250e+01 3.943167114257812500e+01
1.164558811187744141e+02 8.593830680847173653e+01 5.298026657104492188e+01 3.914722061157226562e+01
1.142934589385986328e+02 8.793143844604497872e+01 5.589052963256835938e+01 4.252802276611328125e+01
1.137895984649658203e+02 8.670289230346683951e+01 5.458326339721679688e+01 4.298754119873048296e+01
1.126312847137451172e+02 8.793862152099615059e+01 5.471693801879882812e+01 4.445947265625000000e+01
1.108214092254638672e+02 8.583723640441901637e+01 5.279263687133789062e+01 4.581478500366209516e+01
1.099061870574951172e+02 8.951968383789066763e+01 5.431137466430664062e+01 4.538751220703126421e+01
1.045191440582275391e+02 8.373854255676275216e+01 5.800100326538085938e+01 4.807349777221679688e+01
1.060848751068115234e+02 8.806343650817876778e+01 5.814973831176757812e+01 4.594807815551757812e+01
9.914227104187011719e+01 8.660010910034185372e+01 5.943533706665039062e+01 4.713849639892578125e+01
8.720831298828125000e+01 9.435388946533208809e+01 6.162800598144531250e+01 5.208224487304687500e+01
7.176709747314454546e+01 9.690823554992682887e+01 7.128520202636717329e+01 6.090810775756834516e+01
8.278080368041992188e+01 9.725397682189947091e+01 6.501172637939453125e+01 5.370893478393554688e+01
9.379331398010252485e+01 9.310416221618656607e+01 6.164095687866212359e+01 4.608952713012696734e+01
8.092900466918943891e+01 9.066214370727543326e+01 6.974378204345704546e+01 6.426122283935548296e+01
7.008941268920898438e+01 1.013194141387940022e+02 7.341359710693359375e+01 5.881338119506835938e+01
9.350674629211425781e+01 1.030744152069092365e+02 6.112644577026367188e+01 5.083777236938476562e+01
1.002511863708496094e+02 9.311792373657232247e+01 5.996907806396484375e+01 4.833136749267578125e+01
1.135213699340820312e+02 8.632611083984380684e+01 5.732379150390625000e+01 4.608238220214843750e+01
1.263747348785400391e+02 9.058533668518070670e+01 4.597906112670898438e+01 3.804018783569337359e+01
1.254697360992431641e+02 8.900226783752447091e+01 4.678081893920898438e+01 3.862582015991210938e+01
1.258867149353027344e+02 8.895026016235357247e+01 4.699640655517578125e+01 4.028853607177734375e+01
1.257714920043945312e+02 8.876823997497564278e+01 4.718173217773437500e+01 4.011912918090820312e+01
1.291837768554687500e+02 8.905410385131841622e+01 4.665983581542968750e+01 3.978238677978515625e+01
1.301416168212890625e+02 8.970325469970708809e+01 4.761001586914062500e+01 3.971902465820312500e+01
1.307469005584716797e+02 8.972870635986333809e+01 4.913232803344726562e+01 3.939328002929687500e+01
1.315415802001953125e+02 9.004984855651861153e+01 4.890463256835937500e+01 3.964973831176757812e+01
1.328615818023681641e+02 8.973314666748052559e+01 4.931263351440429688e+01 3.974559020996093750e+01
1.329292125701904297e+02 8.911850166320806466e+01 5.014715957641601562e+01 3.987145614624023438e+01
1.308593578338623047e+02 8.955609703063970528e+01 5.179141616821289062e+01 3.989256668090820312e+01
1.375602245330810547e+02 9.000946235656743966e+01 5.002638626098632812e+01 3.837606430053710938e+01
1.335178871154785156e+02 9.012128067016607247e+01 4.983304595947265625e+01 4.012607574462890625e+01
1.330702476501464844e+02 8.873958969116216622e+01 5.167409515380859375e+01 4.147844696044921875e+01
1.367851676940917969e+02 8.978246688842780543e+01 5.035118865966796875e+01 3.968540191650389204e+01
1.353218173980712891e+02 8.957076263427740059e+01 5.020914840698242188e+01 3.839993286132812500e+01
1.358861999511718750e+02 8.941393280029302559e+01 5.050227355957031250e+01 3.924336242675781250e+01
1.340332412719726562e+02 8.942129135131841622e+01 4.983979797363281250e+01 3.773650360107421875e+01
1.347255306243896484e+02 8.852218246459966622e+01 5.192940139770507812e+01 4.152539825439453125e+01
1.367898426055908203e+02 8.911787605285651637e+01 4.935667037963867188e+01 3.794256210327148438e+01
1.375596237182617188e+02 8.923289489746100855e+01 4.959678649902343750e+01 3.918789672851561079e+01
1.374167842864990234e+02 8.958389663696294747e+01 4.846222305297851562e+01 3.842588043212890625e+01
1.366110210418701172e+02 8.769742202758794747e+01 5.048729324340820312e+01 4.019142913818359375e+01
1.345838165283203125e+02 8.557904815673833809e+01 5.267018127441406250e+01 4.123591613769531250e+01
1.380194053649902344e+02 8.629162216186529122e+01 5.059687042236328125e+01 3.882404327392578125e+01
1.354709339141845703e+02 8.581348228454595528e+01 4.994501876831054688e+01 4.026126480102539062e+01
1.356204738616943359e+02 8.898596763610845528e+01 5.100264358520507812e+01 3.940289688110351562e+01
1.342707595825195312e+02 8.541867065429693184e+01 5.162379455566406250e+01 4.248596191406250000e+01
1.345303058624267578e+02 8.665276527404790841e+01 5.229986190795898438e+01 4.113965988159179688e+01
1.343718547821044922e+02 8.764772033691413355e+01 5.164799880981445312e+01 4.140788269042967329e+01
1.342230510711669922e+02 8.675607490539556466e+01 5.322116470336914062e+01 4.221892929077148438e+01
1.343312988281250000e+02 8.735189819335943184e+01 5.350772094726562500e+01 4.068734741210937500e+01
1.357200088500976562e+02 8.741268730163579903e+01 5.048654174804687500e+01 4.150642776489257812e+01
1.353870048522949219e+02 8.684122276306158028e+01 5.142279815673828125e+01 4.329898452758789062e+01
1.355259628295898438e+02 8.778257560729986153e+01 5.113380432128906250e+01 4.336537551879882812e+01
1.339939975738525391e+02 9.178190231323247872e+01 5.228232955932617188e+01 4.411716461181640625e+01
1.303369369506835938e+02 9.395626258850103341e+01 5.495547485351562500e+01 4.862440109252929688e+01
1.298958034515380859e+02 9.350061988830572091e+01 5.775958633422851562e+01 5.088947677612304688e+01
1.322368659973144531e+02 9.358154487609868966e+01 5.661458587646484375e+01 5.159980392456054688e+01
1.316703262329101562e+02 9.338900184631353341e+01 5.610102844238281250e+01 5.378690719604492188e+01
1.304227848052978516e+02 9.387460517883306466e+01 5.655750656127929688e+01 5.388050460815429688e+01
1.305290222167968750e+02 9.402270317077643824e+01 5.853457641601562500e+01 5.409875869750975141e+01
1.289736156463623047e+02 9.522238922119146309e+01 5.874072647094726562e+01 5.347134399414062500e+01
1.269437065124511719e+02 9.427239990234380684e+01 6.035498809814453125e+01 5.447650146484375000e+01
1.269218082427978516e+02 9.319619750976568184e+01 6.198516464233398438e+01 5.612109375000000000e+01
1.232329330444335938e+02 9.585756492614751778e+01 6.286946105957031250e+01 5.476347732543945312e+01
1.245169868469238281e+02 9.425093650817876778e+01 6.411316680908203125e+01 5.747099685668945312e+01
1.243849716186523438e+02 9.397451210021979762e+01 6.323628234863281250e+01 5.698846054077147016e+01
1.239630603790283203e+02 9.372606658935552559e+01 6.309528732299804688e+01 5.741561889648437500e+01
1.237502479553222656e+02 9.373179626464849434e+01 6.345500946044921875e+01 5.634568786621093750e+01
1.254901866912841797e+02 9.446005821228033028e+01 6.332460403442382812e+01 5.530786514282226562e+01
1.249493198394775391e+02 9.347748565673832388e+01 6.158234786987304688e+01 5.658261108398438921e+01
1.257068042755126953e+02 9.472488021850590201e+01 6.251819992065429688e+01 5.590230560302735796e+01
1.302795219421386719e+02 9.438000488281254263e+01 6.000539398193359375e+01 5.520616149902345171e+01
1.349024772644042969e+02 9.664485359191900216e+01 5.506235504150390625e+01 5.251153182983398438e+01
1.352851428985595703e+02 9.497515106201177559e+01 5.402762985229492188e+01 5.321347045898437500e+01
1.334105319976806641e+02 9.465797424316411934e+01 5.493877792358398438e+01 5.297744750976562500e+01
1.349642753601074219e+02 9.455011558532720528e+01 5.523154449462890625e+01 5.302907180786132812e+01
1.360351066589355469e+02 9.420104789733892403e+01 5.384757232666015625e+01 5.432936477661132812e+01
1.363602542877197266e+02 9.440995788574224434e+01 5.402349472045898438e+01 5.342730712890625000e+01
1.365001583099365234e+02 9.443923187255865059e+01 5.335013198852539062e+01 5.332366943359375000e+01
1.370703163146972656e+02 9.475494766235355826e+01 5.406452178955078125e+01 5.226952362060548296e+01
1.362787570953369141e+02 9.553753852844243966e+01 5.356695175170898438e+01 5.251905441284179688e+01
1.371608829498291016e+02 9.458813476562505684e+01 5.322980880737304688e+01 5.155038452148437500e+01
1.357387199401855469e+02 9.579399299621589137e+01 5.313513946533203125e+01 5.065661239624022016e+01
1.324433269500732422e+02 9.588930511474615059e+01 5.660455703735351562e+01 5.101547241210937500e+01
1.358288917541503906e+02 9.297668075561529122e+01 5.584352874755859375e+01 5.239646148681640625e+01
1.262367343902587891e+02 9.318939590454107247e+01 6.000982284545898438e+01 5.223793792724609375e+01
1.280605583190917969e+02 9.089018630981450997e+01 6.029233551025390625e+01 5.290427398681640625e+01
1.296184921264648438e+02 8.964456939697271309e+01 5.842697143554687500e+01 5.358851623535156250e+01
1.283397731781005859e+02 8.662655448913579903e+01 6.019906997680664062e+01 5.577339553833007812e+01
1.287639522552490234e+02 8.673440933227544747e+01 6.025127029418945312e+01 5.201827239990234375e+01
1.288765277862548828e+02 8.673256683349615059e+01 5.962842941284179688e+01 5.112901306152343750e+01
1.290117416381835938e+02 8.869713020324714137e+01 5.960766601562500000e+01 4.638451766967772016e+01
1.332858333587646484e+02 8.713169670104987574e+01 5.636064529418945312e+01 4.748117446899412641e+01
1.329305019378662109e+02 8.566682052612310372e+01 5.343544387817382812e+01 4.721996307373046875e+01
1.322986316680908203e+02 8.625114059448247872e+01 5.253992843627929688e+01 4.670960235595703125e+01
1.328101539611816406e+02 8.673501586914068184e+01 5.227010345458984375e+01 4.599588012695312500e+01
1.320808925628662109e+02 8.635807037353519888e+01 5.218097305297851562e+01 4.613107299804688921e+01
1.319223213195800781e+02 8.654604530334476920e+01 5.172885894775390625e+01 4.566257858276368609e+01
1.334343204498291016e+02 8.524150466918950997e+01 5.227328109741210938e+01 4.592238616943359375e+01
1.362858371734619141e+02 8.494239234924320670e+01 4.968201828002929688e+01 4.599531173706056109e+01
1.366967735290527344e+02 8.505693054199224434e+01 5.041092681884765625e+01 4.668499755859375000e+01
1.377871093750000000e+02 8.322714614868169747e+01 5.079235839843750000e+01 4.843312835693359375e+01
1.361857204437255859e+02 8.532723426818853341e+01 5.286301040649414062e+01 4.801613998413085938e+01
1.340500259399414062e+02 8.423943328857427559e+01 5.543492126464843750e+01 4.884930419921875000e+01
1.389304065704345703e+02 8.781638908386236153e+01 5.195159530639648438e+01 4.550029373168945312e+01
1.336359901428222656e+02 8.412897682189947091e+01 5.602661895751953125e+01 4.925869369506835938e+01
1.357442131042480469e+02 8.851640892028815699e+01 5.402783966064453125e+01 4.455437088012693891e+01
1.338250827789306641e+02 8.299584579467777701e+01 5.605375289916992188e+01 5.092153167724610796e+01
1.382395744323730469e+02 8.822504615783695670e+01 5.308209991455078125e+01 4.463419723510743609e+01
1.339920787811279297e+02 8.304531288146978341e+01 5.691507339477539062e+01 5.013416671752929688e+01
1.392910079956054688e+02 8.637167549133305045e+01 5.263873291015625000e+01 4.578307723999024859e+01
1.360778732299804688e+02 8.268564414978031607e+01 5.559649658203125000e+01 4.872229385375977984e+01
1.419550228118896484e+02 8.536719322204595528e+01 5.255141067504882812e+01 4.698665237426757812e+01
1.419131488800048828e+02 8.453915977478033028e+01 5.425100326538085938e+01 5.015198135375976562e+01
1.450310001373291016e+02 8.738288497924810372e+01 5.164756393432617188e+01 4.524958038330078125e+01
1.431859855651855469e+02 8.490014076232915841e+01 5.449681854248046875e+01 4.803384017944335938e+01
1.448925361633300781e+02 8.670567703247075997e+01 5.387308502197265625e+01 4.686899566650390625e+01
1.428831768035888672e+02 8.628933334350591622e+01 5.654893875122070312e+01 4.666983795166015625e+01
1.457831192016601562e+02 8.874489402771000357e+01 5.423960876464843750e+01 4.418458938598634234e+01
1.477605400085449219e+02 8.639117431640629263e+01 5.137969207763671875e+01 4.664057922363282671e+01
1.488963317871093750e+02 8.613569641113285513e+01 5.208326721191406250e+01 4.776292419433595171e+01
1.466931991577148438e+02 8.763109016418462716e+01 5.210748291015625000e+01 4.568978500366210938e+01
1.460350151062011719e+02 8.735221672058109732e+01 5.356133270263671875e+01 4.642181777954102984e+01
1.440824947357177734e+02 8.778281402587896309e+01 5.256239700317382812e+01 4.489280700683593750e+01
1.421318454742431641e+02 8.605809402465825997e+01 5.514074325561523438e+01 4.732756805419921875e+01
1.437083301544189453e+02 8.626761436462408028e+01 5.307126998901367188e+01 4.698854446411132812e+01
1.414821071624755859e+02 8.746187019348150216e+01 5.158984756469726562e+01 4.575400924682617188e+01
1.398370780944824219e+02 8.731976127624517403e+01 5.387545013427734375e+01 4.682081985473632812e+01
1.359127254486083984e+02 8.418476676940923653e+01 5.668765640258789062e+01 5.002008438110351562e+01
1.375547389984130859e+02 8.744870376586919747e+01 5.391191482543945312e+01 4.584796905517578125e+01
1.326797733306884766e+02 8.277042579650884591e+01 5.758906173706054688e+01 4.950301742553710938e+01
1.373898887634277344e+02 8.777248954772953482e+01 5.585834503173828125e+01 4.573952102661134234e+01
1.265956954956054688e+02 8.452233314514165841e+01 5.894488525390625000e+01 4.940667343139648438e+01
1.423186607360839844e+02 8.785434913635259591e+01 4.774895477294921875e+01 4.493935775756835938e+01
1.235731601715087891e+02 8.724993324279792262e+01 5.560267257690429688e+01 4.799879074096678266e+01
1.203792343139648438e+02 8.249102592468267403e+01 5.852851867675781250e+01 5.192461013793945312e+01
1.247958984375000000e+02 8.898004722595221949e+01 5.527507019042968750e+01 4.712480545043943891e+01
1.041150932312011719e+02 8.719865608215337716e+01 6.291628265380859375e+01 5.481458663940429688e+01
1.046588077545166016e+02 8.739286804199224434e+01 6.314558029174804688e+01 5.337844848632812500e+01
1.049533081054687500e+02 8.776208877563482247e+01 6.191645812988281250e+01 4.852114105224609375e+01
1.069139213562011719e+02 8.688393783569341622e+01 5.853018951416015625e+01 4.859940338134765625e+01
1.070760002136230469e+02 8.579366683959965201e+01 6.027962493896484375e+01 4.904389190673829546e+01
1.084443454742431641e+02 8.622319412231450997e+01 5.806689071655273438e+01 4.808667755126953125e+01
1.046346969604492188e+02 8.807881546020513497e+01 5.857356262207031250e+01 4.554259490966796875e+01
1.048797245025634766e+02 8.760726547241216622e+01 5.876971054077148438e+01 4.609067535400390625e+01
1.042775230407714844e+02 8.670280075073247872e+01 5.558722686767578125e+01 4.672695159912109375e+01
9.584727096557617188e+01 8.731949996948247872e+01 5.926865386962890625e+01 4.914517974853515625e+01
9.595091438293457031e+01 8.840942192077642403e+01 5.901649093627929688e+01 4.875171279907226562e+01
9.253478431701660156e+01 8.505282974243169747e+01 6.084731674194335938e+01 4.888286590576171875e+01
9.133266639709472656e+01 9.522788810729986153e+01 5.840122604370117188e+01 4.777684402465820312e+01
7.802355575561523438e+01 9.430245780944829903e+01 6.352481842041015625e+01 5.536139297485351562e+01
2.037285614013671875e+01 9.820698928833013497e+01 6.548438262939453125e+01 5.706623077392578125e+01
5.886131668090821734e+01 9.364958953857428980e+01 7.417988586425779829e+01 6.863139343261717329e+01
7.316565704345703125e+01 9.589422035217290841e+01 6.736307525634765625e+01 5.760850143432617188e+01
6.417845916748046875e+01 9.591557312011724434e+01 7.058531951904296875e+01 6.000033569335937500e+01
8.162538146972656250e+01 9.092444992065435372e+01 6.239084625244140625e+01 4.913072967529296875e+01
7.867467498779296875e+01 8.597999382019048653e+01 6.482981109619140625e+01 5.580838394165039062e+01
7.157798385620117188e+01 9.548129272460943184e+01 6.718284606933593750e+01 5.631307983398437500e+01
5.732337570190429688e+01 9.777249145507818184e+01 6.577822875976562500e+01 5.944268798828125000e+01
8.352954673767089844e+01 9.069227600097661934e+01 6.023722457885742188e+01 5.289869689941406250e+01
7.117413711547851562e+01 8.797216987609868966e+01 6.811503601074218750e+01 5.607415390014648438e+01
7.670313453674316406e+01 9.750983810424810372e+01 6.112991714477539062e+01 5.219593048095703125e+01
8.853064918518066406e+01 9.370492362976079903e+01 5.870856094360351562e+01 4.907568740844726562e+01
1.036547966003417969e+02 8.891000747680669747e+01 5.198942565917968750e+01 4.602553558349609375e+01
9.837108802795408735e+01 8.529134559631351920e+01 5.254655838012696734e+01 4.596821212768556109e+01
9.394702339172361860e+01 8.740702819824223013e+01 5.573962783813477984e+01 4.890097045898438921e+01
8.561165046691894531e+01 9.017801475524908028e+01 5.807829666137695312e+01 4.906819534301757812e+01
9.548203849792479048e+01 8.402077674865726920e+01 5.919149398803712359e+01 4.707194137573243609e+01
1.109225883483886719e+02 8.694179725646978341e+01 4.607128906250000000e+01 4.394475936889648438e+01
1.037594909667968750e+02 8.177772712707525216e+01 5.171219635009765625e+01 4.771676254272460938e+01
1.118908576965332031e+02 8.692183685302740059e+01 4.746463012695312500e+01 4.240510559082031250e+01
1.087883720397949219e+02 8.274799537658697091e+01 5.036288452148437500e+01 4.330898666381835938e+01
1.109229297637939453e+02 8.595662498474126778e+01 5.011211013793945312e+01 4.389343643188476562e+01
1.081727352142333984e+02 8.298242950439458809e+01 5.282339096069335938e+01 4.567657470703125000e+01
1.126169204711914062e+02 8.568192481994633170e+01 5.115087127685546875e+01 4.144155502319335938e+01
1.122274398803710938e+02 8.440955734252933951e+01 4.924968719482421875e+01 4.284694671630859375e+01
1.105994224548339844e+02 8.411856842041019888e+01 5.387713623046875000e+01 4.451457214355470171e+01
1.128654594421386719e+02 8.629578781127933951e+01 5.397998046875000000e+01 4.011267852783203125e+01
1.109659748077392578e+02 8.609685516357426138e+01 5.667047500610351562e+01 4.121591186523437500e+01
1.240098552703857422e+02 8.724808120727543326e+01 4.843563461303710938e+01 3.668160247802734375e+01
1.129782276153564453e+02 8.468485641479496451e+01 5.498967361450195312e+01 4.216762542724609375e+01
1.182726650238037109e+02 8.760775566101078482e+01 5.379043197631835938e+01 4.014482498168945312e+01
1.133444385528564453e+02 8.461453056335454903e+01 5.488907241821289062e+01 4.356036758422851562e+01
1.251382560729980469e+02 8.886590385437015982e+01 4.996957397460937500e+01 3.991623306274415484e+01
1.224176425933837891e+02 8.588351631164556466e+01 4.980926895141601562e+01 4.394366073608398438e+01
1.220795173645019531e+02 8.486937522888189278e+01 4.997521972656250000e+01 4.218855667114257812e+01
1.203709411621093750e+02 8.635910224914556466e+01 5.162895965576171875e+01 4.213975143432617188e+01
1.186511173248291016e+02 8.510630607604986153e+01 5.332660293579101562e+01 4.000909805297851562e+01
1.219489192962646484e+02 8.666990661621099434e+01 5.151226425170898438e+01 4.181083679199218750e+01
1.205481986999511719e+02 8.446459007263190699e+01 5.186378479003906250e+01 4.254315567016601562e+01
1.244362297058105469e+02 8.653732681274421168e+01 5.027262878417968750e+01 4.119084930419921875e+01
1.239206886291503906e+02 8.530962753295905543e+01 4.925326538085937500e+01 4.104923248291015625e+01
1.247983970642089844e+02 8.571652030944831324e+01 4.866572570800781250e+01 3.916969680786132812e+01
1.253936710357666016e+02 8.540376472473151637e+01 4.812739944458007812e+01 3.975613021850585938e+01
1.239231224060058594e+02 8.549590110778815699e+01 4.902790832519531250e+01 4.044150161743164062e+01
1.231141738891601562e+02 8.649939537048346949e+01 5.018199920654296875e+01 3.928273391723632812e+01
1.264855899810791016e+02 8.611472129821784449e+01 4.922311782836914062e+01 3.921675491333007812e+01
1.121355037689208984e+02 8.320096397399909449e+01 5.730311203002929688e+01 4.311577224731445312e+01
1.155334014892578125e+02 8.577973175048835230e+01 5.818036651611328125e+01 4.228746032714842329e+01
1.181515617370605469e+02 8.585374641418462716e+01 5.389247131347656250e+01 4.049671554565429688e+01
1.185574359893798828e+02 8.410935592651372872e+01 5.314029312133789062e+01 4.156111907958984375e+01
1.190593433380126953e+02 8.420191001892095528e+01 5.230237197875976562e+01 4.130270767211914062e+01
1.311932163238525391e+02 8.528652954101569605e+01 4.612353897094726562e+01 3.904751586914062500e+01
1.269781875610351562e+02 8.402640914916999293e+01 4.666909027099609375e+01 4.096012115478515625e+01
1.083583679199218750e+02 8.284980392456061793e+01 5.927109527587890625e+01 4.257535552978515625e+01
1.250655002593994141e+02 8.403642654418952418e+01 5.003888320922851562e+01 3.899748992919921875e+01
1.249309539794921875e+02 8.334129905700690699e+01 4.875574493408203125e+01 4.060506057739257812e+01
1.247067070007324219e+02 8.457033729553229762e+01 4.921672058105468750e+01 3.897724533081054688e+01
1.242070503234863281e+02 8.418583869934089137e+01 4.931265258789062500e+01 4.017702865600585938e+01
1.214269809722900391e+02 8.328025245666511012e+01 5.238655471801757812e+01 4.015040206909179688e+01
1.243796310424804688e+02 8.559271621704108668e+01 5.100980377197265625e+01 4.045359039306640625e+01
1.237836837768554688e+02 8.457013893127448512e+01 4.987631988525390625e+01 4.009867477416992188e+01
1.259153671264648438e+02 8.498052978515632105e+01 4.922344207763671875e+01 3.912889099121093750e+01
1.256472530364990234e+02 8.602452850341803980e+01 4.825651168823242188e+01 3.819763183593750000e+01
1.251129760742187500e+02 8.614281082153327418e+01 4.952167510986328125e+01 3.843373870849609375e+01
1.232528858184814453e+02 8.679062652587897730e+01 5.088747024536132812e+01 3.908811950683593750e+01
1.207761077880859375e+02 8.656526184082038355e+01 5.264325714111328125e+01 3.948211669921875000e+01
1.170208930969238281e+02 8.695728492736823512e+01 5.660963439941406250e+01 4.140273666381834516e+01
1.177390518188476562e+02 8.637000465393072091e+01 5.582805633544921875e+01 4.347278976440429688e+01
1.214746322631835938e+02 8.844634819030768824e+01 5.251908111572265625e+01 4.138887405395506391e+01
1.195429878234863281e+02 8.530797195434575997e+01 5.616748046875000000e+01 4.421234893798828125e+01
1.255887012481689453e+02 8.915057754516607247e+01 4.953006362915039062e+01 3.958838653564453125e+01
1.238191261291503906e+02 8.537477302551275216e+01 5.350138854980468750e+01 4.371741867065429688e+01
1.268782825469970703e+02 8.823792648315435372e+01 4.901021194458007812e+01 3.952320098876953125e+01
1.270984745025634766e+02 8.623436927795415841e+01 5.106224441528320312e+01 4.201182174682617188e+01
1.262295284271240234e+02 8.652764129638678980e+01 5.077541732788085938e+01 4.074053955078125000e+01
1.265369758605957031e+02 8.569242095947272730e+01 5.307440185546875000e+01 3.996116638183593750e+01
1.277356872558593750e+02 8.667013359069831324e+01 5.275801849365234375e+01 4.160878372192381391e+01
1.319830570220947266e+02 8.561515235900884591e+01 5.123593521118164062e+01 4.020071029663085938e+01
1.360769615173339844e+02 8.391426086425786934e+01 4.657977294921875000e+01 3.544078063964843750e+01
