1.250000000000000000e+02 1.670000000000000000e+02 1.300000000000000000e+01 4.400000000000000000e+01
1.254451251029968262e+02 1.680651416778564453e+02 1.397448062896728516e+01 4.128334426879882812e+01
1.266607375144958496e+02 1.684053821563720703e+02 1.466454792022705078e+01 4.096938705444335938e+01
1.278162612915039062e+02 1.689783325195312500e+02 1.455331420898437500e+01 4.154401397705078125e+01
1.274432272911071777e+02 1.675614967346191406e+02 1.517369556427001953e+01 4.185256958007812500e+01
1.289253950119018555e+02 1.683870639801025391e+02 1.411747169494628906e+01 4.118275833129882812e+01
1.305597491264343262e+02 1.688086643218994141e+02 1.513604068756103516e+01 4.110394668579101562e+01
1.301464576721191406e+02 1.697622184753417969e+02 1.562842559814453125e+01 4.007849884033203125e+01
1.318575673103332520e+02 1.685961017608642578e+02 1.485960292816162109e+01 4.203471755981445312e+01
1.328347873687744141e+02 1.668052215576171875e+02 1.476848983764648438e+01 4.291743469238281250e+01
1.331476988792419434e+02 1.671665744781494141e+02 1.456548023223876953e+01 4.237305831909179688e+01
1.345089654922485352e+02 1.670577106475830078e+02 1.498966789245605469e+01 4.314339065551757812e+01
1.354789667129516602e+02 1.692164344787597656e+02 1.371115684509277344e+01 3.948227691650390625e+01
1.366000828742980957e+02 1.685317039489746094e+02 1.489900112152099609e+01 4.146240234375000000e+01
1.363484830856323242e+02 1.664267749786376953e+02 1.410192298889160156e+01 4.465462112426757812e+01
1.377241230010986328e+02 1.677729167938232422e+02 1.382352828979492188e+01 4.267700576782226562e+01
1.382811355590820312e+02 1.673456993103027344e+02 1.459825897216796875e+01 4.345191192626953125e+01
1.391931385993957520e+02 1.691564884185791016e+02 1.477538204193115234e+01 4.184733200073242188e+01
1.386564178466796875e+02 1.685218105316162109e+02 1.538771057128906250e+01 4.296890640258789062e+01
1.401250791549682617e+02 1.683841476440429688e+02 1.490883827209472656e+01 4.308985900878906250e+01
1.402978987693786621e+02 1.689201297760009766e+02 1.472238636016845703e+01 4.282834243774414062e+01
1.417881288528442383e+02 1.691523799896240234e+02 1.458907890319824219e+01 4.230736923217773438e+01
1.422749714851379395e+02 1.704303207397460938e+02 1.393374538421630859e+01 4.188118743896484375e+01
1.426253437995910645e+02 1.700185432434082031e+02 1.387767696380615234e+01 4.185035705566406250e+01
1.439956102371215820e+02 1.703976554870605469e+02 1.508417320251464844e+01 4.114315032958984375e+01
1.432260370254516602e+02 1.704933662414550781e+02 1.493784141540527344e+01 4.110823822021484375e+01
1.453614130020141602e+02 1.688737983703613281e+02 1.424631309509277344e+01 4.326706695556640625e+01
1.465494980812072754e+02 1.695867195129394531e+02 1.533033275604248047e+01 4.192851257324218750e+01
1.474203262329101562e+02 1.695573596954345703e+02 1.468114471435546875e+01 4.297266006469726562e+01
1.480572743415832520e+02 1.690178794860839844e+02 1.398040676116943359e+01 4.222489929199218750e+01
1.490618319511413574e+02 1.701105461120605469e+02 1.440242099761962891e+01 4.267628479003906250e+01
1.494414296150207520e+02 1.711906280517578125e+02 1.541248226165771484e+01 4.214275360107421875e+01
1.497163467407226562e+02 1.718773403167724609e+02 1.649524688720703125e+01 4.121583175659179688e+01
1.504297533035278320e+02 1.702120151519775391e+02 1.744544792175292969e+01 4.270797348022460938e+01
1.503371562957763672e+02 1.711370410919189453e+02 1.729106521606445312e+01 4.128892135620117188e+01
1.519810323715209961e+02 1.703954544067382812e+02 1.751542091369628906e+01 4.288080596923828125e+01
1.512692613601684570e+02 1.702175254821777344e+02 1.792393302917480469e+01 4.260706329345703125e+01
1.528998823165893555e+02 1.720088100433349609e+02 1.742994880676269531e+01 4.096588516235351562e+01
1.551184177398681641e+02 1.717474231719970703e+02 1.653615951538085938e+01 4.041054916381835938e+01
1.571097726821899414e+02 1.713479022979736328e+02 1.481380271911621094e+01 4.078932571411132812e+01
1.581851601600646973e+02 1.723472805023193359e+02 1.398915386199951172e+01 4.019216537475585938e+01
1.588773331642150879e+02 1.713397541046142578e+02 1.378251934051513672e+01 4.201842117309570312e+01
1.601411514282226562e+02 1.719099826812744141e+02 1.418270111083984375e+01 4.132831192016601562e+01
1.603771958351135254e+02 1.693272686004638672e+02 1.419185161590576172e+01 4.358443069458007812e+01
1.619881200790405273e+02 1.718022041320800781e+02 1.386145210266113281e+01 4.134596252441406250e+01
1.617474927902221680e+02 1.727919292449951172e+02 1.369359779357910156e+01 4.089166641235351562e+01
1.626981081962585449e+02 1.713179302215576172e+02 1.342865848541259766e+01 4.092568588256835938e+01
1.637462692260742188e+02 1.714335918426513672e+02 1.304941558837890625e+01 4.116959762573242188e+01
1.630471663475036621e+02 1.706300792694091797e+02 1.330270862579345703e+01 4.206415939331054688e+01
1.635101037025451660e+02 1.713012104034423828e+02 1.380944347381591797e+01 4.161429214477539062e+01
1.639042549133300781e+02 1.718198356628417969e+02 1.338359832763671875e+01 4.113845825195312500e+01
1.635721354484558105e+02 1.718079757690429688e+02 1.283900547027587891e+01 4.160993194580078125e+01
1.640526909828186035e+02 1.716497077941894531e+02 1.335947704315185547e+01 4.085401153564453125e+01
1.633398232460021973e+02 1.719045600891113281e+02 1.328891277313232422e+01 4.077912139892578125e+01
1.633481593132019043e+02 1.718948707580566406e+02 1.345984745025634766e+01 4.104910278320312500e+01
1.631138005256652832e+02 1.708740463256835938e+02 1.319739437103271484e+01 4.169002532958984375e+01
1.634791531562805176e+02 1.703069343566894531e+02 1.384339809417724609e+01 4.219063568115234375e+01
1.636209692955017090e+02 1.712374286651611328e+02 1.387951374053955078e+01 4.128909683227539062e+01
1.631825237274169922e+02 1.715974826812744141e+02 1.402975845336914062e+01 4.146377944946289062e+01
1.635316724777221680e+02 1.717783756256103516e+02 1.379297828674316406e+01 4.139091110229492188e+01
1.642066941261291504e+02 1.718774719238281250e+02 1.395657634735107422e+01 4.140203857421875000e+01
1.639112997055053711e+02 1.713245258331298828e+02 1.309056282043457031e+01 4.079940414428710938e+01
1.636832766532897949e+02 1.712955856323242188e+02 1.395567417144775391e+01 4.092741394042968750e+01
1.640314979553222656e+02 1.719349975585937500e+02 1.384338378906250000e+01 4.123925018310546875e+01
1.648375473022460938e+02 1.714181709289550781e+02 1.366506958007812500e+01 4.155000305175781250e+01
1.644388642311096191e+02 1.720252685546875000e+02 1.352522563934326172e+01 4.154822540283203125e+01
1.649360213279724121e+02 1.721102333068847656e+02 1.291621875762939453e+01 4.073035430908203125e+01
1.656668214797973633e+02 1.721400966644287109e+02 1.373149681091308594e+01 4.069865036010742188e+01
1.654073557853698730e+02 1.715904235839843750e+02 1.355846500396728516e+01 4.189831542968750000e+01
1.652195472717285156e+02 1.706976280212402344e+02 1.384005737304687500e+01 4.297832489013671875e+01
1.659193401336669922e+02 1.710948619842529297e+02 1.356716537475585938e+01 4.274357986450195312e+01
1.664399347305297852e+02 1.711563911437988281e+02 1.331698417663574219e+01 4.182545471191406250e+01
1.661004996299743652e+02 1.703013629913330078e+02 1.371704578399658203e+01 4.218410873413085938e+01
1.673327388763427734e+02 1.712670097351074219e+02 1.430292129516601562e+01 4.251163482666015625e+01
1.670123877525329590e+02 1.713614006042480469e+02 1.505687427520751953e+01 4.202908325195312500e+01
1.671518554687500000e+02 1.719578590393066406e+02 1.539070892333984375e+01 4.112670898437500000e+01
1.681725168228149414e+02 1.721054286956787109e+02 1.631076622009277344e+01 4.121258163452148438e+01
1.683661527633666992e+02 1.718209533691406250e+02 1.602225685119628906e+01 4.153279113769531250e+01
1.691802196502685547e+02 1.717579765319824219e+02 1.648900222778320312e+01 4.148645782470703125e+01
1.696130471229553223e+02 1.730845680236816406e+02 1.575174236297607422e+01 4.000757598876953125e+01
1.696098556518554688e+02 1.712758789062500000e+02 1.672722625732421875e+01 4.197425842285156250e+01
1.710586199760437012e+02 1.720733051300048828e+02 1.595793247222900391e+01 4.152002334594726562e+01
1.715569190979003906e+02 1.715804271697998047e+02 1.497315979003906250e+01 4.143310165405273438e+01
1.732543001174926758e+02 1.717047615051269531e+02 1.410830497741699219e+01 4.131392669677734375e+01
1.739178977012634277e+02 1.715148296356201172e+02 1.349014759063720703e+01 4.111892318725585938e+01
1.754755749702453613e+02 1.692889556884765625e+02 1.327717494964599609e+01 4.265982055664062500e+01
1.757405343055725098e+02 1.696806144714355469e+02 1.329307079315185547e+01 4.299597930908203125e+01
1.765096416473388672e+02 1.712150554656982422e+02 1.327425003051757812e+01 4.146220779418945312e+01
1.765548205375671387e+02 1.707271423339843750e+02 1.314408969879150391e+01 4.263450622558593750e+01
1.764628090858459473e+02 1.696407337188720703e+02 1.323613262176513672e+01 4.244745254516601562e+01
1.770179533958435059e+02 1.709972667694091797e+02 1.363195514678955078e+01 4.193095016479492188e+01
1.767439689636230469e+02 1.708369903564453125e+02 1.361579132080078125e+01 4.183254241943359375e+01
1.761044378280639648e+02 1.714806003570556641e+02 1.442198371887207031e+01 4.091357040405273438e+01
1.763044376373291016e+02 1.710891952514648438e+02 1.521009445190429688e+01 4.060206604003906250e+01
1.768497896194458008e+02 1.713718051910400391e+02 1.413283348083496094e+01 4.195215988159179688e+01
1.771661729812622070e+02 1.728672332763671875e+02 1.349322319030761719e+01 3.969884490966796875e+01
1.780064783096313477e+02 1.721288795471191406e+02 1.375445365905761719e+01 4.042109680175781250e+01
1.778227839469909668e+02 1.715736637115478516e+02 1.335270786285400391e+01 4.132114791870117188e+01
1.775301103591918945e+02 1.719979133605957031e+02 1.398637199401855469e+01 4.123918151855468750e+01
1.771897230148315430e+02 1.709730682373046875e+02 1.373764991760253906e+01 4.163114166259765625e+01
1.769762477874755859e+02 1.703250370025634766e+02 1.368687057495117188e+01 4.199443435668945312e+01
1.764901962280273438e+02 1.719176254272460938e+02 1.392964935302734375e+01 4.152011108398437500e+01
1.769803738594055176e+02 1.715120487213134766e+02 1.347254848480224609e+01 4.156821060180664062e+01
1.768113751411437988e+02 1.703879032135009766e+02 1.398608303070068359e+01 4.209067153930664062e+01
1.766761345863342285e+02 1.718080883026123047e+02 1.348742198944091797e+01 4.126706314086914062e+01
1.766502761840820312e+02 1.714627037048339844e+02 1.386698913574218750e+01 4.190061950683593750e+01
1.768725523948669434e+02 1.707179431915283203e+02 1.388717365264892578e+01 4.128506851196289062e+01
1.767324638366699219e+02 1.719678153991699219e+02 1.383706665039062500e+01 4.103818511962890625e+01
1.771458821296691895e+02 1.720487537384033203e+02 1.364507961273193359e+01 4.113171768188476562e+01
1.784588947296142578e+02 1.714442863464355469e+02 1.377598953247070312e+01 4.170694732666015625e+01
1.782766780853271484e+02 1.710698013305664062e+02 1.359474563598632812e+01 4.180465698242187500e+01
1.780992164611816406e+02 1.722405891418457031e+02 1.377270507812500000e+01 4.023146820068359375e+01
1.790203185081481934e+02 1.715058689117431641e+02 1.411709308624267578e+01 4.142573928833007812e+01
1.774683947563171387e+02 1.702153053283691406e+02 1.489609622955322266e+01 4.226193237304687500e+01
1.789328131675720215e+02 1.709006843566894531e+02 1.548024463653564453e+01 4.138048553466796875e+01
1.783861527442932129e+02 1.711790122985839844e+02 1.525145244598388672e+01 4.151372528076171875e+01
1.792792644500732422e+02 1.717222137451171875e+02 1.487299728393554688e+01 4.184104156494140625e+01
1.796932764053344727e+02 1.718290672302246094e+02 1.496462821960449219e+01 4.070754241943359375e+01
1.803686223030090332e+02 1.715590610504150391e+02 1.476977443695068359e+01 4.079655838012695312e+01
1.813825292587280273e+02 1.716283569335937500e+02 1.502260780334472656e+01 4.166436767578125000e+01
1.825342135429382324e+02 1.711058311462402344e+02 1.514174747467041016e+01 4.127763366699218750e+01
1.828898844718933105e+02 1.710849285125732422e+02 1.392298984527587891e+01 4.143781661987304688e+01
1.844396729469299316e+02 1.710864830017089844e+02 1.400182628631591797e+01 4.023759460449218750e+01
1.846563858985900879e+02 1.708143119812011719e+02 1.352054119110107422e+01 4.088703155517578125e+01
1.853379402160644531e+02 1.705283794403076172e+02 1.309222412109375000e+01 4.184558486938476562e+01
1.861402783393859863e+02 1.712947883605957031e+02 1.330888271331787109e+01 4.200022125244140625e+01
1.873739056587219238e+02 1.712824478149414062e+02 1.379979610443115234e+01 4.131582641601562500e+01
1.883284163475036621e+02 1.713684806823730469e+02 1.423763751983642578e+01 4.159200286865234375e+01
1.884915714263916016e+02 1.715477466583251953e+02 1.640534591674804688e+01 4.159952163696289062e+01
1.880312089920043945e+02 1.696512966156005859e+02 1.762808799743652344e+01 4.298914718627929688e+01
1.885429620742797852e+02 1.696619243621826172e+02 1.820393180847167969e+01 4.258930587768554688e+01
1.884876766204833984e+02 1.674158439636230469e+02 1.762508773803710938e+01 4.545494079589843750e+01
1.904290466308593750e+02 1.704000225067138672e+02 1.784146881103515625e+01 4.221854019165039062e+01
1.910384178161621094e+02 1.705451602935791016e+02 1.694161224365234375e+01 4.167105484008789062e+01
1.917444820404052734e+02 1.673630180358886719e+02 1.677771377563476562e+01 4.489261627197265625e+01
1.933827438354492188e+02 1.699984302520751953e+02 1.670071411132812500e+01 4.206925582885742188e+01
1.948021268844604492e+02 1.675901203155517578e+02 1.458455085754394531e+01 4.412548446655273438e+01
1.965811176300048828e+02 1.669092102050781250e+02 1.336001205444335938e+01 4.438840484619140625e+01
1.985573582649230957e+02 1.699295539855957031e+02 1.288725948333740234e+01 4.193133544921875000e+01
1.986447582244873047e+02 1.695984039306640625e+02 1.282706069946289062e+01 4.311081695556640625e+01
2.000716848373413086e+02 1.705056648254394531e+02 1.270877265930175781e+01 4.161500549316406250e+01
2.013748641014099121e+02 1.713954048156738281e+02 1.473820972442626953e+01 4.114690399169921875e+01
2.017708663940429688e+02 1.715903358459472656e+02 1.591385650634765625e+01 4.070085906982421875e+01
2.016751766204833984e+02 1.712727546691894531e+02 1.761830520629882812e+01 3.993775177001953125e+01
2.030055770874023438e+02 1.702656917572021484e+02 1.744503784179687500e+01 4.141553115844726562e+01
2.036739540100097656e+02 1.719100780487060547e+02 1.748252868652343750e+01 4.015256118774414062e+01
2.046382951736450195e+02 1.705252227783203125e+02 1.810600090026855469e+01 4.144907379150390625e+01
2.051176033020019531e+02 1.658014526367187500e+02 1.716816711425781250e+01 4.633353424072265625e+01
2.077972717285156250e+02 1.704523353576660156e+02 1.648465728759765625e+01 4.183184814453125000e+01
2.092609491348266602e+02 1.689928970336914062e+02 1.446027183532714844e+01 4.303376770019531250e+01
2.117620239257812500e+02 1.685894279479980469e+02 1.337380218505859375e+01 4.234912872314453125e+01
2.130007004737854004e+02 1.698068122863769531e+02 1.232366466522216797e+01 4.055640411376953125e+01
2.137885246276855469e+02 1.695484066009521484e+02 1.270965576171875000e+01 4.250111770629882812e+01
2.142783751487731934e+02 1.702578468322753906e+02 1.285253620147705078e+01 4.092924499511718750e+01
2.149742836952209473e+02 1.685899238586425781e+02 1.472925853729248047e+01 4.281999206542968750e+01
2.161186895370483398e+02 1.682219142913818359e+02 1.612228584289550781e+01 4.370637893676757812e+01
2.167663097381591797e+02 1.666973800659179688e+02 1.693904495239257812e+01 4.415616607666015625e+01
2.179982881546020508e+02 1.660809402465820312e+02 1.735279655456542969e+01 4.504897308349609375e+01
2.179049320220947266e+02 1.661718769073486328e+02 1.736467361450195312e+01 4.456567764282226562e+01
2.191882762908935547e+02 1.658661651611328125e+02 1.714206314086914062e+01 4.554443359375000000e+01
2.195735569000244141e+02 1.672542285919189453e+02 1.738853836059570312e+01 4.399068832397460938e+01
2.209202585220336914e+02 1.665073375701904297e+02 1.696586418151855469e+01 4.465376663208007812e+01
2.225634775161743164e+02 1.668406543731689453e+02 1.617071342468261719e+01 4.415214920043945312e+01
2.256067361831665039e+02 1.684900321960449219e+02 1.321626091003417969e+01 4.160700988769531250e+01
2.270965676307678223e+02 1.700308742523193359e+02 1.294004344940185547e+01 4.061861038208007812e+01
2.280173382759094238e+02 1.689083118438720703e+02 1.336099910736083984e+01 4.129804611206054688e+01
2.302937922477722168e+02 1.702182254791259766e+02 1.250164890289306641e+01 3.971628952026367188e+01
2.314937415122985840e+02 1.708887519836425781e+02 1.264661121368408203e+01 3.871025848388671875e+01
2.326481146812438965e+02 1.700070705413818359e+02 1.378854846954345703e+01 3.890571212768554688e+01
2.321341977119445801e+02 1.691589202880859375e+02 1.537341976165771484e+01 4.022004699707031250e+01
2.322560191154479980e+02 1.679976673126220703e+02 1.568142032623291016e+01 4.193022537231445312e+01
2.331023073196411133e+02 1.694841403961181641e+02 1.637488365173339844e+01 4.056072616577148438e+01
2.352593345642089844e+02 1.688242282867431641e+02 1.668463897705078125e+01 3.868874740600585938e+01
2.352131304740905762e+02 1.694529247283935547e+02 1.573151493072509766e+01 3.926845932006835938e+01
2.377821936607360840e+02 1.697411670684814453e+02 1.523971271514892578e+01 3.691711044311523438e+01
2.401349053382873535e+02 1.696494808197021484e+02 1.375207805633544922e+01 3.628928756713867188e+01
2.418486399650573730e+02 1.697947883605957031e+02 1.371188449859619141e+01 3.600549316406250000e+01
2.419330592155456543e+02 1.700163879394531250e+02 1.320370578765869141e+01 3.554583740234375000e+01
2.432412343025207520e+02 1.704005661010742188e+02 1.351603603363037109e+01 3.629312133789062500e+01
2.453944745063781738e+02 1.697567138671875000e+02 1.366128444671630859e+01 3.683219909667968750e+01
2.456657595634460449e+02 1.691574249267578125e+02 1.487315464019775391e+01 3.689532470703125000e+01
2.465980477333068848e+02 1.678140487670898438e+02 1.562100505828857422e+01 3.888246154785156250e+01
2.468250150680541992e+02 1.692588100433349609e+02 1.528696632385253906e+01 3.800368118286132812e+01
2.488022994995117188e+02 1.692285861968994141e+02 1.603300476074218750e+01 3.687884902954101562e+01
2.494427089691162109e+02 1.694105205535888672e+02 1.519913864135742188e+01 3.665472793579101562e+01
2.505938987731933594e+02 1.698405075073242188e+02 1.537664794921875000e+01 3.700197601318359375e+01
2.529469642639160156e+02 1.689881477355957031e+02 1.547624206542968750e+01 3.896963500976562500e+01
2.549394712448120117e+02 1.693257217407226562e+02 1.400509071350097656e+01 3.770149230957031250e+01
2.564355878829956055e+02 1.681683368682861328e+02 1.259099006652832031e+01 3.881515121459960938e+01
2.577048249244689941e+02 1.686112060546875000e+02 1.321730327606201172e+01 3.759434509277343750e+01
2.592234234809875488e+02 1.687177982330322266e+02 1.327196407318115234e+01 3.784064102172851562e+01
2.604258503913879395e+02 1.692147388458251953e+02 1.320762538909912109e+01 3.752762985229492188e+01
2.608792514801025391e+02 1.691775054931640625e+02 1.435734939575195312e+01 3.737816619873046875e+01
2.613727583885192871e+02 1.693794784545898438e+02 1.492758655548095703e+01 3.742616271972656250e+01
2.638498840332031250e+02 1.698215045928955078e+02 1.469586944580078125e+01 3.618968582153320312e+01
2.645124478340148926e+02 1.699728546142578125e+02 1.504425716400146484e+01 3.714464569091796875e+01
2.641154131889343262e+02 1.700207099914550781e+02 1.454969120025634766e+01 3.613941955566406250e+01
2.666418895721435547e+02 1.688543148040771484e+02 1.504526901245117188e+01 3.789516830444335938e+01
2.666887397766113281e+02 1.686573810577392578e+02 1.402927398681640625e+01 3.699203872680664062e+01
2.692017703056335449e+02 1.696175117492675781e+02 1.319328403472900391e+01 3.683966827392578125e+01
2.712001819610595703e+02 1.677079544067382812e+02 1.292670822143554688e+01 3.781684875488281250e+01
2.701776065826416016e+02 1.694800701141357422e+02 1.347906112670898438e+01 3.662266921997070312e+01
2.739629173278808594e+02 1.704899482727050781e+02 1.227088165283203125e+01 3.734529876708984375e+01
2.742452225685119629e+02 1.689610176086425781e+02 1.304631328582763672e+01 3.926802825927734375e+01
2.746061935424804688e+02 1.678919200897216797e+02 1.537375640869140625e+01 4.003719711303710938e+01
2.755864391326904297e+02 1.695131111145019531e+02 1.733539199829101562e+01 3.891061401367187500e+01
2.770653944015502930e+02 1.716605854034423828e+02 1.790258979797363281e+01 3.705038070678710938e+01
2.772188100814819336e+02 1.712819862365722656e+02 1.770423316955566406e+01 3.743423461914062500e+01
2.780397634506225586e+02 1.711585578918457031e+02 1.795468330383300781e+01 3.763968658447265625e+01
2.795383119583129883e+02 1.705691261291503906e+02 1.799276542663574219e+01 3.703002929687500000e+01
2.807300949096679688e+02 1.716741428375244141e+02 1.759902191162109375e+01 3.519626235961914062e+01
2.808699331283569336e+02 1.710048294067382812e+02 1.594064521789550781e+01 3.680134582519531250e+01
2.832997946739196777e+02 1.700431842803955078e+02 1.579263019561767578e+01 3.816270828247070312e+01
2.851957564353942871e+02 1.686594562530517578e+02 1.451141834259033203e+01 3.955384445190429688e+01
2.885097308158874512e+02 1.685812282562255859e+02 1.319987583160400391e+01 3.954045486450195312e+01
2.899177675247192383e+02 1.684756622314453125e+02 1.383576774597167969e+01 4.129612731933593750e+01
2.908603329658508301e+02 1.685517807006835938e+02 1.330830287933349609e+01 4.090705871582031250e+01
2.896568946838378906e+02 1.693504333496093750e+02 1.485419464111328125e+01 3.969491577148437500e+01
2.921766328811645508e+02 1.688264999389648438e+02 1.693003654479980469e+01 3.998287200927734375e+01
2.925072097778320312e+02 1.695825195312500000e+02 1.721664428710937500e+01 3.952566528320312500e+01
2.929506273269653320e+02 1.660277404785156250e+02 1.706455802917480469e+01 4.251733398437500000e+01
2.945723533630371094e+02 1.687247428894042969e+02 1.686359405517578125e+01 3.999033355712890625e+01
2.946033267974853516e+02 1.661571674346923828e+02 1.771250534057617188e+01 4.246866989135742188e+01
2.966392803192138672e+02 1.687543144226074219e+02 1.731948471069335938e+01 3.983013153076171875e+01
2.988121452331542969e+02 1.684601688385009766e+02 1.611657714843750000e+01 3.982506942749023438e+01
2.999640073776245117e+02 1.687771968841552734e+02 1.524133491516113281e+01 4.047026443481445312e+01
3.015239634513854980e+02 1.684500236511230469e+02 1.413485813140869141e+01 3.803005981445312500e+01
3.029973535537719727e+02 1.685544700622558594e+02 1.336791038513183594e+01 3.901435852050781250e+01
3.044717369079589844e+02 1.687372932434082031e+02 1.335603332519531250e+01 3.881353759765625000e+01
3.040195751190185547e+02 1.689081058502197266e+02 1.646789169311523438e+01 3.968914413452148438e+01
3.053641452789306641e+02 1.679933319091796875e+02 1.508858108520507812e+01 3.946401977539062500e+01
3.069333086013793945e+02 1.684908428192138672e+02 1.591531944274902344e+01 3.909474563598632812e+01
3.078249769210815430e+02 1.693887348175048828e+02 1.620955848693847656e+01 3.910934829711914062e+01
3.098946361541748047e+02 1.693725585937500000e+02 1.580421066284179688e+01 3.858724975585937500e+01
3.109347715377807617e+02 1.693423118591308594e+02 1.569243049621582031e+01 3.716725158691406250e+01
3.115370006561279297e+02 1.697570190429687500e+02 1.642522048950195312e+01 3.742984008789062500e+01
3.125651264190673828e+02 1.692312870025634766e+02 1.680774307250976562e+01 3.817649459838867188e+01
3.135960664749145508e+02 1.691360988616943359e+02 1.558267784118652344e+01 3.855583572387695312e+01
3.147261195182800293e+02 1.681843280792236328e+02 1.589147281646728516e+01 3.957912826538085938e+01
3.174916949272155762e+02 1.687409572601318359e+02 1.347121524810791016e+01 3.936439895629882812e+01
3.168032879829406738e+02 1.681721649169921875e+02 1.438935756683349609e+01 3.895239257812500000e+01
3.204716224670410156e+02 1.679887714385986328e+02 1.298603820800781250e+01 3.870320510864257812e+01
3.206801314353942871e+02 1.686101093292236328e+02 1.352422046661376953e+01 3.803585433959960938e+01
3.215525140762329102e+02 1.689566078186035156e+02 1.491701316833496094e+01 3.786875915527343750e+01
3.214839239120483398e+02 1.684813156127929688e+02 1.604384803771972656e+01 3.767504119873046875e+01
3.225997691154479980e+02 1.687938079833984375e+02 1.598393344879150391e+01 3.657447814941406250e+01
3.234550409317016602e+02 1.686227645874023438e+02 1.694169425964355469e+01 3.723047637939453125e+01
3.243442640304565430e+02 1.680025596618652344e+02 1.761686897277832031e+01 3.861342620849609375e+01
3.250265455245971680e+02 1.673497085571289062e+02 1.688320350646972656e+01 3.839641571044921875e+01
3.270970830917358398e+02 1.654944343566894531e+02 1.724111366271972656e+01 4.008983612060546875e+01
3.279657540321350098e+02 1.669410953521728516e+02 1.569255352020263672e+01 3.840498733520507812e+01
3.312278275489807129e+02 1.663419189453125000e+02 1.372437572479248047e+01 3.907756042480468750e+01
3.309721446037292480e+02 1.678367710113525391e+02 1.404603672027587891e+01 3.813373947143554688e+01
3.336251974105834961e+02 1.670460643768310547e+02 1.386550331115722656e+01 3.899910354614257812e+01
3.329433465003967285e+02 1.668700313568115234e+02 1.475752544403076172e+01 3.724784469604492188e+01
3.351202878952026367e+02 1.671686553955078125e+02 1.448255348205566406e+01 3.804638671875000000e+01
3.366173043251037598e+02 1.666275463104248047e+02 1.446567821502685547e+01 3.677819442749023438e+01
3.369718937873840332e+02 1.669801902770996094e+02 1.442050838470458984e+01 3.803582000732421875e+01
3.385160350799560547e+02 1.665204849243164062e+02 1.395799636840820312e+01 3.862826538085937500e+01
3.405395927429199219e+02 1.682166385650634766e+02 1.383615112304687500e+01 3.709608840942382812e+01
3.415741972923278809e+02 1.663443031311035156e+02 1.377010059356689453e+01 3.876988220214843750e+01
3.432741641998291016e+02 1.672893104553222656e+02 1.397854232788085938e+01 3.808589935302734375e+01
3.431762552261352539e+02 1.655953826904296875e+02 1.675044059753417969e+01 3.459236907958984375e+01
3.439690828323364258e+02 1.643145503997802734e+02 1.635629081726074219e+01 4.028944778442382812e+01
3.442079095840454102e+02 1.624448356628417969e+02 1.831941795349121094e+01 4.049452209472656250e+01
3.387264509201049805e+02 1.680401649475097656e+02 2.852377510070800781e+01 3.434793853759765625e+01
3.080863199234008789e+02 1.732490253448486328e+02 2.329304695129394531e+01 4.624630355834960938e+01
3.431849908828735352e+02 1.562371940612792969e+02 2.339392280578613281e+01 4.447409057617187500e+01
3.401341571807861328e+02 1.563809299468994141e+02 3.325808715820312500e+01 4.381709671020507812e+01
3.377450122833251953e+02 1.552638034820556641e+02 4.494799804687500000e+01 4.523636245727539062e+01
3.042091560363769531e+02 1.611083049774169922e+02 5.079641342163085938e+01 5.491138839721679688e+01
2.909430751800537109e+02 1.592619972229003906e+02 6.568265533447265625e+01 4.836009216308593750e+01
2.900920639038085938e+02 1.431366767883300781e+02 4.605182266235351562e+01 8.049269104003906250e+01
2.951542491912841797e+02 1.527457733154296875e+02 4.463753509521484375e+01 6.974143218994140625e+01
3.012867088317871094e+02 1.788934135437011719e+02 3.748324203491210938e+01 6.563825988769531250e+01
3.058454084396362305e+02 1.913618259429931641e+02 2.868420219421386719e+01 5.008179092407226562e+01
3.062710456848144531e+02 1.952589855194091797e+02 2.627795028686523438e+01 3.754879379272460938e+01
3.156872644424438477e+02 1.721940250396728516e+02 3.150029182434082031e+01 3.282400131225585938e+01
3.429222669601440430e+02 1.407372684478759766e+02 2.278770256042480469e+01 6.104696273803710938e+01
3.463784160614013672e+02 1.264259109497070312e+02 3.592734527587890625e+01 6.879539489746093750e+01
3.382211723327636719e+02 1.291858940124511719e+02 5.043642807006835938e+01 7.044789886474609375e+01
3.034623146057128906e+02 1.527789230346679688e+02 4.379516220092773438e+01 6.260806274414062500e+01
3.394161243438720703e+02 1.529717521667480469e+02 4.136300659179687500e+01 5.245139312744140625e+01
3.345546302795410156e+02 1.616296653747558594e+02 4.997889328002929688e+01 3.715842437744140625e+01
3.513701171875000000e+02 1.536148967742919922e+02 3.122912979125976562e+01 4.252753067016601562e+01
3.621353273391723633e+02 1.608471641540527344e+02 1.948681068420410156e+01 3.948773956298828125e+01
3.682742629051208496e+02 1.651835613250732422e+02 1.451711368560791016e+01 3.319940567016601562e+01
3.686738519668579102e+02 1.667078685760498047e+02 1.411352729797363281e+01 2.923219680786132812e+01
3.708171558380126953e+02 1.669850330352783203e+02 1.395378112792968750e+01 3.203940200805664062e+01
3.733821492195129395e+02 1.679212207794189453e+02 1.292473888397216797e+01 3.015480422973632812e+01
3.743584136962890625e+02 1.679389705657958984e+02 1.356846237182617188e+01 3.041478347778320312e+01
3.753304910659790039e+02 1.668887710571289062e+02 1.271927070617675781e+01 3.045750427246093750e+01
3.760606255531311035e+02 1.675118236541748047e+02 1.304081630706787109e+01 3.069575881958007812e+01
3.769045586585998535e+02 1.656777744293212891e+02 1.359726619720458984e+01 3.336799240112304688e+01
3.766489171981811523e+02 1.646772880554199219e+02 1.413335227966308594e+01 3.417327117919921875e+01
3.778468170166015625e+02 1.643137283325195312e+02 1.441098403930664062e+01 3.314943695068359375e+01
3.794253969192504883e+02 1.656813869476318359e+02 1.431888008117675781e+01 3.403012466430664062e+01
3.807947506904602051e+02 1.638553924560546875e+02 1.425471782684326172e+01 3.531591033935546875e+01
3.799463648796081543e+02 1.630661621093750000e+02 1.496468067169189453e+01 3.454039764404296875e+01
3.818985404968261719e+02 1.665775070190429688e+02 1.413964462280273438e+01 3.244747924804687500e+01
3.821820611953735352e+02 1.649038562774658203e+02 1.353567695617675781e+01 3.376102066040039062e+01
3.824980807304382324e+02 1.683440551757812500e+02 1.366019153594970703e+01 3.055388641357421875e+01
3.849133839607238770e+02 1.651568050384521484e+02 1.300133800506591797e+01 3.254218673706054688e+01
3.850249352455139160e+02 1.658101234436035156e+02 1.305782985687255859e+01 3.299409484863281250e+01
3.865863609313964844e+02 1.676961688995361328e+02 1.248643112182617188e+01 3.289041519165039062e+01
3.877349958419799805e+02 1.686435146331787109e+02 1.334919548034667969e+01 3.262623214721679688e+01
3.893855004310607910e+02 1.671788902282714844e+02 1.334895992279052734e+01 3.284980010986328125e+01
3.897196850776672363e+02 1.667576980590820312e+02 1.305687999725341797e+01 3.415293884277343750e+01
3.911128292083740234e+02 1.695851659774780273e+02 1.224629974365234375e+01 3.172623634338378906e+01
3.921949515342712402e+02 1.689655590057373047e+02 1.253376865386962891e+01 3.234032821655273438e+01
3.926557140350341797e+02 1.687480812072753906e+02 1.268017578125000000e+01 3.252104949951171875e+01
3.939435324668884277e+02 1.692303705215454102e+02 1.215145969390869141e+01 3.142522239685058594e+01
3.937655744552612305e+02 1.693458719253540039e+02 1.253312492370605469e+01 3.178063774108886719e+01
3.951057872772216797e+02 1.687707386016845703e+02 1.437204742431640625e+01 3.326564407348632812e+01
3.963147153854370117e+02 1.690862007141113281e+02 1.460481834411621094e+01 3.463316345214843750e+01
3.961013259887695312e+02 1.688341236114501953e+02 1.560853195190429688e+01 3.452173995971679688e+01
3.985704441070556641e+02 1.682843112945556641e+02 1.620105743408203125e+01 3.543475723266601562e+01
3.976208677291870117e+02 1.689010066986083984e+02 1.626651573181152344e+01 3.453933334350585938e+01
4.004168524742126465e+02 1.688115997314453125e+02 1.555010318756103516e+01 3.389834594726562500e+01
4.015173807144165039e+02 1.694766178131103516e+02 1.491712379455566406e+01 3.470979690551757812e+01
4.029659972190856934e+02 1.688793907165527344e+02 1.423594760894775391e+01 3.538883972167968750e+01
4.049409193992614746e+02 1.687061805725097656e+02 1.326152896881103516e+01 3.320658111572265625e+01
4.060887451171875000e+02 1.697715702056884766e+02 1.215030288696289062e+01 3.250761032104492188e+01
4.077681770324707031e+02 1.691270198822021484e+02 1.263708114624023438e+01 3.343818283081054688e+01
4.075255351066589355e+02 1.688336982727050781e+02 1.254726123809814453e+01 3.416606903076171875e+01
4.094243941307067871e+02 1.685304107666015625e+02 1.356807041168212891e+01 3.471308135986328125e+01
4.098280296325683594e+02 1.684945850372314453e+02 1.308731460571289062e+01 3.676434707641601562e+01
4.112691283226013184e+02 1.685574378967285156e+02 1.345272922515869141e+01 3.591873931884765625e+01
4.115944290161132812e+02 1.679810333251953125e+02 1.377031326293945312e+01 3.615425872802734375e+01
4.128466324806213379e+02 1.686573219299316406e+02 1.551832485198974609e+01 3.601165008544921875e+01
4.121538181304931641e+02 1.692600841522216797e+02 1.740351104736328125e+01 3.597046279907226562e+01
4.135001764297485352e+02 1.686687393188476562e+02 1.670201301574707031e+01 3.512991333007812500e+01
4.138843183517456055e+02 1.686858119964599609e+02 1.781554985046386719e+01 3.651554489135742188e+01
4.148777980804443359e+02 1.695941562652587891e+02 1.690614318847656250e+01 3.532965469360351562e+01
4.162693357467651367e+02 1.690712242126464844e+02 1.636320304870605469e+01 3.518052673339843750e+01
4.176199083328247070e+02 1.678289012908935547e+02 1.593273353576660156e+01 3.498039627075195312e+01
4.185602121353149414e+02 1.681108913421630859e+02 1.566585731506347656e+01 3.566073226928710938e+01
4.203482751846313477e+02 1.679214420318603516e+02 1.486136054992675781e+01 3.551449966430664062e+01
4.201899232864379883e+02 1.672734928131103516e+02 1.515182685852050781e+01 3.520860671997070312e+01
4.223059072494506836e+02 1.676873378753662109e+02 1.392273521423339844e+01 3.653470993041992188e+01
4.227878952026367188e+02 1.675778198242187500e+02 1.369657516479492188e+01 3.603552246093750000e+01
4.242651357650756836e+02 1.674139118194580078e+02 1.441723442077636719e+01 3.411474227905273438e+01
4.237703237533569336e+02 1.674565639495849609e+02 1.391180992126464844e+01 3.471668624877929688e+01
4.248051176071166992e+02 1.675724792480468750e+02 1.441382408142089844e+01 3.377223968505859375e+01
4.259394626617431641e+02 1.675562934875488281e+02 1.369687652587890625e+01 3.695967864990234375e+01
4.264193563461303711e+02 1.675349788665771484e+02 1.465618705749511719e+01 3.703991317749023438e+01
4.259906759262084961e+02 1.677090988159179688e+02 1.633457756042480469e+01 3.721515655517578125e+01
4.272974038124084473e+02 1.684805374145507812e+02 1.511646175384521484e+01 3.552315521240234375e+01
4.301683487892150879e+02 1.681618041992187500e+02 1.547949886322021484e+01 3.594501495361328125e+01
4.302587699890136719e+02 1.687727413177490234e+02 1.601784896850585938e+01 3.610198593139648438e+01
4.308715181350708008e+02 1.689503173828125000e+02 1.519072151184082031e+01 3.557438659667968750e+01
4.321135587692260742e+02 1.684794139862060547e+02 1.510035514831542969e+01 3.555541610717773438e+01
4.335328011512756348e+02 1.682189826965332031e+02 1.450463008880615234e+01 3.543319702148437500e+01
4.348613619804382324e+02 1.697858066558837891e+02 1.444795703887939453e+01 3.443040847778320312e+01
4.350453310012817383e+02 1.681730117797851562e+02 1.482162666320800781e+01 3.607595825195312500e+01
4.365760431289672852e+02 1.683594512939453125e+02 1.382077980041503906e+01 3.572343444824218750e+01
4.372345294952392578e+02 1.680598640441894531e+02 1.364520263671875000e+01 3.356651306152343750e+01
4.386144766807556152e+02 1.685513954162597656e+02 1.314936923980712891e+01 3.387926483154296875e+01
4.383999681472778320e+02 1.676081085205078125e+02 1.313863563537597656e+01 3.671356201171875000e+01
4.396783752441406250e+02 1.683708763122558594e+02 1.263424301147460938e+01 3.533771514892578125e+01
4.405002918243408203e+02 1.666294193267822266e+02 1.361331939697265625e+01 3.720906448364257812e+01
4.401546320915222168e+02 1.682415561676025391e+02 1.551250171661376953e+01 3.584457015991210938e+01
4.419425315856933594e+02 1.682597484588623047e+02 1.522668838500976562e+01 3.620186233520507812e+01
