6.700000000000000000e+01 7.900000000000000000e+01 1.100000000000000000e+01 3.100000000000000000e+01
6.659093093872070312e+01 7.799063777923583984e+01 1.085433959960937500e+01 3.128914833068847656e+01
6.753662014007568359e+01 7.836162090301513672e+01 1.099987983703613281e+01 3.144259071350097656e+01
6.735770511627197266e+01 7.829656314849853516e+01 1.088348960876464844e+01 3.127111625671386719e+01
6.740823602676391602e+01 8.160214614868164062e+01 1.197497081756591797e+01 2.724880981445312500e+01
6.839915847778320312e+01 7.879954624176025391e+01 1.092663574218750000e+01 3.079982566833496094e+01
6.725825834274291992e+01 8.073186969757080078e+01 1.262564945220947266e+01 2.825018119812011719e+01
6.856206989288330078e+01 7.832007598876953125e+01 1.121825218200683594e+01 3.012255859375000000e+01
6.967126703262329102e+01 8.045472240447998047e+01 1.149736309051513672e+01 2.819003486633300781e+01
6.942324542999267578e+01 7.868699932098388672e+01 1.178745841979980469e+01 2.842342567443847656e+01
7.096531629562377930e+01 7.787511634826660156e+01 1.126983737945556641e+01 2.960787582397460938e+01
7.009233474731445312e+01 7.705555820465087891e+01 1.130339813232421875e+01 3.148415184020996094e+01
7.050704574584960938e+01 7.769070148468017578e+01 1.191375732421875000e+01 3.160388755798339844e+01
7.191284847259521484e+01 7.840681266784667969e+01 1.220186805725097656e+01 3.077962875366210938e+01
7.254390144348144531e+01 7.676067543029785156e+01 1.093953323364257812e+01 3.324794387817382812e+01
7.253840351104736328e+01 7.743173027038574219e+01 1.138014793395996094e+01 3.289435958862304688e+01
7.340231037139892578e+01 7.738188362121582031e+01 1.158036613464355469e+01 3.220663070678710938e+01
7.429385805130004883e+01 7.818214225769042969e+01 1.119953060150146484e+01 3.231451034545898438e+01
7.508426856994628906e+01 7.844981861114501953e+01 1.048904037475585938e+01 3.025060081481933594e+01
7.472805023193359375e+01 8.282742404937744141e+01 1.175758361816406250e+01 2.491460990905761719e+01
7.601673221588134766e+01 7.826574134826660156e+01 1.060652732849121094e+01 3.022513961791992188e+01
7.630617952346801758e+01 7.896466541290283203e+01 1.076660823822021484e+01 3.055282402038574219e+01
7.702220821380615234e+01 7.733087444305419922e+01 1.084070777893066406e+01 3.105838203430175781e+01
7.787402820587158203e+01 7.715311050415039062e+01 1.051206779479980469e+01 3.201907348632812500e+01
7.834247589111328125e+01 7.715322113037109375e+01 1.045196533203125000e+01 3.277719116210937500e+01
7.917283248901367188e+01 7.755560779571533203e+01 1.042266845703125000e+01 3.000206565856933594e+01
7.905637311935424805e+01 7.804186630249023438e+01 1.020741367340087891e+01 3.112242126464843750e+01
7.982840442657470703e+01 7.687763786315917969e+01 1.078837394714355469e+01 3.156230545043945312e+01
8.019193792343139648e+01 7.989286994934082031e+01 1.103558063507080078e+01 2.675273513793945312e+01
8.025920677185058594e+01 7.895656204223632812e+01 1.099705886840820312e+01 2.958326721191406250e+01
7.992613267898559570e+01 7.868610191345214844e+01 1.185986232757568359e+01 3.092161178588867188e+01
7.997667646408081055e+01 7.753268432617187500e+01 1.202293491363525391e+01 3.115236663818359375e+01
8.048820924758911133e+01 7.973328781127929688e+01 1.237776851654052734e+01 2.819569396972656250e+01
8.074291372299194336e+01 8.021405601501464844e+01 1.187571430206298828e+01 2.816582107543945312e+01
8.145262670516967773e+01 7.964350795745849609e+01 1.168542194366455078e+01 2.876390266418457031e+01
8.253861856460571289e+01 7.859973239898681641e+01 1.162648296356201172e+01 2.968530845642089844e+01
8.268837356567382812e+01 7.779285049438476562e+01 1.198052978515625000e+01 3.028564453125000000e+01
8.315677165985107422e+01 7.879798316955566406e+01 1.173953437805175781e+01 2.882932662963867188e+01
8.406498908996582031e+01 7.777081298828125000e+01 1.166558456420898438e+01 2.908853912353515625e+01
8.498314237594604492e+01 7.747632694244384766e+01 1.094332218170166016e+01 3.145387077331542969e+01
8.461189460754394531e+01 7.780242919921875000e+01 1.196005630493164062e+01 3.076953125000000000e+01
8.552158260345458984e+01 7.882031631469726562e+01 1.227103614807128906e+01 2.865179443359375000e+01
8.565851974487304688e+01 7.983187866210937500e+01 1.134720611572265625e+01 2.750490570068359375e+01
8.672730016708374023e+01 8.096147155761718750e+01 1.072191333770751953e+01 2.745863342285156250e+01
8.693872499465942383e+01 7.706468200683593750e+01 1.056471157073974609e+01 3.179035186767578125e+01
8.773493623733520508e+01 7.801119041442871094e+01 1.117106533050537109e+01 3.140227890014648438e+01
8.755721473693847656e+01 7.838791275024414062e+01 1.138959121704101562e+01 2.975457000732421875e+01
8.836082363128662109e+01 8.050460433959960938e+01 1.167582893371582031e+01 2.741224670410156250e+01
8.917790222167968750e+01 7.976513671875000000e+01 1.151831817626953125e+01 2.964678192138671875e+01
8.948064041137695312e+01 7.855474376678466797e+01 1.180853271484375000e+01 2.908746528625488281e+01
9.036549520492553711e+01 7.909333419799804688e+01 1.127069568634033203e+01 2.780084228515625000e+01
9.120251750946044922e+01 7.772427177429199219e+01 1.088987922668457031e+01 3.287829971313476562e+01
9.174692678451538086e+01 7.760286140441894531e+01 1.136885547637939453e+01 3.221647262573242188e+01
9.238637256622314453e+01 7.905739402770996094e+01 1.170209312438964844e+01 3.076987075805664062e+01
9.352560281753540039e+01 7.732873058319091797e+01 1.090753459930419922e+01 3.193474006652832031e+01
9.497242307662963867e+01 7.693763637542724609e+01 1.004161930084228516e+01 3.025377845764160156e+01
9.413700485229492188e+01 7.829993724822998047e+01 1.000000000000000000e+01 2.831286811828613281e+01
9.508109664916992188e+01 7.816501712799072266e+01 1.000000000000000000e+01 2.783498954772949219e+01
9.404219245910644531e+01 7.723197841644287109e+01 1.084215927124023438e+01 2.969735145568847656e+01
9.491408061981201172e+01 7.946950244903564453e+01 1.193052101135253906e+01 2.686620140075683594e+01
9.467733001708984375e+01 7.812292575836181641e+01 1.236585235595703125e+01 2.764318656921386719e+01
9.458629703521728516e+01 8.042593574523925781e+01 1.335642814636230469e+01 2.502816390991210938e+01
9.596869039535522461e+01 7.801562595367431641e+01 1.275040149688720703e+01 2.929128074645996094e+01
9.614171504974365234e+01 7.643110084533691406e+01 1.400384712219238281e+01 3.185815048217773438e+01
9.633525943756103516e+01 7.714285278320312500e+01 1.415613365173339844e+01 2.966857147216796875e+01
9.719681882858276367e+01 8.007904815673828125e+01 1.364670658111572266e+01 2.701943206787109375e+01
9.739168500900268555e+01 7.704345321655273438e+01 1.308885288238525391e+01 2.894840240478515625e+01
9.891367673873901367e+01 7.616449165344238281e+01 1.199753665924072266e+01 3.009800338745117188e+01
1.001043896675109863e+02 7.655967140197753906e+01 1.178367519378662109e+01 2.980743789672851562e+01
1.010930685997009277e+02 7.683676338195800781e+01 1.100733661651611328e+01 3.032681655883789062e+01
1.008750309944152832e+02 7.795165348052978516e+01 1.096484279632568359e+01 2.900816917419433594e+01
1.023836865425109863e+02 7.825982761383056641e+01 1.093672847747802734e+01 2.916055870056152344e+01
1.029057164192199707e+02 7.657378959655761719e+01 1.086836147308349609e+01 3.001982498168945312e+01
1.031740088462829590e+02 7.659918785095214844e+01 1.122266101837158203e+01 3.203701400756835938e+01
1.031065554618835449e+02 7.630884647369384766e+01 1.132644748687744141e+01 3.080110740661621094e+01
1.043635935783386230e+02 7.744721508026123047e+01 1.092589664459228516e+01 3.058778572082519531e+01
1.041431651115417480e+02 7.683993530273437500e+01 1.135482120513916016e+01 3.099871063232421875e+01
1.046937627792358398e+02 8.009550571441650391e+01 1.167904853820800781e+01 2.790121269226074219e+01
1.052583575248718262e+02 7.675570487976074219e+01 1.123978519439697266e+01 3.045763015747070312e+01
1.060145840644836426e+02 7.706845474243164062e+01 1.170264339447021484e+01 3.117386627197265625e+01
1.063220434188842773e+02 7.671822071075439453e+01 1.141298866271972656e+01 3.060127067565917969e+01
1.054789848327636719e+02 7.601995468139648438e+01 1.216600036621093750e+01 3.053088378906250000e+01
1.070179257392883301e+02 7.854272270202636719e+01 1.121256923675537109e+01 2.794007492065429688e+01
1.085049233436584473e+02 7.723143482208251953e+01 1.067482280731201172e+01 2.860443687438964844e+01
1.083378052711486816e+02 7.398618698120117188e+01 1.139311504364013672e+01 3.194886779785156250e+01
1.080611395835876465e+02 7.626528263092041016e+01 1.124761676788330078e+01 3.021027946472167969e+01
1.091203050613403320e+02 7.611880016326904297e+01 1.146692466735839844e+01 3.102373695373535156e+01
1.092084312438964844e+02 7.553209877014160156e+01 1.155902862548828125e+01 3.060990524291992188e+01
1.097227191925048828e+02 7.707156562805175781e+01 1.229663467407226562e+01 2.948108291625976562e+01
1.107033033370971680e+02 7.675177860260009766e+01 1.235813331604003906e+01 3.037516593933105469e+01
1.102003278732299805e+02 7.635538005828857422e+01 1.347982978820800781e+01 3.007563972473144531e+01
1.107385802268981934e+02 7.695379257202148438e+01 1.422366809844970703e+01 2.939929199218750000e+01
1.102553906440734863e+02 7.677958488464355469e+01 1.489117336273193359e+01 2.929093551635742188e+01
1.104960041046142578e+02 7.712828540802001953e+01 1.387057876586914062e+01 2.927451896667480469e+01
1.110417766571044922e+02 7.727088356018066406e+01 1.429027938842773438e+01 2.932715225219726562e+01
1.125530252456665039e+02 7.558062648773193359e+01 1.412031364440917969e+01 2.987341499328613281e+01
1.129809060096740723e+02 7.591390991210937500e+01 1.270273113250732422e+01 3.044592285156250000e+01
1.130512061119079590e+02 7.569561958312988281e+01 1.295606708526611328e+01 3.041303634643554688e+01
1.144512624740600586e+02 7.565849304199218750e+01 1.132145881652832031e+01 2.972858428955078125e+01
1.161210160255432129e+02 7.510193157196044922e+01 1.062575817108154297e+01 2.934155464172363281e+01
1.168895168304443359e+02 7.631388854980468750e+01 1.044540023803710938e+01 2.827331542968750000e+01
1.171772193908691406e+02 7.518602848052978516e+01 1.000000000000000000e+01 2.976424980163574219e+01
1.187140202522277832e+02 7.694132137298583984e+01 1.000000000000000000e+01 2.729910469055175781e+01
1.185999321937561035e+02 7.548251152038574219e+01 1.004037857055664062e+01 2.940464401245117188e+01
1.190038671493530273e+02 7.549874877929687500e+01 1.047098827362060547e+01 2.889352416992187500e+01
1.195557971000671387e+02 7.756418895721435547e+01 1.072699165344238281e+01 2.714128303527832031e+01
1.203018574714660645e+02 7.702104282379150391e+01 1.079310607910156250e+01 2.761759757995605469e+01
1.195631375312805176e+02 7.625387191772460938e+01 1.147780609130859375e+01 2.853738403320312500e+01
1.206183757781982422e+02 7.612074279785156250e+01 1.171851825714111328e+01 2.901165008544921875e+01
1.217497777938842773e+02 7.646469402313232422e+01 1.139892864227294922e+01 2.831102180480957031e+01
1.220618247985839844e+02 7.553899097442626953e+01 1.080848789215087891e+01 2.932953453063964844e+01
1.223933806419372559e+02 7.518261051177978516e+01 1.164225578308105469e+01 3.002861595153808594e+01
1.220874705314636230e+02 7.483381748199462891e+01 1.113857460021972656e+01 2.989789390563964844e+01
1.230130362510681152e+02 7.514976215362548828e+01 1.108231163024902344e+01 2.954594993591308594e+01
1.237961926460266113e+02 7.591131401062011719e+01 1.078231811523437500e+01 2.908385086059570312e+01
1.242121071815490723e+02 7.562747478485107422e+01 1.019306564331054688e+01 2.924636268615722656e+01
1.250477118492126465e+02 7.562527370452880859e+01 1.007283592224121094e+01 2.923524665832519531e+01
1.250628767013549805e+02 7.729700183868408203e+01 1.027406597137451172e+01 2.655022239685058594e+01
1.247612886428833008e+02 7.774322605133056641e+01 1.089444637298583984e+01 2.679342460632324219e+01
1.262240271568298340e+02 7.549021339416503906e+01 1.122376060485839844e+01 2.895874404907226562e+01
1.258948893547058105e+02 7.851614284515380859e+01 1.382595252990722656e+01 2.609092903137207031e+01
1.266336641311645508e+02 7.613654422760009766e+01 1.345603847503662109e+01 2.749760246276855469e+01
1.267654948234558105e+02 7.687470626831054688e+01 1.304762458801269531e+01 2.817501068115234375e+01
1.270578556060791016e+02 7.833323383331298828e+01 1.295022296905517578e+01 2.681153678894042969e+01
1.273725843429565430e+02 7.811141014099121094e+01 1.508419322967529297e+01 2.674753952026367188e+01
1.278712520599365234e+02 7.855852699279785156e+01 1.334243488311767578e+01 2.603840255737304688e+01
1.282881793975830078e+02 7.722885990142822266e+01 1.279289722442626953e+01 2.771745109558105469e+01
1.287967858314514160e+02 7.650453758239746094e+01 1.214799118041992188e+01 2.906456375122070312e+01
1.303299522399902344e+02 7.653199672698974609e+01 1.136204624176025391e+01 2.884887123107910156e+01
1.307469916343688965e+02 7.692117595672607422e+01 1.044431877136230469e+01 2.840891456604003906e+01
1.321226830482482910e+02 7.553293704986572266e+01 1.067033004760742188e+01 2.903256797790527344e+01
1.325424718856811523e+02 7.568201828002929688e+01 1.000000000000000000e+01 2.829213714599609375e+01
1.328758335113525391e+02 7.606166934967041016e+01 1.000000000000000000e+01 2.823805046081542969e+01
1.336093626022338867e+02 7.679023933410644531e+01 1.011104393005371094e+01 2.777872085571289062e+01
1.339120783805847168e+02 7.563554477691650391e+01 1.053271961212158203e+01 2.931226158142089844e+01
1.343957719802856445e+02 7.717636489868164062e+01 1.061122322082519531e+01 2.745753479003906250e+01
1.348372793197631836e+02 7.709185218811035156e+01 1.034985923767089844e+01 2.862089920043945312e+01
1.348638615608215332e+02 7.713341236114501953e+01 1.014550304412841797e+01 2.760304832458496094e+01
1.355395631790161133e+02 7.827229595184326172e+01 1.030070686340332031e+01 2.668107032775878906e+01
1.358265399932861328e+02 7.743844318389892578e+01 1.003579711914062500e+01 2.754391288757324219e+01
1.359830398559570312e+02 7.605851936340332031e+01 1.013972854614257812e+01 2.920021438598632812e+01
1.357547197341918945e+02 7.728556156158447266e+01 1.039789772033691406e+01 2.732845115661621094e+01
1.363737907409667969e+02 7.718834590911865234e+01 1.044742202758789062e+01 2.730549049377441406e+01
1.366103343963623047e+02 7.701563167572021484e+01 1.028504180908203125e+01 2.725154304504394531e+01
1.379751396179199219e+02 7.717583942413330078e+01 1.000000000000000000e+01 2.722521781921386719e+01
1.390480742454528809e+02 7.714134311676025391e+01 1.000000000000000000e+01 2.713198661804199219e+01
1.388847422599792480e+02 7.666111278533935547e+01 1.020460891723632812e+01 2.744669532775878906e+01
1.393554725646972656e+02 7.686060523986816406e+01 1.084215068817138672e+01 2.749573135375976562e+01
1.392634372711181641e+02 7.561565017700195312e+01 1.069552516937255859e+01 2.869002532958984375e+01
1.399705142974853516e+02 7.703479862213134766e+01 1.086093044281005859e+01 2.806791496276855469e+01
1.400611772537231445e+02 7.684574508666992188e+01 1.177320957183837891e+01 2.848128509521484375e+01
1.394214482307434082e+02 7.651174354553222656e+01 1.254899787902832031e+01 2.904523086547851562e+01
1.405508823394775391e+02 7.620054149627685547e+01 1.290737819671630859e+01 2.870022773742675781e+01
1.397717700004577637e+02 7.645852279663085938e+01 1.347798538208007812e+01 2.920445251464843750e+01
1.405612120628356934e+02 7.740420436859130859e+01 1.338005065917968750e+01 2.813073158264160156e+01
1.408334918022155762e+02 7.866998386383056641e+01 1.404526138305664062e+01 2.731757164001464844e+01
1.416983361244201660e+02 7.841107940673828125e+01 1.410976982116699219e+01 2.734103393554687500e+01
1.415625944137573242e+02 7.788802051544189453e+01 1.435208606719970703e+01 2.724500846862792969e+01
1.417774615287780762e+02 7.727759265899658203e+01 1.348991775512695312e+01 2.758315849304199219e+01
1.433001470565795898e+02 7.774060630798339844e+01 1.150073719024658203e+01 2.804700088500976562e+01
1.451683630943298340e+02 7.788104152679443359e+01 1.062979888916015625e+01 2.729236793518066406e+01
1.451621422767639160e+02 8.054067707061767578e+01 1.146466636657714844e+01 2.447767448425292969e+01
1.447733702659606934e+02 8.247579860687255859e+01 1.222694396972656250e+01 2.264163398742675781e+01
1.468149762153625488e+02 7.739469432830810547e+01 1.037391090393066406e+01 2.883480644226074219e+01
1.470570020675659180e+02 8.242598342895507812e+01 1.148366260528564453e+01 2.244435501098632812e+01
1.469219751358032227e+02 8.073010349273681641e+01 1.020282840728759766e+01 2.465126228332519531e+01
1.488116316795349121e+02 8.426322460174560547e+01 1.000000000000000000e+01 2.156317710876464844e+01
1.496157588958740234e+02 8.429119777679443359e+01 1.000000000000000000e+01 2.098360252380371094e+01
1.483279547691345215e+02 8.508013439178466797e+01 1.000000000000000000e+01 2.057157707214355469e+01
1.492536458969116211e+02 8.674755573272705078e+01 1.043155002593994141e+01 1.944788932800292969e+01
1.498994960784912109e+02 8.577852821350097656e+01 1.000000000000000000e+01 2.018862152099609375e+01
1.505850386619567871e+02 8.003869915008544922e+01 1.000000000000000000e+01 2.636167335510253906e+01
1.495430893898010254e+02 7.958877086639404297e+01 1.076440238952636719e+01 2.623571586608886719e+01
1.510919895172119141e+02 7.983983325958251953e+01 1.033697414398193359e+01 2.573032569885253906e+01
1.521064753532409668e+02 8.072625923156738281e+01 1.061763381958007812e+01 2.320535278320312500e+01
1.520242214202880859e+02 7.923263072967529297e+01 1.007426738739013672e+01 2.701548194885253906e+01
1.531025900840759277e+02 7.927205657958984375e+01 1.000000000000000000e+01 2.708817291259765625e+01
1.542662105560302734e+02 7.983610820770263672e+01 1.000000000000000000e+01 2.633751869201660156e+01
1.527747278213500977e+02 7.894823646545410156e+01 1.074536323547363281e+01 2.753535842895507812e+01
1.540246200561523438e+02 7.920960617065429688e+01 1.118654251098632812e+01 2.866770172119140625e+01
1.546319332122802734e+02 7.901346588134765625e+01 1.130547332763671875e+01 2.833547210693359375e+01
1.564138679504394531e+02 7.969878387451171875e+01 1.051996231079101562e+01 2.710063934326171875e+01
1.549922952651977539e+02 8.055972385406494141e+01 1.119526863098144531e+01 2.641998100280761719e+01
1.562958002090454102e+02 8.104650115966796875e+01 1.137159156799316406e+01 2.701419067382812500e+01
1.576074151992797852e+02 8.146851539611816406e+01 1.132847785949707031e+01 2.587914657592773438e+01
1.557676181793212891e+02 8.004688549041748047e+01 1.191432952880859375e+01 2.801746559143066406e+01
1.568089246749877930e+02 7.966408157348632812e+01 1.159753227233886719e+01 2.835466003417968750e+01
1.577790994644165039e+02 7.964254188537597656e+01 1.116444587707519531e+01 2.873922348022460938e+01
1.588827061653137207e+02 7.986916255950927734e+01 1.041134929656982422e+01 2.875874519348144531e+01
1.593842711448669434e+02 7.954910945892333984e+01 1.000000000000000000e+01 2.843714332580566406e+01
1.597703676223754883e+02 7.822880268096923828e+01 1.000000000000000000e+01 3.062822532653808594e+01
1.597931113243103027e+02 7.895096492767333984e+01 1.000000000000000000e+01 2.979191017150878906e+01
1.599262838363647461e+02 7.901892089843750000e+01 1.000000000000000000e+01 2.864212036132812500e+01
1.605957713127136230e+02 7.995499515533447266e+01 1.000000000000000000e+01 2.805578422546386719e+01
1.605243959426879883e+02 8.069520092010498047e+01 1.000000000000000000e+01 2.671840858459472656e+01
1.599846630096435547e+02 8.140194511413574219e+01 1.000000000000000000e+01 2.477669906616210938e+01
1.615732760429382324e+02 8.183151626586914062e+01 1.000000000000000000e+01 2.531614685058593750e+01
1.602008028030395508e+02 8.235571575164794922e+01 1.000000000000000000e+01 2.548838996887207031e+01
1.619128422737121582e+02 8.068996334075927734e+01 1.000000000000000000e+01 2.656834602355957031e+01
1.616133494377136230e+02 8.200078773498535156e+01 1.000000000000000000e+01 2.474823379516601562e+01
1.619441189765930176e+02 8.261708068847656250e+01 1.000000000000000000e+01 2.364521026611328125e+01
1.617293615341186523e+02 8.028454685211181641e+01 1.000000000000000000e+01 2.763901329040527344e+01
1.619507880210876465e+02 7.921734714508056641e+01 1.005003643035888672e+01 2.722289085388183594e+01
1.627250695228576660e+02 8.074631214141845703e+01 1.000000000000000000e+01 2.639241600036621094e+01
1.616315288543701172e+02 7.934691333770751953e+01 1.016983509063720703e+01 2.832596397399902344e+01
1.623007292747497559e+02 7.868500709533691406e+01 1.000000000000000000e+01 2.759296035766601562e+01
1.627350316047668457e+02 7.946297454833984375e+01 1.000000000000000000e+01 2.823505401611328125e+01
1.618108510971069336e+02 7.844433975219726562e+01 1.023182964324951172e+01 2.793344116210937500e+01
1.630082769393920898e+02 8.039766311645507812e+01 1.042625713348388672e+01 2.759136199951171875e+01
1.632809195518493652e+02 7.999202823638916016e+01 1.003029441833496094e+01 2.792413139343261719e+01
1.633841481208801270e+02 8.184217166900634766e+01 1.000000000000000000e+01 2.551637840270996094e+01
1.643360199928283691e+02 7.916500568389892578e+01 1.000000000000000000e+01 2.859739875793457031e+01
1.643861322402954102e+02 8.192167758941650391e+01 1.000000000000000000e+01 2.602482032775878906e+01
1.646261525154113770e+02 8.083810043334960938e+01 1.000000000000000000e+01 2.713765716552734375e+01
1.648752241134643555e+02 8.159756469726562500e+01 1.000000000000000000e+01 2.556961822509765625e+01
1.646849808692932129e+02 8.125355148315429688e+01 1.000000000000000000e+01 2.703282928466796875e+01
1.656357378959655762e+02 8.091589355468750000e+01 1.000000000000000000e+01 2.603489685058593750e+01
1.658340077400207520e+02 8.145111846923828125e+01 1.000000000000000000e+01 2.581842803955078125e+01
1.660475583076477051e+02 7.977014827728271484e+01 1.004260253906250000e+01 2.825793647766113281e+01
1.663132810592651367e+02 8.045828247070312500e+01 1.000000000000000000e+01 2.698251342773437500e+01
1.668090953826904297e+02 8.216385936737060547e+01 1.004544258117675781e+01 2.413752174377441406e+01
1.661936244964599609e+02 7.927186012268066406e+01 1.014587211608886719e+01 2.685196685791015625e+01
1.660874323844909668e+02 8.133569908142089844e+01 1.000000000000000000e+01 2.562149047851562500e+01
1.664106054306030273e+02 7.972428703308105469e+01 1.000000000000000000e+01 2.727009582519531250e+01
1.665552816390991211e+02 8.096268653869628906e+01 1.000000000000000000e+01 2.487119293212890625e+01
1.662196493148803711e+02 8.185917758941650391e+01 1.000000000000000000e+01 2.517724800109863281e+01
1.672236456871032715e+02 8.160728740692138672e+01 1.000000000000000000e+01 2.565487098693847656e+01
1.667527909278869629e+02 8.056360721588134766e+01 1.000000000000000000e+01 2.582201576232910156e+01
1.670372762680053711e+02 8.113924026489257812e+01 1.000000000000000000e+01 2.568057632446289062e+01
1.667152538299560547e+02 8.134180736541748047e+01 1.000000000000000000e+01 2.651700401306152344e+01
1.673866991996765137e+02 7.883648395538330078e+01 1.000000000000000000e+01 2.822826194763183594e+01
1.683980379104614258e+02 8.042299556732177734e+01 1.000000000000000000e+01 2.721644020080566406e+01
1.676827254295349121e+02 7.947095870971679688e+01 1.000000000000000000e+01 2.836869049072265625e+01
1.685955724716186523e+02 7.995244216918945312e+01 1.000000000000000000e+01 2.636275482177734375e+01
1.688307204246520996e+02 7.905567359924316406e+01 1.000000000000000000e+01 2.896114730834960938e+01
1.693698911666870117e+02 8.001174545288085938e+01 1.000000000000000000e+01 2.769339752197265625e+01
1.693594107627868652e+02 8.234225749969482422e+01 1.000000000000000000e+01 2.503338050842285156e+01
1.698860101699829102e+02 8.021897220611572266e+01 1.000000000000000000e+01 2.661770439147949219e+01
1.692870640754699707e+02 8.045918273925781250e+01 1.000000000000000000e+01 2.613780212402343750e+01
1.697638063430786133e+02 8.069021129608154297e+01 1.000000000000000000e+01 2.680559730529785156e+01
1.696471233367919922e+02 8.063567829132080078e+01 1.000000000000000000e+01 2.696272850036621094e+01
1.701062426567077637e+02 8.079651165008544922e+01 1.000000000000000000e+01 2.725842475891113281e+01
1.699815926551818848e+02 8.080089569091796875e+01 1.000000000000000000e+01 2.687066650390625000e+01
1.710001511573791504e+02 8.068444061279296875e+01 1.000000000000000000e+01 2.742512512207031250e+01
1.698983440399169922e+02 8.042231750488281250e+01 1.000000000000000000e+01 2.725901031494140625e+01
1.715536460876464844e+02 7.916148662567138672e+01 1.000000000000000000e+01 2.875341987609863281e+01
1.700953598022460938e+02 7.981918430328369141e+01 1.000000000000000000e+01 2.672765159606933594e+01
1.713574967384338379e+02 7.925252532958984375e+01 1.000000000000000000e+01 2.874839019775390625e+01
1.709093585014343262e+02 7.985438060760498047e+01 1.000000000000000000e+01 2.751883888244628906e+01
1.724388623237609863e+02 8.193826293945312500e+01 1.071802330017089844e+01 2.498725128173828125e+01
1.715006880760192871e+02 8.223529720306396484e+01 1.000000000000000000e+01 2.477257728576660156e+01
1.722525649070739746e+02 8.182060432434082031e+01 1.000000000000000000e+01 2.578937530517578125e+01
1.712793860435485840e+02 8.169835758209228516e+01 1.000000000000000000e+01 2.528035926818847656e+01
1.732180104255676270e+02 8.157201766967773438e+01 1.000000000000000000e+01 2.596457290649414062e+01
1.732394547462463379e+02 8.235883903503417969e+01 1.006171035766601562e+01 2.470776367187500000e+01
1.738581809997558594e+02 8.153678607940673828e+01 1.016270542144775391e+01 2.499183082580566406e+01
1.743356175422668457e+02 8.131060886383056641e+01 1.046331024169921875e+01 2.599213600158691406e+01
1.832863874435424805e+02 8.670602035522460938e+01 1.084096813201904297e+01 2.168818283081054688e+01
1.840427670478820801e+02 8.570578861236572266e+01 1.034094238281250000e+01 2.134457588195800781e+01
1.844873676300048828e+02 8.571097373962402344e+01 1.044364643096923828e+01 2.169285202026367188e+01
1.735244154930114746e+02 8.125212192535400391e+01 1.000000000000000000e+01 2.503439903259277344e+01
1.733802766799926758e+02 8.135236835479736328e+01 1.000000000000000000e+01 2.465043067932128906e+01
1.749167742729187012e+02 8.152558803558349609e+01 1.000000000000000000e+01 2.546568870544433594e+01
1.739151568412780762e+02 8.140470600128173828e+01 1.000000000000000000e+01 2.544609260559082031e+01
1.736639466285705566e+02 8.108449077606201172e+01 1.000000000000000000e+01 2.558590888977050781e+01
1.730118741989135742e+02 8.076601219177246094e+01 1.000000000000000000e+01 2.541684722900390625e+01
1.741420316696166992e+02 8.157420635223388672e+01 1.000000000000000000e+01 2.540981864929199219e+01
1.743736310005187988e+02 8.202890491485595703e+01 1.000000000000000000e+01 2.544649696350097656e+01
1.747341675758361816e+02 8.098757839202880859e+01 1.000000000000000000e+01 2.737236976623535156e+01
1.747342867851257324e+02 8.160535526275634766e+01 1.000000000000000000e+01 2.675452995300292969e+01
1.741023888587951660e+02 8.172426605224609375e+01 1.000000000000000000e+01 2.583039855957031250e+01
1.740770015716552734e+02 8.195975208282470703e+01 1.000000000000000000e+01 2.567244529724121094e+01
1.749690880775451660e+02 8.252431964874267578e+01 1.000000000000000000e+01 2.495302391052246094e+01
1.743184719085693359e+02 8.160066890716552734e+01 1.000000000000000000e+01 2.517128944396972656e+01
1.763378682136535645e+02 8.173776054382324219e+01 1.009668254852294922e+01 2.502181625366210938e+01
1.753559355735778809e+02 8.223196983337402344e+01 1.000000000000000000e+01 2.488418960571289062e+01
1.745028033256530762e+02 8.051441574096679688e+01 1.000000000000000000e+01 2.656044769287109375e+01
1.830361766815185547e+02 8.538942813873291016e+01 1.086204051971435547e+01 2.293373680114746094e+01
1.745575032234191895e+02 8.163928508758544922e+01 1.000000000000000000e+01 2.503948402404785156e+01
1.735152697563171387e+02 8.147796058654785156e+01 1.000000000000000000e+01 2.737273788452148438e+01
1.746862392425537109e+02 8.083882999420166016e+01 1.000000000000000000e+01 2.666832542419433594e+01
1.739282536506652832e+02 8.174463367462158203e+01 1.000000000000000000e+01 2.500455284118652344e+01
1.755218772888183594e+02 8.164578914642333984e+01 1.000000000000000000e+01 2.494331550598144531e+01
1.749930195808410645e+02 8.180661106109619141e+01 1.002886104583740234e+01 2.519965171813964844e+01
1.743262820243835449e+02 8.259904956817626953e+01 1.000000000000000000e+01 2.430076408386230469e+01
1.763297491073608398e+02 8.195053768157958984e+01 1.000000000000000000e+01 2.508840751647949219e+01
1.837603330612182617e+02 8.710318374633789062e+01 1.080823516845703125e+01 2.154364395141601562e+01
1.763995499610900879e+02 8.200627994537353516e+01 1.000000000000000000e+01 2.447106742858886719e+01
1.761350488662719727e+02 8.136625003814697266e+01 1.000000000000000000e+01 2.552503776550292969e+01
1.848022127151489258e+02 8.670471668243408203e+01 1.090562438964843750e+01 2.060812950134277344e+01
1.761327128410339355e+02 8.114056777954101562e+01 1.000000000000000000e+01 2.592456436157226562e+01
1.753800659179687500e+02 8.094102954864501953e+01 1.000000000000000000e+01 2.530417060852050781e+01
1.769064455032348633e+02 8.164906311035156250e+01 1.000000000000000000e+01 2.447883224487304688e+01
1.761783132553100586e+02 8.263966369628906250e+01 1.000000000000000000e+01 2.415867233276367188e+01
1.759030961990356445e+02 8.284741210937500000e+01 1.000000000000000000e+01 2.331501007080078125e+01
1.761257987022399902e+02 8.152905654907226562e+01 1.000000000000000000e+01 2.424920654296875000e+01
1.757526659965515137e+02 8.294420909881591797e+01 1.000000000000000000e+01 2.369562721252441406e+01
1.760030598640441895e+02 8.178869628906250000e+01 1.000000000000000000e+01 2.481212615966796875e+01
1.762043461799621582e+02 8.243039417266845703e+01 1.000000000000000000e+01 2.466567039489746094e+01
1.755565304756164551e+02 8.226404380798339844e+01 1.000000000000000000e+01 2.493297576904296875e+01
1.758587985038757324e+02 8.207564830780029297e+01 1.000000000000000000e+01 2.437456321716308594e+01
1.765480198860168457e+02 8.220320224761962891e+01 1.000000000000000000e+01 2.379765892028808594e+01
1.757733397483825684e+02 8.373389244079589844e+01 1.000000000000000000e+01 2.323976516723632812e+01
1.768584866523742676e+02 8.368380355834960938e+01 1.093052864074707031e+01 2.254322052001953125e+01
1.754297509193420410e+02 8.224989223480224609e+01 1.000000000000000000e+01 2.560644721984863281e+01
1.758323965072631836e+02 8.160276222229003906e+01 1.000000000000000000e+01 2.523859786987304688e+01
