3.800000000000000000e+01 1.370000000000000000e+02 4.000000000000000000e+01 1.110000000000000000e+02
4.063557815551757812e+01 1.372402763366699219e+02 4.114116668701171875e+01 1.094459304809570312e+02
4.307234954833984375e+01 1.368605346679687500e+02 4.193400573730468750e+01 1.100655822753906250e+02
4.450493621826171875e+01 1.348681831359863281e+02 4.657304382324218750e+01 1.119105148315429688e+02
4.810973739624023438e+01 1.338589515686035156e+02 4.685071563720703125e+01 1.143322677612304688e+02
5.082674026489257812e+01 1.326949996948242188e+02 4.910729217529296875e+01 1.148486480712890625e+02
5.685230064392089844e+01 1.321790122985839844e+02 4.786290359497070312e+01 1.173148880004882812e+02
6.757073974609375000e+01 1.337006607055664062e+02 4.209054565429687500e+01 1.160576629638671875e+02
7.371261787414550781e+01 1.360638084411621094e+02 3.941576766967773438e+01 1.120062637329101562e+02
8.035420036315917969e+01 1.384243621826171875e+02 3.728354263305664062e+01 1.096766052246093750e+02
8.497639274597167969e+01 1.407791099548339844e+02 3.729077529907226562e+01 1.062187271118164062e+02
8.745441055297851562e+01 1.374433326721191406e+02 4.200704193115234375e+01 1.100470046997070312e+02
9.196401214599609375e+01 1.348616905212402344e+02 4.527537536621093750e+01 1.140266647338867188e+02
9.200000190734863281e+01 1.326171684265136719e+02 4.784756088256835938e+01 1.151353683471679688e+02
9.719879722595214844e+01 1.314479370117187500e+02 5.217631912231445312e+01 1.158906097412109375e+02
9.681983184814453125e+01 1.315588493347167969e+02 6.008610534667968750e+01 1.184870223999023438e+02
1.051683826446533203e+02 1.318835105895996094e+02 5.435873031616210938e+01 1.191825485229492188e+02
1.256359310150146484e+02 1.341228065490722656e+02 3.865987014770507812e+01 1.185459365844726562e+02
1.321921939849853516e+02 1.333047828674316406e+02 3.994269943237304688e+01 1.175521621704101562e+02
1.382852172851562500e+02 1.340832862854003906e+02 4.210345458984375000e+01 1.164943008422851562e+02
1.405719814300537109e+02 1.343740577697753906e+02 4.724446487426757812e+01 1.171883621215820312e+02
1.470151576995849609e+02 1.310636291503906250e+02 4.870564651489257812e+01 1.183375701904296875e+02
1.497246379852294922e+02 1.278981704711914062e+02 5.294903945922851562e+01 1.214092102050781250e+02
1.529421119689941406e+02 1.260768737792968750e+02 5.847402191162109375e+01 1.224719696044921875e+02
1.538239879608154297e+02 1.298892135620117188e+02 6.363495254516601562e+01 1.192549743652343750e+02
1.610962047576904297e+02 1.255017700195312500e+02 5.779217910766601562e+01 1.241675567626953125e+02
1.748218345642089844e+02 1.291870422363281250e+02 4.848413848876953125e+01 1.211503753662109375e+02
1.845758781433105469e+02 1.297428855895996094e+02 4.276206207275390625e+01 1.216639022827148438e+02
1.955712089538574219e+02 1.328126182556152344e+02 4.037760162353515625e+01 1.182665023803710938e+02
2.042946319580078125e+02 1.343482437133789062e+02 4.005059814453125000e+01 1.155227661132812500e+02
2.110952949523925781e+02 1.313406028747558594e+02 3.896590423583984375e+01 1.169337997436523438e+02
2.123360557556152344e+02 1.327530517578125000e+02 4.481980133056640625e+01 1.161765289306640625e+02
2.153479022979736328e+02 1.316054267883300781e+02 5.178591537475585938e+01 1.154128189086914062e+02
2.192722454071044922e+02 1.314911766052246094e+02 5.799634170532226562e+01 1.143330001831054688e+02
2.270342502593994141e+02 1.308007888793945312e+02 5.794172286987304688e+01 1.162686157226562500e+02
2.348078231811523438e+02 1.317094230651855469e+02 5.236445617675781250e+01 1.184987106323242188e+02
2.517930374145507812e+02 1.372412681579589844e+02 4.330958557128906250e+01 1.134254074096679688e+02
2.615179557800292969e+02 1.388451194763183594e+02 3.840686798095703125e+01 1.112347946166992188e+02
2.662684879302978516e+02 1.356705169677734375e+02 3.858408737182617188e+01 1.148002777099609375e+02
2.724175834655761719e+02 1.337017478942871094e+02 3.725824737548828125e+01 1.144823226928710938e+02
2.782661437988281250e+02 1.336806602478027344e+02 3.586856079101562500e+01 1.117170333862304688e+02
2.797397346496582031e+02 1.321932868957519531e+02 4.065935516357421875e+01 1.124383163452148438e+02
2.834106521606445312e+02 1.320390892028808594e+02 4.488926696777343750e+01 1.123199539184570312e+02
2.902921009063720703e+02 1.312569694519042969e+02 4.587670516967773438e+01 1.122431411743164062e+02
2.970762691497802734e+02 1.333521041870117188e+02 4.270311355590820312e+01 1.121610870361328125e+02
3.043393383026123047e+02 1.361057891845703125e+02 3.804150772094726562e+01 1.105415039062500000e+02
3.128505954742431641e+02 1.384640846252441406e+02 3.469831466674804688e+01 1.077203903198242188e+02
3.189429054260253906e+02 1.364485015869140625e+02 3.335216522216796875e+01 1.085508117675781250e+02
3.247386856079101562e+02 1.358710289001464844e+02 3.366351318359375000e+01 1.092141494750976562e+02
3.268371028900146484e+02 1.345128326416015625e+02 3.801999282836914062e+01 1.110511474609375000e+02
3.293432006835937500e+02 1.346360931396484375e+02 4.364933776855468750e+01 1.084767456054687500e+02
3.321248054504394531e+02 1.362978973388671875e+02 4.869779205322265625e+01 1.041619262695312500e+02
3.359842319488525391e+02 1.375844116210937500e+02 4.894970321655273438e+01 1.028370971679687500e+02
3.415417003631591797e+02 1.377443809509277344e+02 4.615251541137695312e+01 1.048449783325195312e+02
3.471075153350830078e+02 1.399565849304199219e+02 4.244492721557617188e+01 1.027732009887695312e+02
3.544078903198242188e+02 1.402672271728515625e+02 3.745413208007812500e+01 1.021082458496093750e+02
3.598848838806152344e+02 1.389785156250000000e+02 3.580516815185546875e+01 1.034799346923828125e+02
3.602287788391113281e+02 1.374351387023925781e+02 3.783358001708984375e+01 1.036349716186523438e+02
3.623987751007080078e+02 1.364719085693359375e+02 3.854247665405273438e+01 1.047043914794921875e+02
3.658085594177246094e+02 1.360748405456542969e+02 3.865604400634765625e+01 1.027315139770507812e+02
3.684643993377685547e+02 1.348689880371093750e+02 3.777704238891601562e+01 1.023519134521484375e+02
3.712072734832763672e+02 1.343172111511230469e+02 3.803113174438476562e+01 1.009597396850585938e+02
3.735316524505615234e+02 1.358534278869628906e+02 3.875026321411132812e+01 1.000454177856445312e+02
3.794599800109863281e+02 1.398110046386718750e+02 3.534542083740234375e+01 9.626290893554687500e+01
3.835796127319335938e+02 1.409072990417480469e+02 3.331854248046875000e+01 9.425084686279296875e+01
3.879535923004150391e+02 1.406525726318359375e+02 3.110285568237304688e+01 9.690029907226562500e+01
3.899499521255493164e+02 1.410918388366699219e+02 3.128561210632324219e+01 9.581743621826171875e+01
3.918076009750366211e+02 1.388200035095214844e+02 3.131447029113769531e+01 9.842841339111328125e+01
3.929800643920898438e+02 1.367734336853027344e+02 3.274324035644531250e+01 9.855258941650390625e+01
3.947269172668457031e+02 1.377367591857910156e+02 3.294594573974609375e+01 9.621237945556640625e+01
3.959188013076782227e+02 1.377141380310058594e+02 3.183738517761230469e+01 9.389061737060546875e+01
3.968032617568969727e+02 1.403379478454589844e+02 3.154318046569824219e+01 9.293659210205078125e+01
3.961465377807617188e+02 1.413363075256347656e+02 3.343678283691406250e+01 9.278519439697265625e+01
3.971680335998535156e+02 1.428782997131347656e+02 3.400939178466796875e+01 9.112953948974609375e+01
3.975716133117675781e+02 1.448710861206054688e+02 3.426195526123046875e+01 8.922203063964843750e+01
3.992995796203613281e+02 1.443791694641113281e+02 3.331737518310546875e+01 9.031357574462890625e+01
3.984970760345458984e+02 1.419618453979492188e+02 3.541814041137695312e+01 9.101022338867187500e+01
3.987868213653564453e+02 1.415783843994140625e+02 3.566015243530273438e+01 9.067771911621093750e+01
4.001727390289306641e+02 1.400467491149902344e+02 3.327393722534179688e+01 9.132735443115234375e+01
4.002493209838867188e+02 1.399773521423339844e+02 3.426284790039062500e+01 9.129323577880859375e+01
4.007193660736083984e+02 1.396522483825683594e+02 3.442261123657226562e+01 8.951103973388671875e+01
4.035280570983886719e+02 1.403029594421386719e+02 3.215662384033203125e+01 9.018091583251953125e+01
4.040067958831787109e+02 1.418074760437011719e+02 3.161821365356445312e+01 8.807746124267578125e+01
4.056765327453613281e+02 1.416541099548339844e+02 3.144435882568359375e+01 8.807447052001953125e+01
4.083091363906860352e+02 1.422179489135742188e+02 2.926348686218261719e+01 8.583934020996093750e+01
4.111267795562744141e+02 1.418036994934082031e+02 2.775152206420898438e+01 8.547898101806640625e+01
4.091999711990356445e+02 1.410490341186523438e+02 2.948193931579589844e+01 8.692652893066406250e+01
4.121951131820678711e+02 1.390025100708007812e+02 2.788130378723144531e+01 8.900538635253906250e+01
4.117965431213378906e+02 1.395542602539062500e+02 2.868344879150390625e+01 8.653739929199218750e+01
4.124780282974243164e+02 1.406146697998046875e+02 2.895957756042480469e+01 8.500239562988281250e+01
4.115726280212402344e+02 1.412279281616210938e+02 3.157505035400390625e+01 8.386450195312500000e+01
4.114377403259277344e+02 1.418467140197753906e+02 3.221387481689453125e+01 8.383525848388671875e+01
4.116157331466674805e+02 1.433721084594726562e+02 3.009325599670410156e+01 8.178044128417968750e+01
4.119055900573730469e+02 1.443501510620117188e+02 2.914250946044921875e+01 8.013946533203125000e+01
4.116131153106689453e+02 1.448050804138183594e+02 2.865793991088867188e+01 8.023729705810546875e+01
4.111027679443359375e+02 1.425150260925292969e+02 2.771846008300781250e+01 8.145517730712890625e+01
4.123473882675170898e+02 1.414007377624511719e+02 2.652751350402832031e+01 8.125632476806640625e+01
4.116497259140014648e+02 1.406860122680664062e+02 2.691972541809082031e+01 8.242643737792968750e+01
4.116313247680664062e+02 1.416552124023437500e+02 2.653184509277343750e+01 8.068989562988281250e+01
4.119377679824829102e+02 1.422249526977539062e+02 2.709728813171386719e+01 7.829508972167968750e+01
4.117929439544677734e+02 1.436447906494140625e+02 2.778229141235351562e+01 7.846362304687500000e+01
4.113323335647583008e+02 1.454323043823242188e+02 2.909486961364746094e+01 7.759376525878906250e+01
4.111797332763671875e+02 1.450184478759765625e+02 2.929127502441406250e+01 7.679951477050781250e+01
4.107743110656738281e+02 1.458533134460449219e+02 2.912390899658203125e+01 7.620792388916015625e+01
4.099399099349975586e+02 1.452239418029785156e+02 2.940445137023925781e+01 7.535361480712890625e+01
4.097980899810791016e+02 1.441405792236328125e+02 2.942602157592773438e+01 7.650947570800781250e+01
4.088228292465209961e+02 1.417934532165527344e+02 2.825674629211425781e+01 7.805901336669921875e+01
4.084331378936767578e+02 1.419476928710937500e+02 2.862673568725585938e+01 7.659231567382812500e+01
4.073147945404052734e+02 1.423682785034179688e+02 2.886482620239257812e+01 7.635781860351562500e+01
4.066539001464843750e+02 1.416787757873535156e+02 2.826811218261718750e+01 7.591280364990234375e+01
4.059092750549316406e+02 1.451107864379882812e+02 2.668022918701171875e+01 7.279022216796875000e+01
4.048602399826049805e+02 1.454608078002929688e+02 2.617548561096191406e+01 7.265713500976562500e+01
4.050606479644775391e+02 1.469303588867187500e+02 2.537824630737304688e+01 7.132373046875000000e+01
4.030051259994506836e+02 1.459628868103027344e+02 2.586252021789550781e+01 7.097730255126953125e+01
4.012942476272583008e+02 1.447743530273437500e+02 2.700890159606933594e+01 7.247653198242187500e+01
4.001894903182983398e+02 1.431422500610351562e+02 2.787492561340332031e+01 7.248828125000000000e+01
3.978228054046630859e+02 1.437811317443847656e+02 3.046304702758789062e+01 7.280428314208984375e+01
3.956012096405029297e+02 1.439074516296386719e+02 3.083111953735351562e+01 7.122269439697265625e+01
3.939060487747192383e+02 1.438793792724609375e+02 3.131531333923339844e+01 7.103419494628906250e+01
3.919542703628540039e+02 1.449447021484375000e+02 3.114030265808105469e+01 7.060391235351562500e+01
3.902991952896118164e+02 1.473727722167968750e+02 2.811826896667480469e+01 6.818388366699218750e+01
3.888927545547485352e+02 1.474219436645507812e+02 2.761077690124511719e+01 6.777255249023437500e+01
3.847858304977416992e+02 1.467101173400878906e+02 2.777051734924316406e+01 6.769165802001953125e+01
3.821423158645629883e+02 1.439017524719238281e+02 2.882370567321777344e+01 6.979991912841796875e+01
3.806779232025146484e+02 1.443743591308593750e+02 2.942767715454101562e+01 6.956216430664062500e+01
3.791012725830078125e+02 1.437659606933593750e+02 2.832583618164062500e+01 6.928247070312500000e+01
3.762518167495727539e+02 1.444463119506835938e+02 2.892204093933105469e+01 6.839305114746093750e+01
3.739995718002319336e+02 1.451556816101074219e+02 2.731605720520019531e+01 6.693445587158203125e+01
3.730265321731567383e+02 1.461833496093750000e+02 2.434831809997558594e+01 6.542102050781250000e+01
3.718890237808227539e+02 1.475569458007812500e+02 2.192451286315917969e+01 6.421588134765625000e+01
3.683419256210327148e+02 1.476083526611328125e+02 2.271805000305175781e+01 6.452902221679687500e+01
3.665084619522094727e+02 1.465847473144531250e+02 2.423032951354980469e+01 6.528398132324218750e+01
3.623697280883789062e+02 1.462379226684570312e+02 2.686354064941406250e+01 6.619732666015625000e+01
3.607566080093383789e+02 1.454744300842285156e+02 2.840807914733886719e+01 6.568543243408203125e+01
3.569003820419311523e+02 1.441955108642578125e+02 3.127110481262207031e+01 6.607202148437500000e+01
3.527136068344116211e+02 1.440231246948242188e+02 3.123570442199707031e+01 6.706437683105468750e+01
3.525948944091796875e+02 1.460228462219238281e+02 2.850840759277343750e+01 6.414585113525390625e+01
3.489071121215820312e+02 1.470048274993896484e+02 2.747248840332031250e+01 6.393114089965820312e+01
3.467818107604980469e+02 1.466518802642822266e+02 2.503351593017578125e+01 6.362166976928710938e+01
3.450745029449462891e+02 1.476314716339111328e+02 2.334833908081054688e+01 6.309559249877929688e+01
3.402362051010131836e+02 1.469658737182617188e+02 2.463981819152832031e+01 6.200953674316406250e+01
3.387876024246215820e+02 1.465013961791992188e+02 2.449176597595214844e+01 6.287364196777343750e+01
3.343906745910644531e+02 1.449797248840332031e+02 2.692987823486328125e+01 6.420166778564453125e+01
3.332115240097045898e+02 1.442896976470947266e+02 2.664340400695800781e+01 6.358471298217773438e+01
3.286140584945678711e+02 1.451658287048339844e+02 2.710615730285644531e+01 6.276561737060546875e+01
3.265259685516357422e+02 1.448452949523925781e+02 2.481543350219726562e+01 6.291878509521484375e+01
3.236667909622192383e+02 1.451619300842285156e+02 2.244684410095214844e+01 6.223459625244140625e+01
3.213312063217163086e+02 1.460843868255615234e+02 2.063604927062988281e+01 6.096323013305664062e+01
3.185884628295898438e+02 1.456982040405273438e+02 2.070903015136718750e+01 6.029887390136718750e+01
3.156445837020874023e+02 1.448126316070556641e+02 2.183670234680175781e+01 6.200167465209960938e+01
3.095489597320556641e+02 1.424361248016357422e+02 2.636977767944335938e+01 6.373872756958007812e+01
3.061641721725463867e+02 1.421128635406494141e+02 2.893480873107910156e+01 6.381310653686523438e+01
3.008863544464111328e+02 1.432922706604003906e+02 3.208672714233398438e+01 6.271720123291015625e+01
2.995173854827880859e+02 1.433524265289306641e+02 3.208632278442382812e+01 6.246825790405273438e+01
2.955320167541503906e+02 1.444186172485351562e+02 3.061830902099609375e+01 6.169834899902343750e+01
2.942127780914306641e+02 1.453374595642089844e+02 2.738084030151367188e+01 6.191930389404296875e+01
2.924198865890502930e+02 1.460242900848388672e+02 2.297948646545410156e+01 6.067038345336914062e+01
2.873441295623779297e+02 1.449201946258544922e+02 2.330592727661132812e+01 6.151286697387695312e+01
2.869109926223754883e+02 1.447072200775146484e+02 2.294707298278808594e+01 6.113528823852539062e+01
2.844220972061157227e+02 1.439863834381103516e+02 2.267991447448730469e+01 6.087716293334960938e+01
2.792636470794677734e+02 1.437185440063476562e+02 2.657977676391601562e+01 6.042420959472656250e+01
2.758252420425415039e+02 1.431056118011474609e+02 2.802175712585449219e+01 6.168855667114257812e+01
2.717915296554565430e+02 1.447651081085205078e+02 2.891697120666503906e+01 6.090354537963867188e+01
2.681186065673828125e+02 1.434088096618652344e+02 2.856936645507812500e+01 6.256400299072265625e+01
2.672434349060058594e+02 1.440171890258789062e+02 2.236931610107421875e+01 6.062321472167968750e+01
2.643916358947753906e+02 1.471013507843017578e+02 2.097229766845703125e+01 5.876154708862304688e+01
2.615059003829956055e+02 1.460994491577148438e+02 1.925188636779785156e+01 5.873886108398437500e+01
2.561956815719604492e+02 1.471964912414550781e+02 2.104677772521972656e+01 5.661316680908203125e+01
2.528105516433715820e+02 1.458331909179687500e+02 2.463014793395996094e+01 5.812303161621093750e+01
2.475938463211059570e+02 1.433311901092529297e+02 2.893071556091308594e+01 6.043867874145507812e+01
2.428310756683349609e+02 1.443227443695068359e+02 3.136723709106445312e+01 5.882229995727539062e+01
2.379665489196777344e+02 1.459059257507324219e+02 3.235015106201171875e+01 5.806847381591796875e+01
2.368789730072021484e+02 1.430214214324951172e+02 3.217995071411132812e+01 6.038882827758789062e+01
2.334545993804931641e+02 1.457913455963134766e+02 2.857874679565429688e+01 5.743322372436523438e+01
2.295489816665649414e+02 1.436107940673828125e+02 2.227931022644042969e+01 5.987590026855468750e+01
2.288953857421875000e+02 1.456950531005859375e+02 2.084991455078125000e+01 5.775706481933593750e+01
2.251926050186157227e+02 1.457201271057128906e+02 1.962199211120605469e+01 5.670809173583984375e+01
2.204794702529907227e+02 1.452200679779052734e+02 2.351064872741699219e+01 5.695288467407226562e+01
2.152462730407714844e+02 1.415777091979980469e+02 2.771955108642578125e+01 6.084082794189453125e+01
2.076474781036376953e+02 1.342634391784667969e+02 3.281661605834960938e+01 6.913906097412109375e+01
1.996922149658203125e+02 1.176157875061035156e+02 3.315229797363281250e+01 8.650215911865234375e+01
1.732136802673339844e+02 1.250689926147460938e+02 4.512415313720703125e+01 1.264170684814453125e+02
1.779362239837646484e+02 1.199421386718750000e+02 5.136467361450195312e+01 1.310823364257812500e+02
1.809055614471435547e+02 1.188241653442382812e+02 5.394299697875976562e+01 1.309470062255859375e+02
1.828128395080566406e+02 1.182769470214843750e+02 5.816970062255859375e+01 1.308117980957031250e+02
1.850704460144042969e+02 1.202727813720703125e+02 6.053952789306640625e+01 1.290049743652343750e+02
1.882358150482177734e+02 1.190792083740234375e+02 6.101283645629882812e+01 1.297755126953125000e+02
1.943000583648681641e+02 1.205159454345703125e+02 5.829798507690429688e+01 1.281731262207031250e+02
2.031650295257568359e+02 1.201720886230468750e+02 5.608592605590820312e+01 1.286101074218750000e+02
2.097817401885986328e+02 1.214361228942871094e+02 5.237636947631835938e+01 1.260966262817382812e+02
2.141911983489990234e+02 1.226588439941406250e+02 5.293556594848632812e+01 1.276734313964843750e+02
2.190038967132568359e+02 1.224896430969238281e+02 5.258574295043945312e+01 1.267239608764648438e+02
2.198790397644042969e+02 1.223920364379882812e+02 5.614438629150390625e+01 1.265726776123046875e+02
2.196982917785644531e+02 1.221110877990722656e+02 6.060216522216796875e+01 1.267939682006835938e+02
2.232966403961181641e+02 1.211144866943359375e+02 6.299372482299804688e+01 1.272096557617187500e+02
2.257802734375000000e+02 1.231253700256347656e+02 6.550289916992187500e+01 1.257296066284179688e+02
2.350673847198486328e+02 1.230861434936523438e+02 5.827837753295898438e+01 1.250723114013671875e+02
2.446017494201660156e+02 1.227053527832031250e+02 5.350157928466796875e+01 1.251396789550781250e+02
2.481678752899169922e+02 1.251627311706542969e+02 5.221951675415039062e+01 1.228309402465820312e+02
2.500729942321777344e+02 1.264828338623046875e+02 5.453101348876953125e+01 1.202410583496093750e+02
2.533245353698730469e+02 1.265851440429687500e+02 5.540613555908203125e+01 1.192692260742187500e+02
2.582145195007324219e+02 1.262171974182128906e+02 5.321524810791015625e+01 1.206957931518554688e+02
2.610327606201171875e+02 1.260443725585937500e+02 5.479446411132812500e+01 1.204840393066406250e+02
2.656196174621582031e+02 1.263032188415527344e+02 5.350017547607421875e+01 1.191180801391601562e+02
2.710319919586181641e+02 1.267603149414062500e+02 5.173286056518554688e+01 1.179784851074218750e+02
2.788465347290039062e+02 1.289949684143066406e+02 4.720658874511718750e+01 1.158508834838867188e+02
2.809318523406982422e+02 1.282562026977539062e+02 4.859970474243164062e+01 1.169326324462890625e+02
2.848985576629638672e+02 1.289785003662109375e+02 4.769418716430664062e+01 1.155327758789062500e+02
2.900324020385742188e+02 1.289327392578125000e+02 4.647120666503906250e+01 1.160999450683593750e+02
2.937987365722656250e+02 1.276265068054199219e+02 4.605163574218750000e+01 1.176272964477539062e+02
2.947316856384277344e+02 1.258344001770019531e+02 4.977713775634765625e+01 1.198558273315429688e+02
2.958768348693847656e+02 1.241487693786621094e+02 5.294603729248046875e+01 1.210291519165039062e+02
2.992738533020019531e+02 1.242330207824707031e+02 5.385640716552734375e+01 1.191272811889648438e+02
3.036625461578369141e+02 1.242387199401855469e+02 5.071863937377929688e+01 1.195963211059570312e+02
3.091909179687500000e+02 1.254967613220214844e+02 4.920666503906250000e+01 1.168555984497070312e+02
3.154807243347167969e+02 1.280814743041992188e+02 4.468848419189453125e+01 1.133215179443359375e+02
3.176147880554199219e+02 1.299414291381835938e+02 4.662552642822265625e+01 1.124043121337890625e+02
3.202072277069091797e+02 1.300015411376953125e+02 4.712524795532226562e+01 1.126635742187500000e+02
3.220571041107177734e+02 1.284464035034179688e+02 4.855849075317382812e+01 1.138082733154296875e+02
3.250642395019531250e+02 1.291237640380859375e+02 4.860949707031250000e+01 1.107929382324218750e+02
3.283471260070800781e+02 1.278280220031738281e+02 4.843016815185546875e+01 1.119024276733398438e+02
3.320136718750000000e+02 1.288168334960937500e+02 4.686734008789062500e+01 1.114341125488281250e+02
3.351234836578369141e+02 1.305069580078125000e+02 4.535590744018554688e+01 1.077938232421875000e+02
3.385252990722656250e+02 1.329540214538574219e+02 4.435556030273437500e+01 1.056535110473632812e+02
3.403852977752685547e+02 1.309410018920898438e+02 4.510986709594726562e+01 1.073860626220703125e+02
3.465301227569580078e+02 1.344597816467285156e+02 4.069689559936523438e+01 1.018721237182617188e+02
3.517181644439697266e+02 1.324856224060058594e+02 3.623350143432617188e+01 1.052594985961914062e+02
3.548480625152587891e+02 1.343424072265625000e+02 3.454552841186523438e+01 1.040533599853515625e+02
3.559027557373046875e+02 1.308710060119628906e+02 3.607234191894531250e+01 1.082017745971679688e+02
3.567600975036621094e+02 1.301078796386718750e+02 3.869289398193359375e+01 1.077155914306640625e+02
3.589429740905761719e+02 1.277385559082031250e+02 3.997509002685546875e+01 1.104576568603515625e+02
3.610311050415039062e+02 1.285178718566894531e+02 3.986956787109375000e+01 1.093639907836914062e+02
3.644437732696533203e+02 1.286580810546875000e+02 3.938071823120117188e+01 1.084461822509765625e+02
3.692419433593750000e+02 1.294373970031738281e+02 3.687477111816406250e+01 1.076009902954101562e+02
3.692838783264160156e+02 1.300504646301269531e+02 3.804650115966796875e+01 1.082442398071289062e+02
3.689294738769531250e+02 1.338475112915039062e+02 3.920233154296875000e+01 1.020021057128906250e+02
3.703446655273437500e+02 1.333042144775390625e+02 3.902259826660156250e+01 1.022109375000000000e+02
3.724322814941406250e+02 1.298018264770507812e+02 3.972584533691406250e+01 1.043423614501953125e+02
3.749414863586425781e+02 1.310403060913085938e+02 3.798252105712890625e+01 1.030836944580078125e+02
3.771921310424804688e+02 1.314085197448730469e+02 3.711729431152343750e+01 1.005445022583007812e+02
3.777994670867919922e+02 1.361841201782226562e+02 3.720427322387695312e+01 9.650065612792968750e+01
3.809022960662841797e+02 1.301697082519531250e+02 3.684819412231445312e+01 1.033723297119140625e+02
3.822289886474609375e+02 1.292816467285156250e+02 3.645739746093750000e+01 1.052549591064453125e+02
3.856760711669921875e+02 1.285369911193847656e+02 3.577798461914062500e+01 1.053268203735351562e+02
3.866090869903564453e+02 1.319070434570312500e+02 3.414199447631835938e+01 1.025764007568359375e+02
3.899650707244873047e+02 1.282090568542480469e+02 3.201730728149414062e+01 1.058212051391601562e+02
3.913961553573608398e+02 1.293206214904785156e+02 3.134919929504394531e+01 1.035413131713867188e+02
3.925844860076904297e+02 1.267842979431152344e+02 3.322899246215820312e+01 1.057792129516601562e+02
3.938108139038085938e+02 1.265002059936523438e+02 3.312031555175781250e+01 1.061507720947265625e+02
3.951564674377441406e+02 1.278039894104003906e+02 3.259322357177734375e+01 1.042107009887695312e+02
3.964753608703613281e+02 1.287702789306640625e+02 3.251358795166015625e+01 1.030980529785156250e+02
3.946627502441406250e+02 1.292119216918945312e+02 3.478549194335937500e+01 1.029451751708984375e+02
3.942253475189208984e+02 1.298018875122070312e+02 3.673070144653320312e+01 1.013032989501953125e+02
3.943862495422363281e+02 1.300615615844726562e+02 3.659212493896484375e+01 1.014381866455078125e+02
3.952645225524902344e+02 1.291677284240722656e+02 3.712451934814453125e+01 1.010547256469726562e+02
3.961433467864990234e+02 1.288510818481445312e+02 3.719295120239257812e+01 1.011386871337890625e+02
3.967658672332763672e+02 1.280296821594238281e+02 3.658009719848632812e+01 1.019804763793945312e+02
3.979265861511230469e+02 1.271953964233398438e+02 3.567264556884765625e+01 1.017422943115234375e+02
3.992360324859619141e+02 1.259760093688964844e+02 3.626450729370117188e+01 1.026261978149414062e+02
3.996427059173583984e+02 1.279288635253906250e+02 3.378923416137695312e+01 1.004786987304687500e+02
3.993553962707519531e+02 1.286999511718750000e+02 3.483699798583984375e+01 9.911975097656250000e+01
4.018917293548583984e+02 1.282192039489746094e+02 3.341084671020507812e+01 9.988237762451171875e+01
4.034033393859863281e+02 1.316728782653808594e+02 3.047792816162109375e+01 9.663866424560546875e+01
4.043401441574096680e+02 1.304302330017089844e+02 2.994935035705566406e+01 9.676818084716796875e+01
4.046247682571411133e+02 1.308542327880859375e+02 3.005100059509277344e+01 9.704205322265625000e+01
4.053161115646362305e+02 1.297098045349121094e+02 2.996222877502441406e+01 9.740972137451171875e+01
4.057072038650512695e+02 1.323421669006347656e+02 2.931398582458496094e+01 9.421454620361328125e+01
4.057312316894531250e+02 1.311303062438964844e+02 2.928321838378906250e+01 9.367559051513671875e+01
4.059012136459350586e+02 1.306363296508789062e+02 3.127888679504394531e+01 9.372970581054687500e+01
4.039890651702880859e+02 1.319681091308593750e+02 3.141080093383789062e+01 9.251383972167968750e+01
4.037810649871826172e+02 1.329752273559570312e+02 3.066971206665039062e+01 9.210736083984375000e+01
4.034602861404418945e+02 1.340017318725585938e+02 3.050089073181152344e+01 9.021629333496093750e+01
4.030681304931640625e+02 1.348597335815429688e+02 3.095098876953125000e+01 8.924734497070312500e+01
4.028550395965576172e+02 1.339771690368652344e+02 3.107490921020507812e+01 9.029845428466796875e+01
4.035234985351562500e+02 1.339516792297363281e+02 2.958262634277343750e+01 8.980336761474609375e+01
4.025866546630859375e+02 1.334085998535156250e+02 2.953457641601562500e+01 9.032553100585937500e+01
4.011921052932739258e+02 1.334760437011718750e+02 2.989002037048339844e+01 9.002703857421875000e+01
4.019540901184082031e+02 1.330518035888671875e+02 2.944124603271484375e+01 8.935243225097656250e+01
3.999528236389160156e+02 1.341665954589843750e+02 3.035152435302734375e+01 8.769082641601562500e+01
4.002775783538818359e+02 1.344013061523437500e+02 2.943915176391601562e+01 8.754522705078125000e+01
4.004922208786010742e+02 1.352911758422851562e+02 2.859967994689941406e+01 8.727061462402343750e+01
4.008130254745483398e+02 1.352357063293457031e+02 2.676202583312988281e+01 8.647719573974609375e+01
4.002622966766357422e+02 1.347237930297851562e+02 2.557600784301757812e+01 8.682060241699218750e+01
3.995971012115478516e+02 1.318684806823730469e+02 2.518172836303710938e+01 8.961624908447265625e+01
3.987800836563110352e+02 1.333072357177734375e+02 2.549616813659667969e+01 8.872665405273437500e+01
3.975749425888061523e+02 1.319001274108886719e+02 2.561264228820800781e+01 8.801624298095703125e+01
3.963591346740722656e+02 1.326008415222167969e+02 2.668979644775390625e+01 8.804578399658203125e+01
3.931361656188964844e+02 1.327567520141601562e+02 2.826522064208984375e+01 8.739532470703125000e+01
3.922528734207153320e+02 1.339601631164550781e+02 2.780891990661621094e+01 8.473932647705078125e+01
3.926082267761230469e+02 1.346050300598144531e+02 2.574005889892578125e+01 8.414647674560546875e+01
3.933918457031250000e+02 1.363139991760253906e+02 2.393368530273437500e+01 8.159767913818359375e+01
3.915993595123291016e+02 1.366361961364746094e+02 2.387376022338867188e+01 8.062873077392578125e+01
3.908029155731201172e+02 1.390975341796875000e+02 2.408707046508789062e+01 7.933670043945312500e+01
3.906029071807861328e+02 1.345388565063476562e+02 2.436050033569335938e+01 8.337487792968750000e+01
3.892737464904785156e+02 1.346829071044921875e+02 2.503127288818359375e+01 8.286338806152343750e+01
3.874872436523437500e+02 1.338341407775878906e+02 2.550022888183593750e+01 8.402501678466796875e+01
3.864765224456787109e+02 1.354045562744140625e+02 2.480957412719726562e+01 8.260609436035156250e+01
3.844516363143920898e+02 1.377097740173339844e+02 2.334825325012207031e+01 7.948540496826171875e+01
3.809734554290771484e+02 1.380738372802734375e+02 2.494366836547851562e+01 7.939024353027343750e+01
3.824249095916748047e+02 1.370942230224609375e+02 2.306847000122070312e+01 8.038110351562500000e+01
3.802783813476562500e+02 1.357406959533691406e+02 2.373866271972656250e+01 8.066107940673828125e+01
3.798986043930053711e+02 1.353786239624023438e+02 2.276115608215332031e+01 8.151821899414062500e+01
3.758286466598510742e+02 1.337245864868164062e+02 2.536001014709472656e+01 8.250259399414062500e+01
3.760212545394897461e+02 1.344369430541992188e+02 2.409663581848144531e+01 8.205732727050781250e+01
3.739818439483642578e+02 1.337866287231445312e+02 2.425764083862304688e+01 8.269975280761718750e+01
3.731074762344360352e+02 1.350407447814941406e+02 2.339300346374511719e+01 8.136356353759765625e+01
3.716122350692749023e+02 1.348825187683105469e+02 2.310812568664550781e+01 8.072444915771484375e+01
3.693354406356811523e+02 1.345994453430175781e+02 2.328569221496582031e+01 8.058678436279296875e+01
3.696191873550415039e+02 1.343116874694824219e+02 2.194236564636230469e+01 7.925753021240234375e+01
3.673954563140869141e+02 1.389792022705078125e+02 2.284492111206054688e+01 7.485331726074218750e+01
3.659660425186157227e+02 1.352535400390625000e+02 2.299040031433105469e+01 7.954980468750000000e+01
3.650142946243286133e+02 1.357287483215332031e+02 2.445044517517089844e+01 7.937107086181640625e+01
3.607413063049316406e+02 1.342781906127929688e+02 2.700569915771484375e+01 8.038739013671875000e+01
3.591049137115478516e+02 1.346568527221679688e+02 2.641479110717773438e+01 7.966154479980468750e+01
3.582319526672363281e+02 1.349891929626464844e+02 2.697617340087890625e+01 7.949858856201171875e+01
3.547644615173339844e+02 1.352891349792480469e+02 2.638483428955078125e+01 7.864389801025390625e+01
3.545283651351928711e+02 1.376670074462890625e+02 2.453244209289550781e+01 7.621920776367187500e+01
3.529229974746704102e+02 1.383954124450683594e+02 2.273557853698730469e+01 7.478469085693359375e+01
3.507041921615600586e+02 1.382719039916992188e+02 2.187515449523925781e+01 7.500361633300781250e+01
3.500617179870605469e+02 1.386114616394042969e+02 2.171527862548828125e+01 7.474675750732421875e+01
3.460702304840087891e+02 1.368000259399414062e+02 2.402221298217773438e+01 7.641464233398437500e+01
3.444079818725585938e+02 1.365857009887695312e+02 2.362170410156250000e+01 7.631625366210937500e+01
3.427284145355224609e+02 1.367844581604003906e+02 2.352772903442382812e+01 7.505750274658203125e+01
3.388110656738281250e+02 1.368827972412109375e+02 2.489770507812500000e+01 7.555776977539062500e+01
3.402795772552490234e+02 1.371372718811035156e+02 2.348733901977539062e+01 7.482344818115234375e+01
3.369335613250732422e+02 1.384524612426757812e+02 2.289349746704101562e+01 7.296607971191406250e+01
3.360452041625976562e+02 1.403406486511230469e+02 2.184036254882812500e+01 7.032340240478515625e+01
3.347835645675659180e+02 1.394467468261718750e+02 2.171817970275878906e+01 7.142366027832031250e+01
3.323221769332885742e+02 1.396766891479492188e+02 2.145182228088378906e+01 7.040657043457031250e+01
3.312170820236206055e+02 1.401717720031738281e+02 2.215368080139160156e+01 6.996965789794921875e+01
3.288768310546875000e+02 1.397577056884765625e+02 2.389256286621093750e+01 7.001977539062500000e+01
3.250335493087768555e+02 1.376938247680664062e+02 2.585647010803222656e+01 7.118440246582031250e+01
3.246207656860351562e+02 1.388495330810546875e+02 2.660832214355468750e+01 7.174334716796875000e+01
3.224739561080932617e+02 1.389617385864257812e+02 2.689130592346191406e+01 7.135231018066406250e+01
3.187313203811645508e+02 1.387163314819335938e+02 2.842828941345214844e+01 7.058114624023437500e+01
3.176711187362670898e+02 1.398647575378417969e+02 2.488153266906738281e+01 6.936539459228515625e+01
3.165052032470703125e+02 1.402741432189941406e+02 2.161791992187500000e+01 6.957401275634765625e+01
3.153489046096801758e+02 1.401195755004882812e+02 2.027515220642089844e+01 6.926811218261718750e+01
3.123893594741821289e+02 1.404432449340820312e+02 2.096063041687011719e+01 6.828430175781250000e+01
3.097815999984741211e+02 1.401342010498046875e+02 2.112930488586425781e+01 6.791371154785156250e+01
3.063665580749511719e+02 1.406202507019042969e+02 2.323703765869140625e+01 6.715174102783203125e+01
3.043731460571289062e+02 1.399898719787597656e+02 2.395005798339843750e+01 6.794066619873046875e+01
3.001194486618041992e+02 1.400373229980468750e+02 2.804944801330566406e+01 6.828378295898437500e+01
3.005198965072631836e+02 1.412299194335937500e+02 2.502565193176269531e+01 6.720260620117187500e+01
2.986460256576538086e+02 1.433052673339843750e+02 2.153886604309082031e+01 6.492027282714843750e+01
2.980531177520751953e+02 1.434693946838378906e+02 1.993526840209960938e+01 6.362526702880859375e+01
2.952473154067993164e+02 1.428943977355957031e+02 2.002120780944824219e+01 6.359905242919921875e+01
2.925838747024536133e+02 1.435240783691406250e+02 2.051442527770996094e+01 6.342971801757812500e+01
2.899103765487670898e+02 1.418260726928710938e+02 2.247455024719238281e+01 6.478024291992187500e+01
2.867903404235839844e+02 1.407750244140625000e+02 2.440317535400390625e+01 6.550007629394531250e+01
2.854830827713012695e+02 1.389508857727050781e+02 2.614729881286621094e+01 6.746918487548828125e+01
2.834410600662231445e+02 1.391279678344726562e+02 2.643662071228027344e+01 6.889257812500000000e+01
2.812008523941040039e+02 1.376258316040039062e+02 2.623653984069824219e+01 7.013795471191406250e+01
2.802330770492553711e+02 1.369101562500000000e+02 2.295594978332519531e+01 7.057232666015625000e+01
2.782002477645874023e+02 1.371496925354003906e+02 2.118960762023925781e+01 7.028609466552734375e+01
2.763609933853149414e+02 1.353812141418457031e+02 2.168583488464355469e+01 7.121552276611328125e+01
2.738771133422851562e+02 1.370019721984863281e+02 2.094602966308593750e+01 6.964946746826171875e+01
2.708348064422607422e+02 1.377764816284179688e+02 2.198355484008789062e+01 6.908650207519531250e+01
2.689512224197387695e+02 1.369907684326171875e+02 2.150751304626464844e+01 7.027810668945312500e+01
2.653702926635742188e+02 1.358635711669921875e+02 2.343537902832031250e+01 7.077110290527343750e+01
2.635720682144165039e+02 1.357732200622558594e+02 2.156980705261230469e+01 7.074723052978515625e+01
2.627640037536621094e+02 1.349756813049316406e+02 2.308501434326171875e+01 7.185590362548828125e+01
2.606733322143554688e+02 1.362420005798339844e+02 2.004171752929687500e+01 7.148624420166015625e+01
2.583428020477294922e+02 1.350775451660156250e+02 1.921620559692382812e+01 7.097108459472656250e+01
2.554084491729736328e+02 1.352945671081542969e+02 2.124631881713867188e+01 6.970404815673828125e+01
2.543323812484741211e+02 1.363575401306152344e+02 1.895654487609863281e+01 6.834874725341796875e+01
2.516050996780395508e+02 1.338107604980468750e+02 2.157285118103027344e+01 7.072163391113281250e+01
2.473425512313842773e+02 1.359974746704101562e+02 2.553479194641113281e+01 6.886502075195312500e+01
2.439944458007812500e+02 1.348283233642578125e+02 2.731161499023437500e+01 7.166046142578125000e+01
2.408174858093261719e+02 1.360864257812500000e+02 2.854099273681640625e+01 7.026072692871093750e+01
1.836273097991943359e+02 1.308506317138671875e+02 4.144544601440429688e+01 1.135187225341796875e+02
1.758284244537353516e+02 1.293268394470214844e+02 5.861978530883789062e+01 1.176166915893554688e+02
1.855478820800781250e+02 1.275740623474121094e+02 5.850295257568359375e+01 1.203641586303710938e+02
2.055994510650634766e+02 1.266486282348632812e+02 4.696622085571289062e+01 1.242050170898437500e+02
2.146934394836425781e+02 1.315814170837402344e+02 3.974232482910156250e+01 1.184410018920898438e+02
2.212255287170410156e+02 1.342809715270996094e+02 3.562223815917968750e+01 1.157056503295898438e+02
2.247881050109863281e+02 1.343274574279785156e+02 3.889915466308593750e+01 1.140707778930664062e+02
2.304244956970214844e+02 1.348409767150878906e+02 3.934783935546875000e+01 1.107564163208007812e+02
2.293959636688232422e+02 1.356202621459960938e+02 4.808291244506835938e+01 1.104037780761718750e+02
2.347226200103759766e+02 1.321366386413574219e+02 5.229504776000976562e+01 1.125078353881835938e+02
2.423728923797607422e+02 1.315749778747558594e+02 5.215270614624023438e+01 1.121071701049804688e+02
2.505356693267822266e+02 1.316477737426757812e+02 4.951346206665039062e+01 1.122489929199218750e+02
2.611658458709716797e+02 1.346538887023925781e+02 4.255334091186523438e+01 1.115743789672851562e+02
2.737403068542480469e+02 1.380309791564941406e+02 3.528598022460937500e+01 1.098584060668945312e+02
2.816702861785888672e+02 1.382562866210937500e+02 3.331402206420898438e+01 1.080844879150390625e+02
2.860433444976806641e+02 1.366917991638183594e+02 3.529933547973632812e+01 1.082339096069335938e+02
2.860830078125000000e+02 1.363718261718750000e+02 4.285361480712890625e+01 1.092922668457031250e+02
2.893481903076171875e+02 1.338349761962890625e+02 4.894287872314453125e+01 1.080700988769531250e+02
2.938777236938476562e+02 1.350046997070312500e+02 5.447347259521484375e+01 1.056550292968750000e+02
3.012165603637695312e+02 1.332761993408203125e+02 5.388634490966796875e+01 1.086119995117187500e+02
3.100023155212402344e+02 1.349454040527343750e+02 4.677915954589843750e+01 1.090601501464843750e+02
3.191563720703125000e+02 1.390946006774902344e+02 4.088217926025390625e+01 1.051565628051757812e+02
3.257147121429443359e+02 1.407922935485839844e+02 3.772100448608398438e+01 1.034378738403320312e+02
3.325704135894775391e+02 1.408324851989746094e+02 3.574003982543945312e+01 1.011331863403320312e+02
3.359777183532714844e+02 1.405251846313476562e+02 3.935954284667968750e+01 1.013306579589843750e+02
3.397445716857910156e+02 1.381443519592285156e+02 3.993173217773437500e+01 9.978176116943359375e+01
3.447059936523437500e+02 1.372425003051757812e+02 4.026203155517578125e+01 9.743574523925781250e+01
3.495518741607666016e+02 1.373392028808593750e+02 4.047780227661132812e+01 9.797203063964843750e+01
3.544977397918701172e+02 1.374443817138671875e+02 3.872361373901367188e+01 9.863368225097656250e+01
3.610385417938232422e+02 1.384866065979003906e+02 3.654020309448242188e+01 9.850225067138671875e+01
3.664041156768798828e+02 1.407467803955078125e+02 3.520369338989257812e+01 9.693786621093750000e+01
3.733887176513671875e+02 1.413347244262695312e+02 3.213188934326171875e+01 9.562292480468750000e+01
3.781272878646850586e+02 1.414673728942871094e+02 3.125214576721191406e+01 9.567374420166015625e+01
3.811280555725097656e+02 1.414403991699218750e+02 3.374934387207031250e+01 9.325624084472656250e+01
3.831982631683349609e+02 1.390920982360839844e+02 3.578004074096679688e+01 9.304750823974609375e+01
3.857379932403564453e+02 1.403772506713867188e+02 3.740573501586914062e+01 9.142735290527343750e+01
3.888005294799804688e+02 1.414086341857910156e+02 3.782324981689453125e+01 9.128725433349609375e+01
3.923598670959472656e+02 1.421914405822753906e+02 3.498152160644531250e+01 9.151427459716796875e+01
3.962885570526123047e+02 1.454317779541015625e+02 3.284672164916992188e+01 8.875091552734375000e+01
3.974522132873535156e+02 1.444022636413574219e+02 3.224133300781250000e+01 8.840573883056640625e+01
3.985613422393798828e+02 1.438289260864257812e+02 3.173846817016601562e+01 8.816273498535156250e+01
4.001365785598754883e+02 1.435848236083984375e+02 3.075350761413574219e+01 8.720697021484375000e+01
4.003508319854736328e+02 1.412962875366210938e+02 3.073949050903320312e+01 8.871726989746093750e+01
4.023688907623291016e+02 1.398174514770507812e+02 3.113287734985351562e+01 8.985061645507812500e+01
4.041297883987426758e+02 1.390428962707519531e+02 3.178840446472167969e+01 8.782859039306640625e+01
4.047413406372070312e+02 1.409200668334960938e+02 3.284468841552734375e+01 8.582385253906250000e+01
4.056819667816162109e+02 1.426462554931640625e+02 3.341395187377929688e+01 8.625556945800781250e+01
4.065968723297119141e+02 1.410131263732910156e+02 3.382661819458007812e+01 8.765949249267578125e+01
4.080652046203613281e+02 1.450988502502441406e+02 3.323345947265625000e+01 8.237107086181640625e+01
4.112818794250488281e+02 1.448096618652343750e+02 3.166096496582031250e+01 8.113825988769531250e+01
4.113334045410156250e+02 1.420085105895996094e+02 3.135681915283203125e+01 8.290802764892578125e+01
4.130097703933715820e+02 1.434086914062500000e+02 3.016517448425292969e+01 8.072726440429687500e+01
4.141010599136352539e+02 1.419339904785156250e+02 2.830457115173339844e+01 8.040509033203125000e+01
4.135269041061401367e+02 1.437654075622558594e+02 2.896927070617675781e+01 7.840338897705078125e+01
4.114016027450561523e+02 1.451315765380859375e+02 3.019547462463378906e+01 7.765498352050781250e+01
4.126820459365844727e+02 1.450226364135742188e+02 2.985143089294433594e+01 7.640773010253906250e+01
4.119782342910766602e+02 1.468223190307617188e+02 2.910924339294433594e+01 7.600819396972656250e+01
4.119138031005859375e+02 1.469296264648437500e+02 2.842534637451171875e+01 7.562280273437500000e+01
4.113723487854003906e+02 1.451620635986328125e+02 2.888555908203125000e+01 7.651203918457031250e+01
4.099276733398437500e+02 1.450318908691406250e+02 3.011429595947265625e+01 7.666308593750000000e+01
4.082860631942749023e+02 1.436887435913085938e+02 3.181807899475097656e+01 7.721035766601562500e+01
4.070938053131103516e+02 1.426257858276367188e+02 3.187318801879882812e+01 7.668109130859375000e+01
4.041237792968750000e+02 1.424720687866210938e+02 3.365215301513671875e+01 7.539443969726562500e+01
4.026026687622070312e+02 1.431283149719238281e+02 3.456002044677734375e+01 7.653023529052734375e+01
4.009738903045654297e+02 1.477375144958496094e+02 3.389658737182617188e+01 7.170760345458984375e+01
4.003304500579833984e+02 1.481848907470703125e+02 3.204194259643554688e+01 6.997688293457031250e+01
3.997583742141723633e+02 1.498324165344238281e+02 3.028777885437011719e+01 6.868947601318359375e+01
3.950675334930419922e+02 1.468447532653808594e+02 3.208683395385742188e+01 6.983823394775390625e+01
3.928116569519042969e+02 1.444331359863281250e+02 3.338523864746093750e+01 7.264529418945312500e+01
3.909835643768310547e+02 1.454604682922363281e+02 3.336837387084960938e+01 7.154634857177734375e+01
3.864559917449951172e+02 1.443773918151855469e+02 3.418529891967773438e+01 7.092360687255859375e+01
3.850394649505615234e+02 1.451259193420410156e+02 3.245887374877929688e+01 6.937383270263671875e+01
3.842759284973144531e+02 1.465155487060546875e+02 2.878312683105468750e+01 6.864131164550781250e+01
3.822955160140991211e+02 1.476122665405273438e+02 2.504857826232910156e+01 6.689292907714843750e+01
3.806756792068481445e+02 1.489582977294921875e+02 2.340958976745605469e+01 6.513182067871093750e+01
3.765297069549560547e+02 1.478338699340820312e+02 2.619126510620117188e+01 6.568728637695312500e+01
3.735959300994873047e+02 1.463875083923339844e+02 2.904793930053710938e+01 6.648967742919921875e+01
3.701547298431396484e+02 1.439461097717285156e+02 3.141962814331054688e+01 6.812049102783203125e+01
3.666343193054199219e+02 1.439495162963867188e+02 3.313215637207031250e+01 6.841377258300781250e+01
3.620921573638916016e+02 1.456765785217285156e+02 3.338995742797851562e+01 6.588320159912109375e+01
3.579159069061279297e+02 1.437628479003906250e+02 3.339660263061523438e+01 6.783897399902343750e+01
3.563707351684570312e+02 1.459828720092773438e+02 3.104514312744140625e+01 6.661584472656250000e+01
3.539581460952758789e+02 1.482845039367675781e+02 2.640932273864746094e+01 6.457675933837890625e+01
3.510768089294433594e+02 1.476968688964843750e+02 2.492179870605468750e+01 6.369535827636718750e+01
3.454394416809082031e+02 1.471158180236816406e+02 2.692666625976562500e+01 6.316819000244140625e+01
3.431912193298339844e+02 1.465430717468261719e+02 2.808186340332031250e+01 6.372643280029296875e+01
3.402259302139282227e+02 1.458934898376464844e+02 3.017828941345214844e+01 6.364040374755859375e+01
3.354103336334228516e+02 1.433662033081054688e+02 3.226018142700195312e+01 6.511636352539062500e+01
3.317518997192382812e+02 1.457151412963867188e+02 3.254257965087890625e+01 6.408537292480468750e+01
3.277648000717163086e+02 1.472768154144287109e+02 2.867255592346191406e+01 6.233438491821289062e+01
3.258880472183227539e+02 1.477643585205078125e+02 2.226419639587402344e+01 6.168417358398437500e+01
3.226007089614868164e+02 1.482586688995361328e+02 2.131145286560058594e+01 6.033446884155273438e+01
3.196378259658813477e+02 1.472967643737792969e+02 2.267476463317871094e+01 6.084221649169921875e+01
3.163576745986938477e+02 1.467201595306396484e+02 2.351239585876464844e+01 6.049956130981445312e+01
3.071926555633544922e+02 1.442395877838134766e+02 3.133694076538085938e+01 6.374290084838867188e+01
3.036291999816894531e+02 1.436480693817138672e+02 3.404182434082031250e+01 6.274400711059570312e+01
2.995496921539306641e+02 1.444081611633300781e+02 3.540524673461914062e+01 6.198848724365234375e+01
2.960740146636962891e+02 1.456247920989990234e+02 3.545309829711914062e+01 5.976625442504882812e+01
2.927164592742919922e+02 1.472222366333007812e+02 3.030392074584960938e+01 5.965385437011718750e+01
2.910202550888061523e+02 1.438471794128417969e+02 2.615732765197753906e+01 6.240930938720703125e+01
2.876686143875122070e+02 1.462135696411132812e+02 2.613104057312011719e+01 5.997688293457031250e+01
2.845932445526123047e+02 1.472243213653564453e+02 2.282346725463867188e+01 5.866837692260742188e+01
2.791668930053710938e+02 1.460759658813476562e+02 2.285903167724609375e+01 5.976071166992187500e+01
2.744948682785034180e+02 1.452561779022216797e+02 2.584637641906738281e+01 5.898064041137695312e+01
2.690696640014648438e+02 1.437749748229980469e+02 2.951506805419921875e+01 6.040772247314453125e+01
2.654806985855102539e+02 1.442457847595214844e+02 3.141455650329589844e+01 6.134539031982421875e+01
2.605431270599365234e+02 1.450168399810791016e+02 3.292245101928710938e+01 5.901105880737304688e+01
2.570319900512695312e+02 1.464915904998779297e+02 3.090398406982421875e+01 5.877415847778320312e+01
2.554819278717041016e+02 1.476892299652099609e+02 2.771760940551757812e+01 5.764314651489257812e+01
2.521455774307250977e+02 1.458272247314453125e+02 2.018637657165527344e+01 5.889558410644531250e+01
2.471905956268310547e+02 1.476403388977050781e+02 2.114559555053710938e+01 5.691217803955078125e+01
2.422962121963500977e+02 1.453521842956542969e+02 2.138278770446777344e+01 5.776923370361328125e+01
2.372326211929321289e+02 1.422850437164306641e+02 2.668736839294433594e+01 5.972866439819335938e+01
2.319897661209106445e+02 1.430228347778320312e+02 2.948908805847167969e+01 5.979885864257812500e+01
2.248665733337402344e+02 1.421668338775634766e+02 3.267974853515625000e+01 6.093252182006835938e+01
2.203711795806884766e+02 1.429236335754394531e+02 3.409042739868164062e+01 5.974887847900390625e+01
2.165311813354492188e+02 1.450821800231933594e+02 3.428125762939453125e+01 6.025139617919921875e+01
2.131489048004150391e+02 1.439192714691162109e+02 3.278061294555664062e+01 6.077200698852539062e+01
1.720142154693603516e+02 1.307522811889648438e+02 2.852831649780273438e+01 9.777438354492187500e+01
1.742627906799316406e+02 1.264598159790039062e+02 3.370790863037109375e+01 1.018563385009765625e+02
1.772618999481201172e+02 1.280307731628417969e+02 4.228134536743164062e+01 1.010281753540039062e+02
1.775581130981445312e+02 1.275429000854492188e+02 4.425337219238281250e+01 9.892677307128906250e+01
1.821162395477294922e+02 1.275173721313476562e+02 4.337457656860351562e+01 9.917533874511718750e+01
1.859142036437988281e+02 1.278169937133789062e+02 4.523778533935546875e+01 9.892549133300781250e+01
1.958522052764892578e+02 1.284785003662109375e+02 3.998928451538085938e+01 1.010836486816406250e+02
2.028778190612792969e+02 1.277451744079589844e+02 3.931412506103515625e+01 1.011614303588867188e+02
2.128570232391357422e+02 1.289147224426269531e+02 3.267370986938476562e+01 1.002582015991210938e+02
2.183209342956542969e+02 1.283757743835449219e+02 3.253914642333984375e+01 9.926052093505859375e+01
2.223840293884277344e+02 1.283450431823730469e+02 3.296059417724609375e+01 9.897713470458984375e+01
2.244798774719238281e+02 1.277808685302734375e+02 3.739899444580078125e+01 1.008591461181640625e+02
2.257011795043945312e+02 1.268475227355957031e+02 4.266744995117187500e+01 1.014704971313476562e+02
2.287835254669189453e+02 1.262341270446777344e+02 4.637458419799804688e+01 1.001463546752929688e+02
2.341283226013183594e+02 1.273091506958007812e+02 4.825020599365234375e+01 1.000746765136718750e+02
2.429144515991210938e+02 1.289903182983398438e+02 4.343103027343750000e+01 1.006552124023437500e+02
2.551885757446289062e+02 1.298280143737792969e+02 3.610031127929687500e+01 9.907219696044921875e+01
2.624647560119628906e+02 1.286407775878906250e+02 3.531989288330078125e+01 1.003048095703125000e+02
2.648389701843261719e+02 1.308491210937500000e+02 3.676155853271484375e+01 9.762152099609375000e+01
2.714411087036132812e+02 1.298634796142578125e+02 3.569866943359375000e+01 9.843347167968750000e+01
2.757233314514160156e+02 1.301103363037109375e+02 3.662259674072265625e+01 9.695895385742187500e+01
2.775027217864990234e+02 1.305494155883789062e+02 3.867769241333007812e+01 9.775033569335937500e+01
2.830891933441162109e+02 1.301531753540039062e+02 3.979549026489257812e+01 9.631929016113281250e+01
2.870786170959472656e+02 1.312259292602539062e+02 4.096428680419921875e+01 9.451429748535156250e+01
2.929176979064941406e+02 1.307130012512207031e+02 3.806227874755859375e+01 9.655829620361328125e+01
2.989491500854492188e+02 1.356425666809082031e+02 3.682582092285156250e+01 9.227765655517578125e+01
3.062883167266845703e+02 1.326605110168457031e+02 3.481017684936523438e+01 9.501198577880859375e+01
3.121898326873779297e+02 1.326909942626953125e+02 3.326846694946289062e+01 9.179461669921875000e+01
3.164955348968505859e+02 1.333779335021972656e+02 3.270561599731445312e+01 9.188451385498046875e+01
3.186743774414062500e+02 1.323752403259277344e+02 3.468344116210937500e+01 9.566342926025390625e+01
3.196623764038085938e+02 1.315715980529785156e+02 3.846282958984375000e+01 9.480127716064453125e+01
3.225956764221191406e+02 1.325508918762207031e+02 4.234432220458984375e+01 9.278528594970703125e+01
3.268747463226318359e+02 1.325552101135253906e+02 4.280684280395507812e+01 9.322589874267578125e+01
3.329331455230712891e+02 1.339042167663574219e+02 4.064970016479492188e+01 9.218216705322265625e+01
3.378078804016113281e+02 1.366441917419433594e+02 3.792093658447265625e+01 9.068445587158203125e+01
3.414470977783203125e+02 1.365668144226074219e+02 3.702410888671875000e+01 9.032018280029296875e+01
3.438703002929687500e+02 1.362046813964843750e+02 3.559704589843750000e+01 8.981787109375000000e+01
3.470928344726562500e+02 1.346606292724609375e+02 3.472718811035156250e+01 9.129797363281250000e+01
3.491565513610839844e+02 1.342074050903320312e+02 3.504326629638671875e+01 9.141198730468750000e+01
3.503823242187500000e+02 1.346186828613281250e+02 3.570318603515625000e+01 8.897790527343750000e+01
3.529288883209228516e+02 1.319020500183105469e+02 3.483520126342773438e+01 9.121224212646484375e+01
3.550552062988281250e+02 1.320859451293945312e+02 3.458609008789062500e+01 8.932542419433593750e+01
3.581335449218750000e+02 1.333200073242187500e+02 3.349861145019531250e+01 8.865950012207031250e+01
3.571988182067871094e+02 1.325917472839355469e+02 3.597985076904296875e+01 8.991449737548828125e+01
3.605809650421142578e+02 1.315415077209472656e+02 3.425840377807617188e+01 9.190222930908203125e+01
3.653868436813354492e+02 1.317307167053222656e+02 3.155344581604003906e+01 8.994681549072265625e+01
3.640690841674804688e+02 1.305456123352050781e+02 3.310841369628906250e+01 9.281917572021484375e+01
3.671791515350341797e+02 1.310331916809082031e+02 3.038626480102539062e+01 9.224349212646484375e+01
3.677905874252319336e+02 1.299099082946777344e+02 2.996493721008300781e+01 9.299521636962890625e+01
3.681052360534667969e+02 1.302489089965820312e+02 2.796463775634765625e+01 9.300477600097656250e+01
3.682511167526245117e+02 1.299499359130859375e+02 2.765862464904785156e+01 9.037902832031250000e+01
3.675853290557861328e+02 1.310570030212402344e+02 2.807644271850585938e+01 9.033376312255859375e+01
3.644448814392089844e+02 1.316347961425781250e+02 3.023069000244140625e+01 8.973495483398437500e+01
3.653693695068359375e+02 1.330588684082031250e+02 2.967552185058593750e+01 8.719531250000000000e+01
3.663829631805419922e+02 1.331691284179687500e+02 2.850505447387695312e+01 8.662059020996093750e+01
3.653953218460083008e+02 1.351720466613769531e+02 2.871282005310058594e+01 8.421537017822265625e+01
3.653842964172363281e+02 1.349505386352539062e+02 2.856748199462890625e+01 8.464616394042968750e+01
3.645992765426635742e+02 1.338740539550781250e+02 2.857924842834472656e+01 8.454495239257812500e+01
3.646803188323974609e+02 1.334907989501953125e+02 2.765723037719726562e+01 8.461691284179687500e+01
3.617756185531616211e+02 1.330405731201171875e+02 2.910765266418457031e+01 8.557037353515625000e+01
3.629271011352539062e+02 1.347703056335449219e+02 2.817640686035156250e+01 8.328989410400390625e+01
3.605599174499511719e+02 1.356760444641113281e+02 2.815334320068359375e+01 8.257360076904296875e+01
3.593618507385253906e+02 1.381586723327636719e+02 2.858176422119140625e+01 7.917777252197265625e+01
3.578064794540405273e+02 1.373445320129394531e+02 2.877746772766113281e+01 7.938555145263671875e+01
3.560394248962402344e+02 1.371347198486328125e+02 2.739119720458984375e+01 7.887579345703125000e+01
3.534755363464355469e+02 1.361301651000976562e+02 2.777010345458984375e+01 7.998573303222656250e+01
3.511999816894531250e+02 1.365016593933105469e+02 2.822790527343750000e+01 7.831914520263671875e+01
3.504447431564331055e+02 1.359337997436523438e+02 2.811115455627441406e+01 7.856088256835937500e+01
3.481691141128540039e+02 1.366983261108398438e+02 2.725416374206542969e+01 7.729168701171875000e+01
3.481332511901855469e+02 1.377540817260742188e+02 2.685120391845703125e+01 7.693418884277343750e+01
3.458831119537353516e+02 1.376876335144042969e+02 2.658686447143554688e+01 7.752042388916015625e+01
3.442643089294433594e+02 1.384262657165527344e+02 2.565448760986328125e+01 7.729274749755859375e+01
3.426837139129638672e+02 1.382270088195800781e+02 2.517486953735351562e+01 7.571079254150390625e+01
3.437291650772094727e+02 1.391532821655273438e+02 2.250134086608886719e+01 7.382594299316406250e+01
3.411839418411254883e+02 1.401000213623046875e+02 2.546718406677246094e+01 7.344152832031250000e+01
3.368743658065795898e+02 1.391092987060546875e+02 2.854919624328613281e+01 7.412364196777343750e+01
3.338602437973022461e+02 1.371415596008300781e+02 2.911053657531738281e+01 7.532936859130859375e+01
3.340348529815673828e+02 1.387408485412597656e+02 2.904883956909179688e+01 7.440706634521484375e+01
3.292856550216674805e+02 1.379476852416992188e+02 3.138802528381347656e+01 7.560964965820312500e+01
3.312416572570800781e+02 1.403214645385742188e+02 2.618830108642578125e+01 7.341926574707031250e+01
3.266913661956787109e+02 1.408758811950683594e+02 2.684250259399414062e+01 7.181230926513671875e+01
3.228929805755615234e+02 1.413239402770996094e+02 2.672137832641601562e+01 7.031766510009765625e+01
3.205526390075683594e+02 1.426261291503906250e+02 2.600437164306640625e+01 6.964025878906250000e+01
3.193828325271606445e+02 1.416325111389160156e+02 2.445023155212402344e+01 6.883673858642578125e+01
3.170171051025390625e+02 1.404161682128906250e+02 2.387112426757812500e+01 6.960176086425781250e+01
3.142275962829589844e+02 1.402608947753906250e+02 2.312337493896484375e+01 6.994183349609375000e+01
3.122272386550903320e+02 1.399430465698242188e+02 2.547902488708496094e+01 7.075566101074218750e+01
3.075093097686767578e+02 1.382638092041015625e+02 2.523543930053710938e+01 7.242208862304687500e+01
3.055588750839233398e+02 1.385113601684570312e+02 2.359187507629394531e+01 7.191921997070312500e+01
3.015970821380615234e+02 1.385734062194824219e+02 2.488449478149414062e+01 7.095954132080078125e+01
3.015416641235351562e+02 1.358764038085937500e+02 2.272752380371093750e+01 7.274829101562500000e+01
2.998784713745117188e+02 1.364174575805664062e+02 2.302911376953125000e+01 6.976979064941406250e+01
2.963017673492431641e+02 1.363208694458007812e+02 2.657043075561523438e+01 7.274301147460937500e+01
2.929475688934326172e+02 1.361980018615722656e+02 2.683206558227539062e+01 7.201576995849609375e+01
2.896392421722412109e+02 1.353929595947265625e+02 2.912598037719726562e+01 7.367407226562500000e+01
2.859595651626586914e+02 1.350271911621093750e+02 3.142773246765136719e+01 7.372943115234375000e+01
2.854474267959594727e+02 1.356670417785644531e+02 2.932829093933105469e+01 7.350634002685546875e+01
2.827960481643676758e+02 1.351399879455566406e+02 2.734018516540527344e+01 7.352114105224609375e+01
2.811113119125366211e+02 1.343236045837402344e+02 2.487843513488769531e+01 7.432213592529296875e+01
2.779686574935913086e+02 1.350940666198730469e+02 2.437573432922363281e+01 7.398441314697265625e+01
2.748468866348266602e+02 1.356718292236328125e+02 2.407264518737792969e+01 7.296572875976562500e+01
2.710910758972167969e+02 1.359978752136230469e+02 2.434287261962890625e+01 7.213327789306640625e+01
2.682994079589843750e+02 1.353300018310546875e+02 2.586544799804687500e+01 7.240469360351562500e+01
2.645793132781982422e+02 1.351638526916503906e+02 2.620230484008789062e+01 7.219794464111328125e+01
2.599399070739746094e+02 1.359945869445800781e+02 2.962604522705078125e+01 7.183046722412109375e+01
2.586238088607788086e+02 1.384483604431152344e+02 2.896542549133300781e+01 6.970569610595703125e+01
2.568130664825439453e+02 1.371816368103027344e+02 2.357400131225585938e+01 7.110698699951171875e+01
2.549832658767700195e+02 1.368280487060546875e+02 2.014558982849121094e+01 7.024618530273437500e+01
2.510490970611572266e+02 1.396751937866210938e+02 1.996651840209960938e+01 6.845222473144531250e+01
2.480462980270385742e+02 1.387644271850585938e+02 2.155182838439941406e+01 6.780880737304687500e+01
2.449813365936279297e+02 1.394174575805664062e+02 2.263486099243164062e+01 6.708056640625000000e+01
2.401857204437255859e+02 1.388910217285156250e+02 2.755344009399414062e+01 6.721057128906250000e+01
2.378628435134887695e+02 1.386751594543457031e+02 2.884335899353027344e+01 6.678676605224609375e+01
2.331261720657348633e+02 1.383423805236816406e+02 3.048904991149902344e+01 6.734243011474609375e+01
2.322334308624267578e+02 1.390798912048339844e+02 2.798182296752929688e+01 6.826168060302734375e+01
2.286695699691772461e+02 1.371873817443847656e+02 2.738276863098144531e+01 6.915865325927734375e+01
2.263792648315429688e+02 1.388806343078613281e+02 2.444883728027343750e+01 6.797695159912109375e+01
2.206937961578369141e+02 1.378801918029785156e+02 2.466376876831054688e+01 6.833371734619140625e+01
1.615364484786987305e+02 1.368776435852050781e+02 2.734576988220214844e+01 9.295944976806640625e+01
1.649754629135131836e+02 1.401307334899902344e+02 3.053707695007324219e+01 8.904753875732421875e+01
1.669774341583251953e+02 1.401565589904785156e+02 3.396593475341796875e+01 8.852550506591796875e+01
1.717323513031005859e+02 1.372610931396484375e+02 3.509465026855468750e+01 9.057331848144531250e+01
1.756657943725585938e+02 1.350699958801269531e+02 3.863778305053710938e+01 9.055281829833984375e+01
1.844033565521240234e+02 1.342810668945312500e+02 4.083462524414062500e+01 9.222717285156250000e+01
1.834815826416015625e+02 1.353096275329589844e+02 4.324442672729492188e+01 9.165639495849609375e+01
1.888180122375488281e+02 1.373630752563476562e+02 4.257342910766601562e+01 9.075558471679687500e+01
1.965258502960205078e+02 1.351014480590820312e+02 3.746225738525390625e+01 9.385311889648437500e+01
2.118757324218750000e+02 1.379190597534179688e+02 2.843369674682617188e+01 9.108076477050781250e+01
2.163151569366455078e+02 1.390190811157226562e+02 2.993837738037109375e+01 8.829190063476562500e+01
2.222575502395629883e+02 1.393449401855468750e+02 2.999418830871582031e+01 8.662651062011718750e+01
2.246189308166503906e+02 1.350756835937500000e+02 3.293660354614257812e+01 9.141043090820312500e+01
2.267683830261230469e+02 1.358805313110351562e+02 3.704458999633789062e+01 8.871910095214843750e+01
2.307637195587158203e+02 1.355117645263671875e+02 4.212226104736328125e+01 8.943280029296875000e+01
2.356587429046630859e+02 1.368958587646484375e+02 4.360668945312500000e+01 8.851521301269531250e+01
2.417560234069824219e+02 1.371057586669921875e+02 4.292912673950195312e+01 8.931526184082031250e+01
2.508648834228515625e+02 1.385388412475585938e+02 3.700696945190429688e+01 8.868856811523437500e+01
2.643316688537597656e+02 1.402744789123535156e+02 2.752272415161132812e+01 8.726665496826171875e+01
2.691756725311279297e+02 1.408838119506835938e+02 2.824969482421875000e+01 8.688612365722656250e+01
2.727165918350219727e+02 1.403492736816406250e+02 3.116674232482910156e+01 8.595875549316406250e+01
2.777785930633544922e+02 1.409188957214355469e+02 3.091976928710937500e+01 8.506464385986328125e+01
2.794145030975341797e+02 1.392388992309570312e+02 3.400482177734375000e+01 8.685612487792968750e+01
2.832178001403808594e+02 1.374707031250000000e+02 3.636673355102539062e+01 8.701432800292968750e+01
2.865804271697998047e+02 1.371064910888671875e+02 4.003607177734375000e+01 8.741348266601562500e+01
2.928555698394775391e+02 1.399956703186035156e+02 3.871462249755859375e+01 8.609529876708984375e+01
2.996930522918701172e+02 1.399611701965332031e+02 3.623442077636718750e+01 8.694954681396484375e+01
3.138843336105346680e+02 1.402897987365722656e+02 2.640042686462402344e+01 8.752111053466796875e+01
3.169513740539550781e+02 1.408020286560058594e+02 2.673830032348632812e+01 8.442586517333984375e+01
3.232660436630249023e+02 1.403903808593750000e+02 2.565824699401855469e+01 8.437017822265625000e+01
3.243432559967041016e+02 1.400078201293945312e+02 3.042000579833984375e+01 8.583853149414062500e+01
3.277591075897216797e+02 1.401662712097167969e+02 3.538012695312500000e+01 8.500418853759765625e+01
3.318898448944091797e+02 1.393232498168945312e+02 4.047691345214843750e+01 8.385533142089843750e+01
3.336839714050292969e+02 1.393221931457519531e+02 4.419868850708007812e+01 8.457106781005859375e+01
3.428367462158203125e+02 1.374111175537109375e+02 3.978507614135742188e+01 8.755628967285156250e+01
3.466991596221923828e+02 1.424269447326660156e+02 3.855638885498046875e+01 8.334635162353515625e+01
3.540683250427246094e+02 1.438164749145507812e+02 3.284129714965820312e+01 8.257789611816406250e+01
3.621006193161010742e+02 1.447978744506835938e+02 2.744421958923339844e+01 8.145301818847656250e+01
3.670062503814697266e+02 1.452213325500488281e+02 2.559888458251953125e+01 8.074042510986328125e+01
3.705052433013916016e+02 1.434233283996582031e+02 2.572873687744140625e+01 8.237232208251953125e+01
3.735362339019775391e+02 1.426844863891601562e+02 2.680403900146484375e+01 8.218273925781250000e+01
3.730641956329345703e+02 1.415376472473144531e+02 3.192539215087890625e+01 8.113845062255859375e+01
3.775353813171386719e+02 1.415496826171875000e+02 3.231435012817382812e+01 8.140744018554687500e+01
3.801977787017822266e+02 1.438673439025878906e+02 3.385092926025390625e+01 7.853907012939453125e+01
3.847979259490966797e+02 1.430456161499023438e+02 3.259971618652343750e+01 8.041110229492187500e+01
3.883237533569335938e+02 1.452442932128906250e+02 3.077210617065429688e+01 7.826333618164062500e+01
3.915256919860839844e+02 1.455914840698242188e+02 3.014065933227539062e+01 7.911940002441406250e+01
3.965325813293457031e+02 1.454193649291992188e+02 2.782063674926757812e+01 7.737673950195312500e+01
3.990324230194091797e+02 1.455368766784667969e+02 2.856626892089843750e+01 7.699001312255859375e+01
4.020120677947998047e+02 1.439735069274902344e+02 2.941549682617187500e+01 7.865291595458984375e+01
4.040866174697875977e+02 1.431065597534179688e+02 3.151012611389160156e+01 7.777165222167968750e+01
4.059378356933593750e+02 1.461867752075195312e+02 3.257098007202148438e+01 7.585296630859375000e+01
4.065041103363037109e+02 1.441732368469238281e+02 3.357284545898437500e+01 7.808849334716796875e+01
4.093446207046508789e+02 1.454257698059082031e+02 3.177456092834472656e+01 7.749356842041015625e+01
4.109143581390380859e+02 1.472444877624511719e+02 3.109962463378906250e+01 7.532209014892578125e+01
4.116825714111328125e+02 1.487991447448730469e+02 3.045548629760742188e+01 7.367032623291015625e+01
4.104343767166137695e+02 1.473508148193359375e+02 3.192947578430175781e+01 7.474517822265625000e+01
4.104823017120361328e+02 1.459371833801269531e+02 3.147086334228515625e+01 7.620674896240234375e+01
4.098230714797973633e+02 1.456887969970703125e+02 3.110573005676269531e+01 7.574021911621093750e+01
4.097380580902099609e+02 1.444367942810058594e+02 3.127169799804687500e+01 7.711791229248046875e+01
4.091615800857543945e+02 1.437822227478027344e+02 3.183235359191894531e+01 7.829329681396484375e+01
4.087192373275756836e+02 1.433816795349121094e+02 3.173252677917480469e+01 7.703913116455078125e+01
4.082277622222900391e+02 1.467809791564941406e+02 3.234780120849609375e+01 7.390775299072265625e+01
4.081471681594848633e+02 1.465851020812988281e+02 3.184169197082519531e+01 7.346674346923828125e+01
4.067678794860839844e+02 1.488536987304687500e+02 3.219112014770507812e+01 7.208355712890625000e+01
4.065572881698608398e+02 1.481239738464355469e+02 3.055483818054199219e+01 7.191048431396484375e+01
4.039207038879394531e+02 1.464490470886230469e+02 3.131050491333007812e+01 7.257143402099609375e+01
4.025671758651733398e+02 1.448709526062011719e+02 3.054568290710449219e+01 7.401435089111328125e+01
4.007462577819824219e+02 1.444074211120605469e+02 3.100607681274414062e+01 7.412119293212890625e+01
4.002598600387573242e+02 1.434642448425292969e+02 3.084087181091308594e+01 7.539402008056640625e+01
3.986295366287231445e+02 1.434998397827148438e+02 3.022763252258300781e+01 7.445982360839843750e+01
3.967535085678100586e+02 1.449409599304199219e+02 2.922851371765136719e+01 7.295755767822265625e+01
3.959180250167846680e+02 1.465645294189453125e+02 2.785135459899902344e+01 7.089712524414062500e+01
3.939227685928344727e+02 1.485945816040039062e+02 2.688271522521972656e+01 6.828018188476562500e+01
3.948606653213500977e+02 1.497046775817871094e+02 2.312012672424316406e+01 6.680998992919921875e+01
3.932317991256713867e+02 1.480316543579101562e+02 2.332039451599121094e+01 6.812126159667968750e+01
3.898869771957397461e+02 1.466461715698242188e+02 2.606341361999511719e+01 7.017994689941406250e+01
3.863262243270874023e+02 1.453916206359863281e+02 2.938216972351074219e+01 7.080460357666015625e+01
3.832605209350585938e+02 1.458181762695312500e+02 3.176211166381835938e+01 7.011473083496093750e+01
3.811534919738769531e+02 1.454460525512695312e+02 3.204777908325195312e+01 7.022337341308593750e+01
3.789348316192626953e+02 1.448447456359863281e+02 3.280484771728515625e+01 7.028121185302734375e+01
3.767535591125488281e+02 1.481237525939941406e+02 3.136502456665039062e+01 6.758043670654296875e+01
3.747909955978393555e+02 1.479545059204101562e+02 2.867227745056152344e+01 6.779193115234375000e+01
3.730334491729736328e+02 1.470160751342773438e+02 2.384732818603515625e+01 6.810873413085937500e+01
3.713387670516967773e+02 1.465990219116210938e+02 2.488398551940917969e+01 6.783175659179687500e+01
3.692358837127685547e+02 1.449878540039062500e+02 2.442729187011718750e+01 6.858503723144531250e+01
3.672153568267822266e+02 1.447104988098144531e+02 2.506993865966796875e+01 6.843470001220703125e+01
3.641259002685546875e+02 1.436654319763183594e+02 2.565418624877929688e+01 6.905785369873046875e+01
3.632061491012573242e+02 1.424531364440917969e+02 2.575601768493652344e+01 6.990280914306640625e+01
3.590131874084472656e+02 1.439612274169921875e+02 2.791827774047851562e+01 6.849237060546875000e+01
3.590818586349487305e+02 1.441058197021484375e+02 2.508934593200683594e+01 6.840827941894531250e+01
3.566366691589355469e+02 1.480749816894531250e+02 2.397479629516601562e+01 6.354476928710937500e+01
3.551970119476318359e+02 1.483740997314453125e+02 2.171434020996093750e+01 6.334266662597656250e+01
3.526232509613037109e+02 1.472287521362304688e+02 2.114424133300781250e+01 6.387586975097656250e+01
3.500503721237182617e+02 1.470899314880371094e+02 2.314461326599121094e+01 6.457253265380859375e+01
3.470473117828369141e+02 1.467674217224121094e+02 2.653218841552734375e+01 6.375637054443359375e+01
3.435779647827148438e+02 1.450962524414062500e+02 2.896461105346679688e+01 6.560719299316406250e+01
3.411678075790405273e+02 1.450233840942382812e+02 3.023382377624511719e+01 6.561360168457031250e+01
3.372328243255615234e+02 1.454542007446289062e+02 3.225991821289062500e+01 6.523968505859375000e+01
3.362429847717285156e+02 1.468429126739501953e+02 3.104748916625976562e+01 6.370885848999023438e+01
3.336820249557495117e+02 1.461759052276611328e+02 2.845039939880371094e+01 6.385705184936523438e+01
3.327505817413330078e+02 1.477542133331298828e+02 2.510625457763671875e+01 6.150057601928710938e+01
3.301890411376953125e+02 1.460991687774658203e+02 2.409751510620117188e+01 6.210726547241210938e+01
3.253125200271606445e+02 1.450810070037841797e+02 2.553882026672363281e+01 6.360469436645507812e+01
3.251853656768798828e+02 1.440354843139648438e+02 2.452677154541015625e+01 6.450785827636718750e+01
3.208228006362915039e+02 1.446716804504394531e+02 2.778026771545410156e+01 6.425672149658203125e+01
3.173329372406005859e+02 1.431913909912109375e+02 2.958715820312500000e+01 6.470925903320312500e+01
3.163546648025512695e+02 1.459330081939697266e+02 2.713745307922363281e+01 6.165012741088867188e+01
3.142940664291381836e+02 1.458520603179931641e+02 2.288935661315917969e+01 6.162491989135742188e+01
3.124741125106811523e+02 1.461353206634521484e+02 2.056161308288574219e+01 6.164683914184570312e+01
3.064450731277465820e+02 1.472394523620605469e+02 2.291241645812988281e+01 6.034325408935546875e+01
3.049713659286499023e+02 1.470578327178955078e+02 2.292529106140136719e+01 5.972053146362304688e+01
3.013262977600097656e+02 1.455005435943603516e+02 2.507544326782226562e+01 6.170414352416992188e+01
2.985619535446166992e+02 1.426822509765625000e+02 2.721889305114746094e+01 6.437200927734375000e+01
2.947456645965576172e+02 1.431862773895263672e+02 2.984129333496093750e+01 6.225706863403320312e+01
2.920485591888427734e+02 1.433256034851074219e+02 3.124946594238281250e+01 6.266834259033203125e+01
2.879536876678466797e+02 1.421139812469482422e+02 3.244512939453125000e+01 6.393634414672851562e+01
2.866333217620849609e+02 1.430419845581054688e+02 3.078205871582031250e+01 6.257051086425781250e+01
2.857451419830322266e+02 1.446100883483886719e+02 2.505587005615234375e+01 6.245284271240234375e+01
2.828614473342895508e+02 1.435514259338378906e+02 2.149778938293457031e+01 6.305614471435546875e+01
2.800919160842895508e+02 1.448936958312988281e+02 2.153849983215332031e+01 6.091631317138671875e+01
2.775128107070922852e+02 1.449396839141845703e+02 2.294703102111816406e+01 6.025100326538085938e+01
2.744959897994995117e+02 1.443232040405273438e+02 2.259860801696777344e+01 5.990028381347656250e+01
2.702515163421630859e+02 1.449601707458496094e+02 2.536587524414062500e+01 5.983896636962890625e+01
2.663183479309082031e+02 1.441871147155761719e+02 2.706987380981445312e+01 6.035443878173828125e+01
2.630001506805419922e+02 1.451743469238281250e+02 2.716088867187500000e+01 6.066549682617187500e+01
2.623891668319702148e+02 1.451995124816894531e+02 2.389045524597167969e+01 6.086048126220703125e+01
2.583554363250732422e+02 1.459436569213867188e+02 2.199501037597656250e+01 5.865092468261718750e+01
2.568680953979492188e+02 1.466222534179687500e+02 1.917889022827148438e+01 5.822119140625000000e+01
2.545636854171752930e+02 1.446833038330078125e+02 1.906479454040527344e+01 5.930883789062500000e+01
2.497686691284179688e+02 1.444934177398681641e+02 2.271084213256835938e+01 5.978171920776367188e+01
2.459644947052001953e+02 1.446763496398925781e+02 2.598271942138671875e+01 5.913799285888671875e+01
2.419855384826660156e+02 1.433906383514404297e+02 2.862883377075195312e+01 6.006119155883789062e+01
2.389575777053833008e+02 1.439287414550781250e+02 3.035240364074707031e+01 6.039518737792968750e+01
2.354193611145019531e+02 1.428480930328369141e+02 3.089171218872070312e+01 6.207307052612304688e+01
2.321602544784545898e+02 1.436714897155761719e+02 2.962142753601074219e+01 6.006508636474609375e+01
2.333417310714721680e+02 1.441472778320312500e+02 2.339827537536621094e+01 5.995957946777343750e+01
2.270542631149291992e+02 1.430620555877685547e+02 2.291208457946777344e+01 6.075391006469726562e+01
2.251775360107421875e+02 1.448787231445312500e+02 2.033053207397460938e+01 5.909651184082031250e+01
2.233204383850097656e+02 1.458391666412353516e+02 2.031486892700195312e+01 5.741703414916992188e+01
2.195700225830078125e+02 1.439732551574707031e+02 2.283071517944335938e+01 5.851628875732421875e+01
2.159490776062011719e+02 1.431168212890625000e+02 2.501303482055664062e+01 5.940693664550781250e+01
2.128410367965698242e+02 1.435713386535644531e+02 2.580309104919433594e+01 5.902378082275390625e+01
2.089767694473266602e+02 1.424556865692138672e+02 2.834621620178222656e+01 5.974133682250976562e+01
2.058424987792968750e+02 1.454220848083496094e+02 2.713982772827148438e+01 5.725756072998046875e+01
2.041934289932250977e+02 1.467500152587890625e+02 2.380271339416503906e+01 5.640032958984375000e+01
1.993567066192626953e+02 1.463282051086425781e+02 2.219205474853515625e+01 5.609627532958984375e+01
1.993476076126098633e+02 1.467826786041259766e+02 1.917105293273925781e+01 5.667789840698242188e+01
1.960185022354125977e+02 1.457832412719726562e+02 1.908880043029785156e+01 5.676339721679687500e+01
1.914410610198974609e+02 1.461304073333740234e+02 2.053127288818359375e+01 5.602804946899414062e+01
1.886237850189208984e+02 1.444741058349609375e+02 2.340105438232421875e+01 5.695593261718750000e+01
1.848811397552490234e+02 1.458494338989257812e+02 2.697486114501953125e+01 5.631118774414062500e+01
1.809659719467163086e+02 1.440591163635253906e+02 2.935056114196777344e+01 5.846610260009765625e+01
1.778598937988281250e+02 1.445128326416015625e+02 2.915849685668945312e+01 5.892547607421875000e+01
1.773274211883544922e+02 1.447979068756103516e+02 2.598139190673828125e+01 5.865932846069335938e+01
1.746082696914672852e+02 1.452452507019042969e+02 2.027516365051269531e+01 5.726450347900390625e+01
1.728595018386840820e+02 1.447484531402587891e+02 1.696441078186035156e+01 5.871062850952148438e+01
1.686797113418579102e+02 1.431729850769042969e+02 1.845674324035644531e+01 5.931396484375000000e+01
1.663782768249511719e+02 1.447617835998535156e+02 1.981574630737304688e+01 5.757833862304687500e+01
1.621425008773803711e+02 1.418109607696533203e+02 2.320613670349121094e+01 5.845239639282226562e+01
1.571841621398925781e+02 1.411886234283447266e+02 2.511454391479492188e+01 6.006766128540039062e+01
1.522751531600952148e+02 1.426543579101562500e+02 2.880112266540527344e+01 5.850844573974609375e+01
1.480978803634643555e+02 1.427919425964355469e+02 3.183730888366699219e+01 5.821302795410156250e+01
1.437229423522949219e+02 1.446384944915771484e+02 3.350025558471679688e+01 5.828145980834960938e+01
1.431675024032592773e+02 1.415456027984619141e+02 3.108821678161621094e+01 6.164885330200195312e+01
1.420009880065917969e+02 1.467987403869628906e+02 2.891888046264648438e+01 5.610235595703125000e+01
1.425590677261352539e+02 1.444703426361083984e+02 2.292355537414550781e+01 5.691913986206054688e+01
1.400040988922119141e+02 1.447368316650390625e+02 2.025831604003906250e+01 5.648314666748046875e+01
1.406017713546752930e+02 1.457270908355712891e+02 1.851936149597167969e+01 5.566188430786132812e+01
1.394383325576782227e+02 1.452757511138916016e+02 1.891566658020019531e+01 5.666485977172851562e+01
1.361629114151000977e+02 1.449068298339843750e+02 2.031664466857910156e+01 5.746910858154296875e+01
1.324341220855712891e+02 1.445268402099609375e+02 2.041631317138671875e+01 5.727512359619140625e+01
1.289736070632934570e+02 1.435723953247070312e+02 2.348716926574707031e+01 5.902974700927734375e+01
1.276313219070434570e+02 1.444824295043945312e+02 2.405340766906738281e+01 5.702544403076171875e+01
1.269038381576538086e+02 1.426413249969482422e+02 2.204002189636230469e+01 6.208501815795898438e+01
1.263636722564697266e+02 1.426379699707031250e+02 2.021628570556640625e+01 5.977236175537109375e+01
1.250203619003295898e+02 1.387835083007812500e+02 1.957897758483886719e+01 7.420841217041015625e+01
1.031892395019531250e+02 1.355806350708007812e+02 3.327605056762695312e+01 1.158268508911132812e+02
9.332222175598143110e+01 1.359022254943847656e+02 4.518945312500001421e+01 1.186272583007812500e+02
9.768839454650878906e+01 1.347509956359863281e+02 4.140663146972656250e+01 1.197651672363281250e+02
1.020265331268310547e+02 1.339491691589355469e+02 3.794065093994140625e+01 1.198739776611328125e+02
1.020219001770019531e+02 1.344538917541503906e+02 3.752437973022460938e+01 1.204284057617187500e+02
1.035760993957519531e+02 1.352264747619628906e+02 3.658233261108398438e+01 1.191590270996093750e+02
1.049905586242675781e+02 1.360100860595703125e+02 3.804012680053710938e+01 1.182912979125976562e+02
1.053138389587402344e+02 1.360645027160644531e+02 3.719199752807617188e+01 1.180059509277343750e+02
1.069724941253662109e+02 1.346990737915039062e+02 3.827825164794921875e+01 1.187215194702148438e+02
1.077807788848876953e+02 1.363100738525390625e+02 3.661889648437500000e+01 1.178732986450195312e+02
1.077596168518066406e+02 1.360937156677246094e+02 3.862542343139648438e+01 1.168591461181640625e+02
1.048134670257568359e+02 1.392980384826660156e+02 4.249614715576171875e+01 1.132105102539062500e+02
9.880978012084960938e+01 1.388319892883300781e+02 4.885663986206054688e+01 1.141914367675781250e+02
9.387469863891601562e+01 1.344349594116210938e+02 5.171920394897460938e+01 1.206838302612304688e+02
1.022076454162597656e+02 1.313890037536621094e+02 4.464968490600585938e+01 1.231604461669921875e+02
9.820890235900878906e+01 1.336634979248046875e+02 4.532817077636718750e+01 1.214761734008789062e+02
9.841467666625976562e+01 1.296840133666992188e+02 4.523998641967773438e+01 1.240360641479492188e+02
