2.760000000000000000e+02 1.370000000000000000e+02 2.300000000000000000e+01 6.900000000000000000e+01
2.763897447586059570e+02 1.338324012756347656e+02 2.188460350036621094e+01 7.460128021240234375e+01
2.769401283264160156e+02 1.340942001342773438e+02 2.202875518798828125e+01 7.485885620117187500e+01
2.770403776168823242e+02 1.331763420104980469e+02 2.190253639221191406e+01 7.495322418212890625e+01
2.778130455017089844e+02 1.335475311279296875e+02 2.102928924560546875e+01 7.431198120117187500e+01
2.772706012725830078e+02 1.338358993530273438e+02 2.094671249389648438e+01 7.412492370605468750e+01
2.776233673095703125e+02 1.345402336120605469e+02 2.102246093750000000e+01 7.160474395751953125e+01
2.778870420455932617e+02 1.358357353210449219e+02 2.155338478088378906e+01 7.033762359619140625e+01
2.783500938415527344e+02 1.356876678466796875e+02 2.099190521240234375e+01 7.025636291503906250e+01
2.785823450088500977e+02 1.351318168640136719e+02 2.130891227722167969e+01 7.129125213623046875e+01
2.793483867645263672e+02 1.342868461608886719e+02 2.126185989379882812e+01 7.224961090087890625e+01
2.799776592254638672e+02 1.340700454711914062e+02 2.112305068969726562e+01 7.292477416992187500e+01
2.795257940292358398e+02 1.337364654541015625e+02 2.158143806457519531e+01 7.313648986816406250e+01
2.801142473220825195e+02 1.330369529724121094e+02 2.115953636169433594e+01 7.341500091552734375e+01
2.804254331588745117e+02 1.334193649291992188e+02 2.112365150451660156e+01 7.295597839355468750e+01
2.815205106735229492e+02 1.340101051330566406e+02 2.131038856506347656e+01 7.208280181884765625e+01
2.819976224899291992e+02 1.345689086914062500e+02 2.085407447814941406e+01 7.103489685058593750e+01
2.833115911483764648e+02 1.351453857421875000e+02 2.057861518859863281e+01 7.081317138671875000e+01
2.840838661193847656e+02 1.351187362670898438e+02 2.018204498291015625e+01 7.127203369140625000e+01
2.848683357238769531e+02 1.344183349609375000e+02 1.988459014892578125e+01 7.139076232910156250e+01
2.846568164825439453e+02 1.339835395812988281e+02 2.069308090209960938e+01 7.156587982177734375e+01
2.848547554016113281e+02 1.336103668212890625e+02 2.096511077880859375e+01 7.162519836425781250e+01
2.852926034927368164e+02 1.346834754943847656e+02 2.106805229187011719e+01 7.054911041259765625e+01
2.861277608871459961e+02 1.342249794006347656e+02 2.076495552062988281e+01 7.059053802490234375e+01
2.855665960311889648e+02 1.336906776428222656e+02 2.073051643371582031e+01 6.986699676513671875e+01
2.864379634857177734e+02 1.353473281860351562e+02 2.110501480102539062e+01 6.903704833984375000e+01
2.866846523284912109e+02 1.370721244812011719e+02 2.117335891723632812e+01 6.689176177978515625e+01
2.861381683349609375e+02 1.361363182067871094e+02 2.101304626464843750e+01 6.797364044189453125e+01
2.864422836303710938e+02 1.357216987609863281e+02 2.101835632324218750e+01 6.880173492431640625e+01
2.872031221389770508e+02 1.356727523803710938e+02 2.147766685485839844e+01 6.813508605957031250e+01
2.864997205734252930e+02 1.349359512329101562e+02 2.109696388244628906e+01 6.845394897460937500e+01
2.850584173202514648e+02 1.343833427429199219e+02 2.155932807922363281e+01 6.872684478759765625e+01
2.850910034179687500e+02 1.341947059631347656e+02 2.180656433105468750e+01 6.952245330810546875e+01
2.851711597442626953e+02 1.347691040039062500e+02 2.105427169799804688e+01 6.901899719238281250e+01
2.853698043823242188e+02 1.350893402099609375e+02 2.080801391601562500e+01 6.818620300292968750e+01
2.859653348922729492e+02 1.366290664672851562e+02 1.992682838439941406e+01 6.621310424804687500e+01
2.850167646408081055e+02 1.371263885498046875e+02 1.989634132385253906e+01 6.586749267578125000e+01
2.857798891067504883e+02 1.369427452087402344e+02 1.991017723083496094e+01 6.605899810791015625e+01
2.842181882858276367e+02 1.377587585449218750e+02 2.021625709533691406e+01 6.526608276367187500e+01
2.826733980178833008e+02 1.370730018615722656e+02 2.122299766540527344e+01 6.608844757080078125e+01
2.812710084915161133e+02 1.373532524108886719e+02 2.320705223083496094e+01 6.450112152099609375e+01
2.805101442337036133e+02 1.361730346679687500e+02 2.268161582946777344e+01 6.585168457031250000e+01
2.782774753570556641e+02 1.364602775573730469e+02 2.374045944213867188e+01 6.553885650634765625e+01
2.768325166702270508e+02 1.374460563659667969e+02 2.550258445739746094e+01 6.429421234130859375e+01
2.746006078720092773e+02 1.378983802795410156e+02 2.736932563781738281e+01 6.322077178955078125e+01
2.734310960769653320e+02 1.382759456634521484e+02 2.674767112731933594e+01 6.334187698364257812e+01
2.728894119262695312e+02 1.386846523284912109e+02 2.563879394531250000e+01 6.312158584594726562e+01
2.711454792022705078e+02 1.384222927093505859e+02 2.329446029663085938e+01 6.250021743774414062e+01
2.699626369476318359e+02 1.386148376464843750e+02 2.341836929321289062e+01 6.259642028808593750e+01
2.670802135467529297e+02 1.379710273742675781e+02 2.314586257934570312e+01 6.295514678955078125e+01
2.662050619125366211e+02 1.378377819061279297e+02 2.411299324035644531e+01 6.323932266235351562e+01
2.636510057449340820e+02 1.371491889953613281e+02 2.422136497497558594e+01 6.401831817626953125e+01
2.615207748413085938e+02 1.373869590759277344e+02 2.497795104980468750e+01 6.422225189208984375e+01
2.603035764694213867e+02 1.372147121429443359e+02 2.406028175354003906e+01 6.382712173461914062e+01
2.586320819854736328e+02 1.369188232421875000e+02 2.294689559936523438e+01 6.411524963378906250e+01
2.574396390914916992e+02 1.380046138763427734e+02 2.191495704650878906e+01 6.289389419555664062e+01
2.550986585617065430e+02 1.385408267974853516e+02 2.181609535217285156e+01 6.204058456420898438e+01
2.526608638763427734e+02 1.376008987426757812e+02 2.178544998168945312e+01 6.229249572753906250e+01
2.499742679595947266e+02 1.368715038299560547e+02 2.115520858764648438e+01 6.233496475219726562e+01
2.478837299346923828e+02 1.368427448272705078e+02 2.107673263549804688e+01 6.291053390502929688e+01
2.474194517135620117e+02 1.367753906250000000e+02 2.282337379455566406e+01 6.317782592773437500e+01
2.441706342697143555e+02 1.363736801147460938e+02 2.494373512268066406e+01 6.315577697753906250e+01
2.409080133438110352e+02 1.355860824584960938e+02 2.553214836120605469e+01 6.458557128906250000e+01
2.392444152832031250e+02 1.353629455566406250e+02 2.657350158691406250e+01 6.503675842285156250e+01
2.381121807098388672e+02 1.331787910461425781e+02 2.167171096801757812e+01 6.770148468017578125e+01
2.365196170806884766e+02 1.349306411743164062e+02 2.156512069702148438e+01 6.505247497558593750e+01
2.351263589859008789e+02 1.339795875549316406e+02 1.982630729675292969e+01 6.669029998779296875e+01
2.322299346923828125e+02 1.347059402465820312e+02 1.872161865234375000e+01 6.553987121582031250e+01
2.307229433059692383e+02 1.325277137756347656e+02 1.856427574157714844e+01 6.770169830322265625e+01
2.281288909912109375e+02 1.355599632263183594e+02 1.946134948730468750e+01 6.443766021728515625e+01
2.254766139984130859e+02 1.353218917846679688e+02 1.995875930786132812e+01 6.439094543457031250e+01
2.246328220367431641e+02 1.355333023071289062e+02 1.969190597534179688e+01 6.328132629394531250e+01
2.220156526565551758e+02 1.370751914978027344e+02 2.121059226989746094e+01 6.214495086669921875e+01
2.191476650238037109e+02 1.377217407226562500e+02 2.149643325805664062e+01 6.148062133789062500e+01
2.181252555847167969e+02 1.386679077148437500e+02 2.011290740966796875e+01 6.067437744140625000e+01
2.164176273345947266e+02 1.381307144165039062e+02 1.982758712768554688e+01 5.869038391113281250e+01
2.139234600067138672e+02 1.380335865020751953e+02 1.988905715942382812e+01 6.067515182495117188e+01
2.126597566604614258e+02 1.374480781555175781e+02 1.914462852478027344e+01 6.126494598388671875e+01
2.090519285202026367e+02 1.365054283142089844e+02 2.093148231506347656e+01 6.244339752197265625e+01
2.077235002517700195e+02 1.369708995819091797e+02 2.122356224060058594e+01 6.251475906372070312e+01
2.053584365844726562e+02 1.369548835754394531e+02 2.174295043945312500e+01 6.254186248779296875e+01
2.039509067535400391e+02 1.370786495208740234e+02 2.085308456420898438e+01 6.181621170043945312e+01
2.022478189468383789e+02 1.372418823242187500e+02 2.189632987976074219e+01 6.128723144531250000e+01
2.003965120315551758e+02 1.379692707061767578e+02 2.092250633239746094e+01 6.162792587280273438e+01
1.997128562927246094e+02 1.379638690948486328e+02 1.953951263427734375e+01 6.002431869506835938e+01
1.983356971740722656e+02 1.386826877593994141e+02 1.912770843505859375e+01 6.096795272827148438e+01
1.969520807266235352e+02 1.368472557067871094e+02 1.918960380554199219e+01 6.197853851318359375e+01
1.938468980789184570e+02 1.364914493560791016e+02 2.013123130798339844e+01 6.215822982788085938e+01
1.914642705917358398e+02 1.362096977233886719e+02 2.090744209289550781e+01 6.322223663330078125e+01
1.910836400985717773e+02 1.361216373443603516e+02 2.012504768371582031e+01 6.253565597534179688e+01
1.881039209365844727e+02 1.365444641113281250e+02 2.203748893737792969e+01 6.317726135253906250e+01
1.875589723587036133e+02 1.364387989044189453e+02 2.156889915466308594e+01 6.233098983764648438e+01
1.873424825668334961e+02 1.380417728424072266e+02 2.069325447082519531e+01 6.137856674194335938e+01
1.852492122650146484e+02 1.384896736145019531e+02 2.194952774047851562e+01 6.152098846435546875e+01
1.849403457641601562e+02 1.380087985992431641e+02 2.060865783691406250e+01 6.152340316772460938e+01
1.842884511947631836e+02 1.392178535461425781e+02 2.089616584777832031e+01 6.106685638427734375e+01
1.843392658233642578e+02 1.385324306488037109e+02 2.066453170776367188e+01 6.223331069946289062e+01
1.807707490921020508e+02 1.365156230926513672e+02 2.325476646423339844e+01 6.390303421020507812e+01
1.823283805847167969e+02 1.365084419250488281e+02 2.151364898681640625e+01 6.427671051025390625e+01
1.809528398513793945e+02 1.361912689208984375e+02 2.248290061950683594e+01 6.484913635253906250e+01
1.814466810226440430e+02 1.362501411437988281e+02 2.164397621154785156e+01 6.450275421142578125e+01
1.820337781906127930e+02 1.359693641662597656e+02 2.139309120178222656e+01 6.549349212646484375e+01
1.808598241806030273e+02 1.366268272399902344e+02 2.194226264953613281e+01 6.504769134521484375e+01
1.813437843322753906e+02 1.378795928955078125e+02 2.087314605712890625e+01 6.423266601562500000e+01
1.810086269378662109e+02 1.379600410461425781e+02 2.187567520141601562e+01 6.507355499267578125e+01
1.818311700820922852e+02 1.373325920104980469e+02 2.180245780944824219e+01 6.490125274658203125e+01
1.809753122329711914e+02 1.372045516967773438e+02 2.312977409362792969e+01 6.586524963378906250e+01
1.810290250778198242e+02 1.359356079101562500e+02 2.339968299865722656e+01 6.567498779296875000e+01
1.818770847320556641e+02 1.355268402099609375e+02 2.332030868530273438e+01 6.718424987792968750e+01
1.826233005523681641e+02 1.346668968200683594e+02 2.313305282592773438e+01 6.639638519287109375e+01
1.814326705932617188e+02 1.360917091369628906e+02 2.465948486328125000e+01 6.598944854736328125e+01
1.833818111419677734e+02 1.365959396362304688e+02 2.363893508911132812e+01 6.633334350585937500e+01
1.836056137084960938e+02 1.377266616821289062e+02 2.321670532226562500e+01 6.536389160156250000e+01
1.819289665222167969e+02 1.379047164916992188e+02 2.674182891845703125e+01 6.621299743652343750e+01
1.821471443176269531e+02 1.375848999023437500e+02 2.747635650634765625e+01 6.471736145019531250e+01
1.859666233062744141e+02 1.381131782531738281e+02 2.567293930053710938e+01 6.483162689208984375e+01
1.877411985397338867e+02 1.353895988464355469e+02 2.441938209533691406e+01 6.763639068603515625e+01
1.905777339935302734e+02 1.357661552429199219e+02 2.362508010864257812e+01 6.751607513427734375e+01
1.922275629043579102e+02 1.347977752685546875e+02 2.207606315612792969e+01 6.859425354003906250e+01
1.924844980239868164e+02 1.349765396118164062e+02 2.317140007019042969e+01 6.830099487304687500e+01
1.935568475723266602e+02 1.352578086853027344e+02 2.335627555847167969e+01 6.816030120849609375e+01
1.951885604858398438e+02 1.353070144653320312e+02 2.458943176269531250e+01 6.904693603515625000e+01
1.974726419448852539e+02 1.363168144226074219e+02 2.297546195983886719e+01 6.843402862548828125e+01
1.989255895614624023e+02 1.365248031616210938e+02 2.278560066223144531e+01 6.779486083984375000e+01
1.997718172073364258e+02 1.371328010559082031e+02 2.221021080017089844e+01 6.758138275146484375e+01
2.016007366180419922e+02 1.375171432495117188e+02 2.196158218383789062e+01 6.713935852050781250e+01
2.019928789138793945e+02 1.367122383117675781e+02 2.147203636169433594e+01 6.757649993896484375e+01
2.033251514434814453e+02 1.358643455505371094e+02 2.284150314331054688e+01 6.830007171630859375e+01
2.052804498672485352e+02 1.354270629882812500e+02 2.177750968933105469e+01 6.908514404296875000e+01
2.068852510452270508e+02 1.347529640197753906e+02 2.267001914978027344e+01 6.935935211181640625e+01
2.085056257247924805e+02 1.349137763977050781e+02 2.252503395080566406e+01 6.891365814208984375e+01
2.111336355209350586e+02 1.355346221923828125e+02 2.368651008605957031e+01 6.934843444824218750e+01
2.144849882125854492e+02 1.353677711486816406e+02 2.339371681213378906e+01 6.922306060791015625e+01
2.167063417434692383e+02 1.374046707153320312e+02 2.127806663513183594e+01 6.804663085937500000e+01
2.181022310256958008e+02 1.365518684387207031e+02 2.056258201599121094e+01 6.887192535400390625e+01
2.204513902664184570e+02 1.369064826965332031e+02 1.944621849060058594e+01 6.874330902099609375e+01
2.219022226333618164e+02 1.355737724304199219e+02 1.906820487976074219e+01 6.921274566650390625e+01
2.243751564025878906e+02 1.348978195190429688e+02 1.982273101806640625e+01 7.033116149902343750e+01
2.255358047485351562e+02 1.337862548828125000e+02 2.117541503906250000e+01 7.153302001953125000e+01
2.272391366958618164e+02 1.324013900756835938e+02 2.153956413269042969e+01 7.178080749511718750e+01
2.288225793838500977e+02 1.342312316894531250e+02 2.195397758483886719e+01 7.039512634277343750e+01
2.314062137603759766e+02 1.345764846801757812e+02 2.018444442749023438e+01 7.077256774902343750e+01
2.349150705337524414e+02 1.349477577209472656e+02 1.982565116882324219e+01 7.067816925048828125e+01
2.370083494186401367e+02 1.359887619018554688e+02 1.914086341857910156e+01 6.999046325683593750e+01
2.399834194183349609e+02 1.368323478698730469e+02 1.904799270629882812e+01 6.937819671630859375e+01
2.408920249938964844e+02 1.349998168945312500e+02 2.052985382080078125e+01 7.117285156250000000e+01
2.427032194137573242e+02 1.356940155029296875e+02 2.068804359436035156e+01 7.067216491699218750e+01
2.445039911270141602e+02 1.343483428955078125e+02 2.104737663269042969e+01 7.160404968261718750e+01
2.478961009979248047e+02 1.342572708129882812e+02 1.928279495239257812e+01 7.184819030761718750e+01
2.487192220687866211e+02 1.337785568237304688e+02 2.061544990539550781e+01 7.140536499023437500e+01
2.497469644546508789e+02 1.348632049560546875e+02 2.141151237487792969e+01 7.122985839843750000e+01
2.532287988662719727e+02 1.351237068176269531e+02 2.088281059265136719e+01 7.136469268798828125e+01
2.567915763854980469e+02 1.357257232666015625e+02 1.950179290771484375e+01 7.079351806640625000e+01
2.593922338485717773e+02 1.349543533325195312e+02 2.038698005676269531e+01 7.113056945800781250e+01
2.614211206436157227e+02 1.353717422485351562e+02 1.978022575378417969e+01 7.087367248535156250e+01
2.635046501159667969e+02 1.341208076477050781e+02 1.933066558837890625e+01 7.178755950927734375e+01
2.654389333724975586e+02 1.332087402343750000e+02 2.006085395812988281e+01 7.303895568847656250e+01
2.666784162521362305e+02 1.324832458496093750e+02 2.140734291076660156e+01 7.359622192382812500e+01
2.675665483474731445e+02 1.324937171936035156e+02 2.340552330017089844e+01 7.387828826904296875e+01
2.687069578170776367e+02 1.328971633911132812e+02 2.566877174377441406e+01 7.354450988769531250e+01
2.696382846832275391e+02 1.332513618469238281e+02 2.521300888061523438e+01 7.315926361083984375e+01
2.735464305877685547e+02 1.334943008422851562e+02 2.485467910766601562e+01 7.286308288574218750e+01
2.777776823043823242e+02 1.351005744934082031e+02 2.130510902404785156e+01 7.188446807861328125e+01
2.803656396865844727e+02 1.342942657470703125e+02 1.962496757507324219e+01 7.219363403320312500e+01
2.816117963790893555e+02 1.346625480651855469e+02 2.001899147033691406e+01 7.227359771728515625e+01
2.842298440933227539e+02 1.351362342834472656e+02 2.115696525573730469e+01 7.218163299560546875e+01
2.855155696868896484e+02 1.340362205505371094e+02 2.246020889282226562e+01 7.320371246337890625e+01
2.867721138000488281e+02 1.344253845214843750e+02 2.290053558349609375e+01 7.310247802734375000e+01
2.879985685348510742e+02 1.344563484191894531e+02 2.550657081604003906e+01 7.238062286376953125e+01
2.898161983489990234e+02 1.336632194519042969e+02 2.569141006469726562e+01 7.313842010498046875e+01
2.921777105331420898e+02 1.351344413757324219e+02 2.513861274719238281e+01 7.247911834716796875e+01
2.962056703567504883e+02 1.350403518676757812e+02 2.431577110290527344e+01 7.236567687988281250e+01
2.993601274490356445e+02 1.359130744934082031e+02 2.506274986267089844e+01 7.156623077392578125e+01
3.024767971038818359e+02 1.350589675903320312e+02 2.369643020629882812e+01 7.221420288085937500e+01
3.050688371658325195e+02 1.357470893859863281e+02 2.289658164978027344e+01 7.222476959228515625e+01
3.065728120803833008e+02 1.354016189575195312e+02 2.157260704040527344e+01 7.334590148925781250e+01
3.078075485229492188e+02 1.342033119201660156e+02 2.217198181152343750e+01 7.417885589599609375e+01
3.088970022201538086e+02 1.335470275878906250e+02 2.315077400207519531e+01 7.431726074218750000e+01
3.107068109512329102e+02 1.339706382751464844e+02 2.473864555358886719e+01 7.398348236083984375e+01
3.106455221176147461e+02 1.344210548400878906e+02 2.622229194641113281e+01 7.407018280029296875e+01
3.139429588317871094e+02 1.355173072814941406e+02 2.535848236083984375e+01 7.302150726318359375e+01
3.165666847229003906e+02 1.352707862854003906e+02 2.459976959228515625e+01 7.266825103759765625e+01
3.188602504730224609e+02 1.359888572692871094e+02 2.370082473754882812e+01 7.204602813720703125e+01
3.202587537765502930e+02 1.361020584106445312e+02 2.449961280822753906e+01 7.265118408203125000e+01
3.225507364273071289e+02 1.352286949157714844e+02 2.478875541687011719e+01 7.260730743408203125e+01
3.227351007461547852e+02 1.346572723388671875e+02 2.588377189636230469e+01 7.310290527343750000e+01
3.232066640853881836e+02 1.346114082336425781e+02 2.611247444152832031e+01 7.377719879150390625e+01
3.245805969238281250e+02 1.333688621520996094e+02 2.688310241699218750e+01 7.477454376220703125e+01
3.250279493331909180e+02 1.338971214294433594e+02 2.744185829162597656e+01 7.417136383056640625e+01
3.270160226821899414e+02 1.359388275146484375e+02 2.727560234069824219e+01 7.328308105468750000e+01
3.268045482635498047e+02 1.361476707458496094e+02 2.826277542114257812e+01 7.320764923095703125e+01
3.263949470520019531e+02 1.359446907043457031e+02 2.969593048095703125e+01 7.350835418701171875e+01
3.284839982986450195e+02 1.361931419372558594e+02 2.842635154724121094e+01 7.381754302978515625e+01
3.303180618286132812e+02 1.354294013977050781e+02 2.777256774902343750e+01 7.550012969970703125e+01
3.329754991531372070e+02 1.343382453918457031e+02 2.665402793884277344e+01 7.665662384033203125e+01
3.349805145263671875e+02 1.339032325744628906e+02 2.645521545410156250e+01 7.743294525146484375e+01
3.369572401046752930e+02 1.328641052246093750e+02 2.615603065490722656e+01 7.817454528808593750e+01
3.375098056793212891e+02 1.343050727844238281e+02 2.578252792358398438e+01 7.733136749267578125e+01
3.392336235046386719e+02 1.348205528259277344e+02 2.597927093505859375e+01 7.797011566162109375e+01
3.397507858276367188e+02 1.352566719055175781e+02 2.610420227050781250e+01 7.656810760498046875e+01
3.428011207580566406e+02 1.358092231750488281e+02 2.457517242431640625e+01 7.653191375732421875e+01
3.436275625228881836e+02 1.353418312072753906e+02 2.543843269348144531e+01 7.658910369873046875e+01
3.437302360534667969e+02 1.343765411376953125e+02 2.468677520751953125e+01 7.699992370605468750e+01
3.434251728057861328e+02 1.339170150756835938e+02 2.443325424194335938e+01 7.822515869140625000e+01
3.436626653671264648e+02 1.321390914916992188e+02 2.419244575500488281e+01 7.995201110839843750e+01
3.431522626876831055e+02 1.322335853576660156e+02 2.389463233947753906e+01 8.027611541748046875e+01
3.433949356079101562e+02 1.324239730834960938e+02 2.413012695312500000e+01 8.097889709472656250e+01
3.436259059906005859e+02 1.332551383972167969e+02 2.432422256469726562e+01 8.027817535400390625e+01
3.432463102340698242e+02 1.345475006103515625e+02 2.557737159729003906e+01 7.908226013183593750e+01
3.416835012435913086e+02 1.357049217224121094e+02 2.679771614074707031e+01 7.731636810302734375e+01
3.407125921249389648e+02 1.358992958068847656e+02 2.841909980773925781e+01 7.607410430908203125e+01
3.400897512435913086e+02 1.354981384277343750e+02 2.809947395324707031e+01 7.885202026367187500e+01
3.390632562637329102e+02 1.350459861755371094e+02 2.740206718444824219e+01 7.941564178466796875e+01
3.401433420181274414e+02 1.329879722595214844e+02 2.544892692565917969e+01 8.215724945068359375e+01
3.393508958816528320e+02 1.316585311889648438e+02 2.488135337829589844e+01 8.289738464355468750e+01
3.367541589736938477e+02 1.328911972045898438e+02 2.577308464050292969e+01 8.257768249511718750e+01
3.376739683151245117e+02 1.330964317321777344e+02 2.486857032775878906e+01 8.274892425537109375e+01
3.355614509582519531e+02 1.345099563598632812e+02 2.599202728271484375e+01 8.164155578613281250e+01
3.339672994613647461e+02 1.339294700622558594e+02 2.669621467590332031e+01 8.171552276611328125e+01
3.328244276046752930e+02 1.343697776794433594e+02 2.556043434143066406e+01 8.169678497314453125e+01
3.321902189254760742e+02 1.331358566284179688e+02 2.495281410217285156e+01 8.045179748535156250e+01
3.292894916534423828e+02 1.331815643310546875e+02 2.489078903198242188e+01 8.152903747558593750e+01
3.263014993667602539e+02 1.325634117126464844e+02 2.720654106140136719e+01 8.318170928955078125e+01
3.236431331634521484e+02 1.311884040832519531e+02 2.851530838012695312e+01 8.417958831787109375e+01
3.212933292388916016e+02 1.313921775817871094e+02 2.928286361694335938e+01 8.429892730712890625e+01
3.202188663482666016e+02 1.318346939086914062e+02 3.011056137084960938e+01 8.402230834960937500e+01
3.185831565856933594e+02 1.328836097717285156e+02 3.010889434814453125e+01 8.186324310302734375e+01
3.157705860137939453e+02 1.338891830444335938e+02 2.982758712768554688e+01 8.295549011230468750e+01
3.132381801605224609e+02 1.341501312255859375e+02 2.919086074829101562e+01 8.270939636230468750e+01
3.100528488159179688e+02 1.343353500366210938e+02 2.835078430175781250e+01 8.175755310058593750e+01
3.056779232025146484e+02 1.331763916015625000e+02 3.013057327270507812e+01 8.277067565917968750e+01
3.044963836669921875e+02 1.314983329772949219e+02 2.779945373535156250e+01 8.382227325439453125e+01
3.038320922851562500e+02 1.314702186584472656e+02 2.760435485839843750e+01 8.612134552001953125e+01
3.013273773193359375e+02 1.299240455627441406e+02 2.870762634277343750e+01 8.654949188232421875e+01
2.982608642578125000e+02 1.306208953857421875e+02 2.963539123535156250e+01 8.597294616699218750e+01
2.962060050964355469e+02 1.309961013793945312e+02 2.955028533935546875e+01 8.364460754394531250e+01
2.938263158798217773e+02 1.318007698059082031e+02 2.876796150207519531e+01 8.530101776123046875e+01
2.907845859527587891e+02 1.323608055114746094e+02 2.578609848022460938e+01 8.460405731201171875e+01
2.889512977600097656e+02 1.326994972229003906e+02 2.395441436767578125e+01 8.577014923095703125e+01
2.871891517639160156e+02 1.315119934082031250e+02 2.292650604248046875e+01 8.676115417480468750e+01
2.832932500839233398e+02 1.318908271789550781e+02 2.386372566223144531e+01 8.739983367919921875e+01
2.808501253128051758e+02 1.303901557922363281e+02 2.444627952575683594e+01 8.938927459716796875e+01
2.768858394622802734e+02 1.293640480041503906e+02 2.625868606567382812e+01 8.870186614990234375e+01
2.720388984680175781e+02 1.301063842773437500e+02 3.095671844482421875e+01 8.842893981933593750e+01
2.691088733673095703e+02 1.305794410705566406e+02 2.984334945678710938e+01 8.717565155029296875e+01
2.664011936187744141e+02 1.311488037109375000e+02 3.178649520874023438e+01 8.686270141601562500e+01
2.641799688339233398e+02 1.323309059143066406e+02 3.166485786437988281e+01 8.567324066162109375e+01
2.632234497070312500e+02 1.321191368103027344e+02 2.742532348632812500e+01 8.628458404541015625e+01
2.630728006362915039e+02 1.322736396789550781e+02 2.438081169128417969e+01 8.536821746826171875e+01
2.597243595123291016e+02 1.324840049743652344e+02 2.328301620483398438e+01 8.320021820068359375e+01
2.581793851852416992e+02 1.300480613708496094e+02 2.155774879455566406e+01 8.538423919677734375e+01
2.554614000320434570e+02 1.297727851867675781e+02 2.279688072204589844e+01 8.632610321044921875e+01
2.509036207199096680e+02 1.295016746520996094e+02 2.473609352111816406e+01 8.759839630126953125e+01
2.472047891616821289e+02 1.293473396301269531e+02 2.680685234069824219e+01 8.873415374755859375e+01
2.447894630432128906e+02 1.300615730285644531e+02 2.834014129638671875e+01 8.840694427490234375e+01
2.443702173233032227e+02 1.309196853637695312e+02 2.741311454772949219e+01 8.797721862792968750e+01
2.413037595748901367e+02 1.323593330383300781e+02 2.764039039611816406e+01 8.618795013427734375e+01
2.403072776794433594e+02 1.334401245117187500e+02 2.645166778564453125e+01 8.519741821289062500e+01
2.380070695877075195e+02 1.330946846008300781e+02 2.644887351989746094e+01 8.463494110107421875e+01
2.390595607757568359e+02 1.329677772521972656e+02 2.476462173461914062e+01 8.487808990478515625e+01
2.383946685791015625e+02 1.320186347961425781e+02 2.553106689453125000e+01 8.535652923583984375e+01
2.366659011840820312e+02 1.311654586791992188e+02 2.482128906250000000e+01 8.576225280761718750e+01
2.350557794570922852e+02 1.300761299133300781e+02 2.575459098815917969e+01 8.591672515869140625e+01
2.352148284912109375e+02 1.302786254882812500e+02 2.540820312500000000e+01 8.533609008789062500e+01
2.340127620697021484e+02 1.317518959045410156e+02 2.599309158325195312e+01 8.418308258056640625e+01
2.321770620346069336e+02 1.320776710510253906e+02 2.625836372375488281e+01 8.316593170166015625e+01
2.313348045349121094e+02 1.328794860839843750e+02 2.540726470947265625e+01 8.233604431152343750e+01
2.307004299163818359e+02 1.327965507507324219e+02 2.451674270629882812e+01 8.017955780029296875e+01
2.308702669143676758e+02 1.325786933898925781e+02 2.397112083435058594e+01 8.257875823974609375e+01
2.298349037170410156e+02 1.326300773620605469e+02 2.418073272705078125e+01 8.209253692626953125e+01
2.295899162292480469e+02 1.322655715942382812e+02 2.401390838623046875e+01 8.307859802246093750e+01
2.288499965667724609e+02 1.318902015686035156e+02 2.385628128051757812e+01 8.355840301513671875e+01
2.287271642684936523e+02 1.306158447265625000e+02 2.450619697570800781e+01 8.577384948730468750e+01
2.280459365844726562e+02 1.304600448608398438e+02 2.413214111328125000e+01 8.524465942382812500e+01
2.275461893081665039e+02 1.320952873229980469e+02 2.476557731628417969e+01 8.329344940185546875e+01
2.273277225494384766e+02 1.327722167968750000e+02 2.472393417358398438e+01 8.220016479492187500e+01
2.280715951919555664e+02 1.339939537048339844e+02 2.418006706237792969e+01 8.100035858154296875e+01
2.277464265823364258e+02 1.352878990173339844e+02 2.401964378356933594e+01 7.787631988525390625e+01
2.276508054733276367e+02 1.336298065185546875e+02 2.433710670471191406e+01 7.923957824707031250e+01
2.277375288009643555e+02 1.336296806335449219e+02 2.422043800354003906e+01 7.964511871337890625e+01
2.279502649307250977e+02 1.327680587768554688e+02 2.451228141784667969e+01 8.122503662109375000e+01
2.278787584304809570e+02 1.316748771667480469e+02 2.398227500915527344e+01 8.196945953369140625e+01
2.279825487136840820e+02 1.314790573120117188e+02 2.560021018981933594e+01 8.164250183105468750e+01
2.293676939010620117e+02 1.315835609436035156e+02 2.644344520568847656e+01 8.138019561767578125e+01
2.296706447601318359e+02 1.320447502136230469e+02 2.621756362915039062e+01 8.092253875732421875e+01
2.321975011825561523e+02 1.331609001159667969e+02 2.522766304016113281e+01 7.943814849853515625e+01
2.343584146499633789e+02 1.330199966430664062e+02 2.411695671081542969e+01 7.998165893554687500e+01
2.367458839416503906e+02 1.340950660705566406e+02 2.351288604736328125e+01 7.895195770263671875e+01
2.371042900085449219e+02 1.341385841369628906e+02 2.308502960205078125e+01 7.880663299560546875e+01
2.384234876632690430e+02 1.335118255615234375e+02 2.355323219299316406e+01 7.900506591796875000e+01
2.381067352294921875e+02 1.319903678894042969e+02 2.405072021484375000e+01 8.025096893310546875e+01
2.397273387908935547e+02 1.319613380432128906e+02 2.413982009887695312e+01 8.034835052490234375e+01
2.401654968261718750e+02 1.312269859313964844e+02 2.498678588867187500e+01 8.094870758056640625e+01
2.403895664215087891e+02 1.312131843566894531e+02 2.443650436401367188e+01 7.951131439208984375e+01
2.421057605743408203e+02 1.331399803161621094e+02 2.424201583862304688e+01 7.759346771240234375e+01
2.436237106323242188e+02 1.332618064880371094e+02 2.373381042480468750e+01 7.737255096435546875e+01
2.438694086074829102e+02 1.339207649230957031e+02 2.385798454284667969e+01 7.500038909912109375e+01
2.448859519958496094e+02 1.351006889343261719e+02 2.285230255126953125e+01 7.283275604248046875e+01
2.472437839508056641e+02 1.342511215209960938e+02 2.234457015991210938e+01 7.257795715332031250e+01
2.481347970962524414e+02 1.336415290832519531e+02 2.268762016296386719e+01 7.385028839111328125e+01
2.492191658020019531e+02 1.329454498291015625e+02 2.281159210205078125e+01 7.597155761718750000e+01
2.499034967422485352e+02 1.335779342651367188e+02 2.360210990905761719e+01 7.673352050781250000e+01
2.507850761413574219e+02 1.334382476806640625e+02 2.541446685791015625e+01 7.743843078613281250e+01
2.523878030776977539e+02 1.332311058044433594e+02 2.688943290710449219e+01 7.716303253173828125e+01
2.526701679229736328e+02 1.339890708923339844e+02 2.709028244018554688e+01 7.625272369384765625e+01
2.541141948699951172e+02 1.344183578491210938e+02 2.704053115844726562e+01 7.580253601074218750e+01
2.550812559127807617e+02 1.348122444152832031e+02 2.678821754455566406e+01 7.561389923095703125e+01
2.582765340805053711e+02 1.348669319152832031e+02 2.488644599914550781e+01 7.492154693603515625e+01
2.601229076385498047e+02 1.353367042541503906e+02 2.478371047973632812e+01 7.434381866455078125e+01
2.619541769027709961e+02 1.349162216186523438e+02 2.377531623840332031e+01 7.492915344238281250e+01
2.659280319213867188e+02 1.350866012573242188e+02 2.312242126464843750e+01 7.507044982910156250e+01
2.681636600494384766e+02 1.353459548950195312e+02 2.283460617065429688e+01 7.449864196777343750e+01
2.686272430419921875e+02 1.353007125854492188e+02 2.430461120605468750e+01 7.405833435058593750e+01
2.685929927825927734e+02 1.353746871948242188e+02 2.659512710571289062e+01 7.494223022460937500e+01
2.717733545303344727e+02 1.352258033752441406e+02 2.653176689147949219e+01 7.628717803955078125e+01
2.715939245223999023e+02 1.351755218505859375e+02 2.923666572570800781e+01 7.623466491699218750e+01
2.742006149291992188e+02 1.340910644531250000e+02 2.774055480957031250e+01 7.668402099609375000e+01
2.755288696289062500e+02 1.347754631042480469e+02 2.712400817871093750e+01 7.597042083740234375e+01
2.767429027557373047e+02 1.339977188110351562e+02 2.739142227172851562e+01 7.587556457519531250e+01
2.787969665527343750e+02 1.344878234863281250e+02 2.563520812988281250e+01 7.684077453613281250e+01
2.806951322555541992e+02 1.335856513977050781e+02 2.460914039611816406e+01 7.621137237548828125e+01
2.831827144622802734e+02 1.335126266479492188e+02 2.342288589477539062e+01 7.680911254882812500e+01
2.849046134948730469e+02 1.334965591430664062e+02 2.203469085693359375e+01 7.709007263183593750e+01
2.874659996032714844e+02 1.329923934936523438e+02 2.206912994384765625e+01 7.678396606445312500e+01
2.885364713668823242e+02 1.335215110778808594e+02 2.176856422424316406e+01 7.700048065185546875e+01
2.897041177749633789e+02 1.335170631408691406e+02 2.219457817077636719e+01 7.737918853759765625e+01
2.890239601135253906e+02 1.336432571411132812e+02 2.183892059326171875e+01 7.728549194335937500e+01
2.934761381149291992e+02 1.332465248107910156e+02 2.179834938049316406e+01 7.667192840576171875e+01
2.952963876724243164e+02 1.340740432739257812e+02 2.193098258972167969e+01 7.566287231445312500e+01
2.966315317153930664e+02 1.349253425598144531e+02 2.033575248718261719e+01 7.487790679931640625e+01
2.962571334838867188e+02 1.342058258056640625e+02 2.259535217285156250e+01 7.625938415527343750e+01
2.945357437133789062e+02 1.346807632446289062e+02 2.493962097167968750e+01 7.523016357421875000e+01
2.966852474212646484e+02 1.354205398559570312e+02 2.485768508911132812e+01 7.498971557617187500e+01
2.977792673110961914e+02 1.350193176269531250e+02 2.375753593444824219e+01 7.300178527832031250e+01
2.999186935424804688e+02 1.338090171813964844e+02 2.383866882324218750e+01 7.521164703369140625e+01
3.018047800064086914e+02 1.345993080139160156e+02 2.230691337585449219e+01 7.170064544677734375e+01
3.032775878906250000e+02 1.341372489929199219e+02 2.190470886230468750e+01 7.295128631591796875e+01
3.049471836090087891e+02 1.326350708007812500e+02 2.132764816284179688e+01 7.651005554199218750e+01
3.049017314910888672e+02 1.332712173461914062e+02 2.115254592895507812e+01 7.610952758789062500e+01
3.057413682937622070e+02 1.323622894287109375e+02 2.174422264099121094e+01 7.743415832519531250e+01
3.067828283309936523e+02 1.326873054504394531e+02 2.101724433898925781e+01 7.636527252197265625e+01
3.067655191421508789e+02 1.336784591674804688e+02 2.167985343933105469e+01 7.609201049804687500e+01
3.075107793807983398e+02 1.337210388183593750e+02 2.162445259094238281e+01 7.622503662109375000e+01
3.079388265609741211e+02 1.337980613708496094e+02 2.159701728820800781e+01 7.595458221435546875e+01
3.084343852996826172e+02 1.343511428833007812e+02 2.168327713012695312e+01 7.543957519531250000e+01
3.087143526077270508e+02 1.343252983093261719e+02 2.294092369079589844e+01 7.491248321533203125e+01
3.083134584426879883e+02 1.341025581359863281e+02 2.327792930603027344e+01 7.400530242919921875e+01
3.093228855133056641e+02 1.348711433410644531e+02 2.323054122924804688e+01 7.339926910400390625e+01
3.086603317260742188e+02 1.352934875488281250e+02 2.333544921875000000e+01 7.339540100097656250e+01
3.107299051284790039e+02 1.357568626403808594e+02 2.166561698913574219e+01 7.317929840087890625e+01
3.114228744506835938e+02 1.369849624633789062e+02 2.018898010253906250e+01 7.226731872558593750e+01
3.123903703689575195e+02 1.362489929199218750e+02 1.935933494567871094e+01 7.302546691894531250e+01
3.114742736816406250e+02 1.370659294128417969e+02 1.985427856445312500e+01 7.259735870361328125e+01
3.117942562103271484e+02 1.365710220336914062e+02 2.068996047973632812e+01 7.338056945800781250e+01
3.115331859588623047e+02 1.323334960937500000e+02 2.001266860961914062e+01 7.801321411132812500e+01
3.111839942932128906e+02 1.301338539123535156e+02 2.053179168701171875e+01 7.966773223876953125e+01
3.114761362075805664e+02 1.326674957275390625e+02 2.041923332214355469e+01 7.657092285156250000e+01
3.113901462554931641e+02 1.315468902587890625e+02 2.031725692749023438e+01 7.808775329589843750e+01
3.099256267547607422e+02 1.268601074218750000e+02 2.053609085083007812e+01 8.171652221679687500e+01
3.107727270126342773e+02 1.284935188293457031e+02 2.136975288391113281e+01 7.977761077880859375e+01
3.108645305633544922e+02 1.282952613830566406e+02 2.119795608520507812e+01 8.027031707763671875e+01
3.100792732238769531e+02 1.280996704101562500e+02 2.154859161376953125e+01 8.012805175781250000e+01
3.093206033706665039e+02 1.276281204223632812e+02 2.140908622741699219e+01 8.044244384765625000e+01
3.088055658340454102e+02 1.291052665710449219e+02 2.124291801452636719e+01 7.863379669189453125e+01
3.093628511428833008e+02 1.313947181701660156e+02 2.170421409606933594e+01 7.720507049560546875e+01
3.097700271606445312e+02 1.328221626281738281e+02 2.047964477539062500e+01 7.566365814208984375e+01
3.090625343322753906e+02 1.336566658020019531e+02 2.054869842529296875e+01 7.448062896728515625e+01
3.100309858322143555e+02 1.348617134094238281e+02 2.019466590881347656e+01 7.389461517333984375e+01
3.091618595123291016e+02 1.344403305053710938e+02 1.984423446655273438e+01 7.453121948242187500e+01
3.097645864486694336e+02 1.329997367858886719e+02 2.010226631164550781e+01 7.558159637451171875e+01
3.100122842788696289e+02 1.325891799926757812e+02 1.953271293640136719e+01 7.596580505371093750e+01
3.105154342651367188e+02 1.324477233886718750e+02 1.944976806640625000e+01 7.611584472656250000e+01
3.103322677612304688e+02 1.318440017700195312e+02 1.888133239746093750e+01 7.627804565429687500e+01
3.096545028686523438e+02 1.324834823608398438e+02 1.945603942871093750e+01 7.633599853515625000e+01
3.102773694992065430e+02 1.328645095825195312e+02 1.910425758361816406e+01 7.545915222167968750e+01
3.100834350585937500e+02 1.324581794738769531e+02 1.949220275878906250e+01 7.566359710693359375e+01
3.103601865768432617e+02 1.326864662170410156e+02 1.924740028381347656e+01 7.600496673583984375e+01
3.110444393157958984e+02 1.325644874572753906e+02 1.931261062622070312e+01 7.647193145751953125e+01
3.093258390426635742e+02 1.324474754333496094e+02 2.016527748107910156e+01 7.589694976806640625e+01
3.095705375671386719e+02 1.325059165954589844e+02 2.036865997314453125e+01 7.621184539794921875e+01
3.101396589279174805e+02 1.324369354248046875e+02 2.027114295959472656e+01 7.592810058593750000e+01
3.088521327972412109e+02 1.329938926696777344e+02 2.202093887329101562e+01 7.505547332763671875e+01
3.097676019668579102e+02 1.334730911254882812e+02 2.288445854187011719e+01 7.502389526367187500e+01
3.082032823562622070e+02 1.336844406127929688e+02 2.399645042419433594e+01 7.481784057617187500e+01
3.078380813598632812e+02 1.335649642944335938e+02 2.415522766113281250e+01 7.476080322265625000e+01
3.072070980072021484e+02 1.331823425292968750e+02 2.446429824829101562e+01 7.490045166015625000e+01
3.068471078872680664e+02 1.329801864624023438e+02 2.525619316101074219e+01 7.438897705078125000e+01
3.073460779190063477e+02 1.341378135681152344e+02 2.378762626647949219e+01 7.349756622314453125e+01
3.064750747680664062e+02 1.345941429138183594e+02 2.304618835449218750e+01 7.327501678466796875e+01
3.062810459136962891e+02 1.349726867675781250e+02 2.312856674194335938e+01 7.213452148437500000e+01
3.052598781585693359e+02 1.359495239257812500e+02 2.339929580688476562e+01 7.218070983886718750e+01
3.057003545761108398e+02 1.350219612121582031e+02 2.309784126281738281e+01 7.229393768310546875e+01
3.042880535125732422e+02 1.360831451416015625e+02 2.345790481567382812e+01 7.192584228515625000e+01
3.039203119277954102e+02 1.340864181518554688e+02 2.278256034851074219e+01 7.272155761718750000e+01
3.034219369888305664e+02 1.346944007873535156e+02 2.342277336120605469e+01 7.235527801513671875e+01
3.034345321655273438e+02 1.346739234924316406e+02 2.350170898437500000e+01 7.299538421630859375e+01
3.043851366043090820e+02 1.342483825683593750e+02 2.343707847595214844e+01 7.307846069335937500e+01
3.029988365173339844e+02 1.340837364196777344e+02 2.385240936279296875e+01 7.296823883056640625e+01
3.046856794357299805e+02 1.345039710998535156e+02 2.307842445373535156e+01 7.247035980224609375e+01
3.038540401458740234e+02 1.343860092163085938e+02 2.300267410278320312e+01 7.248143005371093750e+01
3.040079631805419922e+02 1.348508415222167969e+02 2.300003433227539062e+01 7.163274383544921875e+01
3.043315982818603516e+02 1.359502792358398438e+02 2.209978866577148438e+01 7.080346679687500000e+01
3.035854043960571289e+02 1.371759643554687500e+02 2.278040885925292969e+01 6.920213317871093750e+01
3.029042406082153320e+02 1.390312690734863281e+02 2.455281639099121094e+01 6.751157379150390625e+01
2.996729059219360352e+02 1.394017677307128906e+02 2.585780143737792969e+01 6.643967437744140625e+01
2.987720012664794922e+02 1.386778297424316406e+02 2.721258926391601562e+01 6.684261322021484375e+01
2.964218759536743164e+02 1.368319778442382812e+02 3.001501274108886719e+01 6.899566650390625000e+01
2.960491743087768555e+02 1.372856101989746094e+02 2.972344398498535156e+01 6.966066741943359375e+01
2.958080387115478516e+02 1.353241271972656250e+02 2.895933151245117188e+01 7.191023254394531250e+01
2.946807661056518555e+02 1.365128135681152344e+02 2.894712257385253906e+01 7.027628326416015625e+01
2.922462215423583984e+02 1.364789466857910156e+02 2.633720779418945312e+01 7.024431610107421875e+01
2.912743015289306641e+02 1.374587783813476562e+02 2.604388046264648438e+01 6.997563171386718750e+01
2.881185293197631836e+02 1.372088279724121094e+02 2.522334480285644531e+01 6.775096893310546875e+01
2.880226650238037109e+02 1.377522583007812500e+02 2.462804031372070312e+01 6.921328735351562500e+01
2.868019323348999023e+02 1.367706642150878906e+02 2.397445869445800781e+01 7.018120574951171875e+01
2.854092407226562500e+02 1.351486396789550781e+02 2.385612487792968750e+01 7.258783721923828125e+01
2.821959657669067383e+02 1.351076202392578125e+02 2.404503440856933594e+01 7.210423278808593750e+01
2.794279460906982422e+02 1.341346321105957031e+02 2.437430191040039062e+01 7.286252593994140625e+01
2.768305311203002930e+02 1.349428939819335938e+02 2.571650123596191406e+01 7.233787536621093750e+01
2.754978389739990234e+02 1.349569931030273438e+02 2.285388565063476562e+01 7.138285827636718750e+01
2.716639947891235352e+02 1.359869651794433594e+02 2.221269035339355469e+01 7.040625762939453125e+01
2.693007497787475586e+02 1.362778358459472656e+02 2.077935981750488281e+01 6.982863616943359375e+01
2.660057601928710938e+02 1.353882255554199219e+02 2.090141296386718750e+01 7.198398590087890625e+01
2.633396110534667969e+02 1.355160903930664062e+02 2.263567352294921875e+01 7.317674255371093750e+01
2.585081014633178711e+02 1.331480674743652344e+02 2.546255683898925781e+01 7.540740203857421875e+01
2.555262784957885742e+02 1.322257232666015625e+02 2.626983070373535156e+01 7.519146728515625000e+01
2.502050447463989258e+02 1.321058235168457031e+02 3.038335227966308594e+01 7.549250030517578125e+01
2.486845674514770508e+02 1.320342178344726562e+02 2.928584861755371094e+01 7.642842102050781250e+01
2.474205293655395508e+02 1.327160797119140625e+02 2.818623924255371094e+01 7.626473999023437500e+01
2.433549709320068359e+02 1.335951843261718750e+02 2.313960647583007812e+01 7.498156738281250000e+01
2.425826129913330078e+02 1.332466278076171875e+02 2.357302474975585938e+01 7.410424804687500000e+01
2.401181306838989258e+02 1.351107063293457031e+02 2.349297142028808594e+01 7.340189361572265625e+01
2.375170793533325195e+02 1.343967514038085938e+02 2.229135704040527344e+01 7.512821960449218750e+01
2.322028799057006836e+02 1.328458442687988281e+02 2.445820808410644531e+01 7.738561248779296875e+01
2.284988260269165039e+02 1.322561149597167969e+02 2.643226432800292969e+01 7.808820343017578125e+01
2.236028776168823242e+02 1.324957847595214844e+02 2.821907997131347656e+01 7.667612457275390625e+01
2.219467449188232422e+02 1.325953712463378906e+02 2.784337234497070312e+01 7.805370330810546875e+01
2.186509637832641602e+02 1.331145896911621094e+02 2.690217399597167969e+01 7.800823211669921875e+01
2.154678564071655273e+02 1.348623542785644531e+02 2.443248176574707031e+01 7.398069000244140625e+01
2.128907384872436523e+02 1.354451103210449219e+02 2.161631965637207031e+01 7.252541351318359375e+01
2.093420085906982422e+02 1.332403640747070312e+02 2.121429824829101562e+01 7.505990600585937500e+01
2.059511947631835938e+02 1.340018081665039062e+02 2.162541198730468750e+01 7.427722167968750000e+01
2.016056880950927734e+02 1.295254936218261719e+02 2.306418228149414062e+01 8.094464874267578125e+01
1.945941247940063477e+02 1.299409904479980469e+02 2.780782890319824219e+01 8.081655120849609375e+01
1.897138462066650391e+02 1.303784408569335938e+02 3.275222396850585938e+01 8.172967529296875000e+01
1.840659618377685547e+02 1.314313621520996094e+02 3.606268692016601562e+01 8.013108062744140625e+01
1.798104076385498047e+02 1.326418457031250000e+02 3.832117080688476562e+01 8.014259338378906250e+01
1.787627811431884766e+02 1.318053207397460938e+02 3.590092086791992188e+01 8.136550903320312500e+01
1.753719825744628906e+02 1.332668952941894531e+02 3.342166900634765625e+01 7.988283538818359375e+01
1.740154275894165039e+02 1.332043800354003906e+02 2.548109245300292969e+01 8.056058502197265625e+01
1.740840339660644531e+02 1.271241226196289062e+02 2.486475372314453125e+01 8.678784179687500000e+01
1.709906177520751953e+02 1.294723014831542969e+02 2.541758346557617188e+01 8.374504852294921875e+01
1.692177047729492188e+02 1.315951423645019531e+02 2.397018432617187500e+01 8.154242706298828125e+01
1.651740207672119141e+02 1.330501670837402344e+02 2.709856796264648438e+01 7.781923675537109375e+01
1.603688478469848633e+02 1.341690521240234375e+02 2.839197349548339844e+01 7.854264831542968750e+01
1.580365333557128906e+02 1.350738220214843750e+02 2.822763824462890625e+01 7.640005493164062500e+01
1.547868299484252930e+02 1.356818046569824219e+02 3.027962684631347656e+01 7.453588104248046875e+01
1.512814035415649414e+02 1.331880683898925781e+02 3.074003410339355469e+01 8.186670684814453125e+01
1.480862646102905273e+02 1.311695175170898438e+02 2.953120613098144531e+01 8.070475769042968750e+01
1.445914793014526367e+02 1.358883094787597656e+02 2.814240455627441406e+01 7.916150665283203125e+01
1.455158405303955078e+02 1.361491775512695312e+02 2.319521713256835938e+01 7.849826049804687500e+01
1.418607778549194336e+02 1.364493179321289062e+02 2.470570564270019531e+01 7.944812011718750000e+01
1.413772125244140625e+02 1.362804069519042969e+02 2.418563842773437500e+01 7.989589691162109375e+01
1.410621433258056641e+02 1.349349174499511719e+02 2.439808273315429688e+01 8.111020660400390625e+01
1.389205741882324219e+02 1.359633941650390625e+02 2.392266082763671875e+01 8.077250671386718750e+01
1.390941286087036133e+02 1.365159645080566406e+02 2.269028282165527344e+01 7.993889617919921875e+01
1.356465015411376953e+02 1.375997238159179688e+02 2.372922897338867188e+01 7.875056457519531250e+01
1.354474086761474609e+02 1.387058143615722656e+02 2.364905166625976562e+01 7.840563201904296875e+01
1.338561019897460938e+02 1.399686889648437500e+02 2.449372863769531250e+01 7.729827880859375000e+01
1.312073335647583008e+02 1.396181068420410156e+02 2.590138816833496094e+01 7.772017669677734375e+01
1.303181886672973633e+02 1.395763702392578125e+02 2.741971397399902344e+01 7.761631774902343750e+01
1.293189344406127930e+02 1.382992630004882812e+02 2.834221839904785156e+01 7.882865905761718750e+01
1.331468315124511719e+02 1.391051826477050781e+02 2.645146942138671875e+01 7.729232025146484375e+01
1.317838382720947266e+02 1.380723571777343750e+02 2.732665634155273438e+01 7.916020202636718750e+01
1.309552268981933594e+02 1.383233299255371094e+02 2.891342926025390625e+01 7.791847991943359375e+01
1.330438499450683594e+02 1.376138496398925781e+02 2.866455841064453125e+01 7.801958465576171875e+01
1.330771846771240234e+02 1.348098526000976562e+02 3.088676834106445312e+01 8.142887878417968750e+01
1.327392177581787109e+02 1.353829040527343750e+02 3.228105545043945312e+01 8.231915283203125000e+01
1.345205097198486328e+02 1.342053947448730469e+02 3.315710067749023438e+01 8.307080841064453125e+01
1.379526891708374023e+02 1.339587783813476562e+02 3.179872322082519531e+01 8.400099182128906250e+01
1.406819581985473633e+02 1.351066131591796875e+02 3.049913597106933594e+01 8.307629394531250000e+01
1.433464765548706055e+02 1.340153045654296875e+02 2.929198646545410156e+01 8.305015563964843750e+01
1.473321714401245117e+02 1.353022193908691406e+02 2.710230445861816406e+01 8.276016998291015625e+01
1.486034622192382812e+02 1.341210212707519531e+02 2.786579895019531250e+01 8.452161407470703125e+01
1.493204135894775391e+02 1.332588996887207031e+02 2.980741500854492188e+01 8.568605804443359375e+01
1.520868558883666992e+02 1.318665199279785156e+02 2.991431617736816406e+01 8.680162811279296875e+01
1.545622749328613281e+02 1.327060203552246094e+02 2.813828277587890625e+01 8.704648590087890625e+01
1.556556625366210938e+02 1.313305892944335938e+02 2.971302795410156250e+01 8.826466369628906250e+01
1.595931777954101562e+02 1.318628273010253906e+02 2.763085937500000000e+01 8.676882171630859375e+01
1.615289916992187500e+02 1.335850296020507812e+02 2.970677185058593750e+01 8.579251098632812500e+01
1.611570520401000977e+02 1.338834648132324219e+02 3.137634086608886719e+01 8.564110565185546875e+01
1.677107667922973633e+02 1.334817085266113281e+02 2.865643882751464844e+01 8.526538848876953125e+01
1.739564228057861328e+02 1.332081527709960938e+02 2.621313095092773438e+01 8.662992858886718750e+01
1.760789680480957031e+02 1.339376182556152344e+02 2.578418731689453125e+01 8.589206695556640625e+01
1.795653495788574219e+02 1.325247688293457031e+02 2.709329986572265625e+01 8.746886444091796875e+01
1.808047933578491211e+02 1.315215454101562500e+02 2.733055305480957031e+01 8.801913452148437500e+01
1.817400684356689453e+02 1.301885185241699219e+02 2.809869003295898438e+01 9.018712615966796875e+01
1.822189483642578125e+02 1.309184684753417969e+02 3.066979980468750000e+01 8.874181365966796875e+01
1.833014850616455078e+02 1.297403221130371094e+02 3.352817916870117188e+01 8.862041473388671875e+01
1.848389244079589844e+02 1.299969978332519531e+02 3.560309600830078125e+01 8.954186248779296875e+01
1.927063989639282227e+02 1.285920639038085938e+02 3.060253715515136719e+01 9.145089721679687500e+01
1.972215662002563477e+02 1.272915840148925781e+02 2.795286369323730469e+01 9.381746673583984375e+01
2.027222766876220703e+02 1.303946456909179688e+02 2.622245407104492188e+01 8.874931335449218750e+01
2.065895147323608398e+02 1.327056617736816406e+02 2.480684089660644531e+01 8.432209014892578125e+01
2.093891353607177734e+02 1.335859375000000000e+02 2.506178665161132812e+01 8.051409912109375000e+01
2.116787033081054688e+02 1.317214584350585938e+02 2.465640258789062500e+01 8.757540893554687500e+01
2.125573053359985352e+02 1.294214706420898438e+02 2.543531608581542969e+01 8.877957153320312500e+01
2.161056880950927734e+02 1.300610008239746094e+02 2.665323257446289062e+01 8.753043365478515625e+01
2.184150123596191406e+02 1.293077621459960938e+02 2.728450775146484375e+01 8.694386291503906250e+01
2.211089906692504883e+02 1.307402534484863281e+02 2.604784202575683594e+01 8.576198577880859375e+01
2.262013120651245117e+02 1.303740997314453125e+02 2.597637367248535156e+01 8.698493957519531250e+01
2.306542024612426758e+02 1.316060523986816406e+02 2.564941978454589844e+01 8.661058807373046875e+01
2.340292816162109375e+02 1.312616424560546875e+02 2.618174743652343750e+01 8.878050231933593750e+01
2.373537635803222656e+02 1.301027908325195312e+02 2.496952056884765625e+01 9.068220520019531250e+01
2.417198991775512695e+02 1.317752456665039062e+02 2.421701622009277344e+01 8.828457641601562500e+01
2.444304790496826172e+02 1.308649406433105469e+02 2.353468704223632812e+01 8.842252349853515625e+01
2.468201389312744141e+02 1.303615989685058594e+02 2.462115097045898438e+01 8.747284698486328125e+01
2.503407115936279297e+02 1.302289199829101562e+02 2.654524612426757812e+01 8.951296997070312500e+01
2.511122884750366211e+02 1.314181556701660156e+02 3.000064277648925781e+01 8.900052642822265625e+01
2.572037935256958008e+02 1.316056671142578125e+02 2.414002037048339844e+01 8.709382629394531250e+01
2.613550968170166016e+02 1.320641326904296875e+02 2.465116500854492188e+01 8.692611694335937500e+01
2.645687828063964844e+02 1.312958755493164062e+02 2.328282928466796875e+01 8.717848205566406250e+01
2.669895944595336914e+02 1.320512084960937500e+02 2.389510917663574219e+01 8.726875305175781250e+01
2.697356462478637695e+02 1.309795417785644531e+02 2.539919090270996094e+01 8.813901519775390625e+01
2.724599370956420898e+02 1.299678382873535156e+02 2.556221199035644531e+01 8.978427886962890625e+01
2.728304252624511719e+02 1.291037902832031250e+02 2.776453399658203125e+01 8.962049865722656250e+01
2.734809274673461914e+02 1.293317947387695312e+02 2.866177177429199219e+01 8.917839050292968750e+01
2.782146577835083008e+02 1.302642517089843750e+02 2.744862937927246094e+01 8.903649902343750000e+01
2.830744571685791016e+02 1.306044044494628906e+02 2.450002670288085938e+01 8.919049835205078125e+01
2.879474554061889648e+02 1.316416435241699219e+02 2.364460945129394531e+01 8.772437286376953125e+01
2.920122337341308594e+02 1.325031623840332031e+02 2.222216033935546875e+01 8.764264678955078125e+01
2.940120391845703125e+02 1.330354156494140625e+02 2.360937500000000000e+01 8.652476501464843750e+01
2.970624561309814453e+02 1.312945213317871094e+02 2.503887557983398438e+01 8.754709625244140625e+01
2.969488534927368164e+02 1.315060501098632812e+02 2.742451286315917969e+01 8.502613830566406250e+01
2.964916667938232422e+02 1.318870239257812500e+02 3.012488174438476562e+01 8.314031982421875000e+01
3.014172153472900391e+02 1.313274459838867188e+02 2.963802719116210938e+01 8.428279113769531250e+01
3.045593042373657227e+02 1.342032051086425781e+02 2.761617851257324219e+01 7.823583221435546875e+01
3.067828187942504883e+02 1.343577308654785156e+02 2.763828086853027344e+01 8.066841888427734375e+01
3.095083551406860352e+02 1.351166763305664062e+02 2.614727592468261719e+01 8.076531982421875000e+01
3.114100761413574219e+02 1.358420219421386719e+02 2.564438629150390625e+01 8.231121063232421875e+01
3.131070556640625000e+02 1.350088768005371094e+02 2.654582214355468750e+01 8.299645233154296875e+01
3.139724740982055664e+02 1.342124633789062500e+02 2.694801139831542969e+01 8.073147583007812500e+01
3.149088172912597656e+02 1.335634841918945312e+02 2.797766876220703125e+01 8.434352111816406250e+01
3.157532033920288086e+02 1.323412094116210938e+02 2.926147651672363281e+01 8.454933166503906250e+01
3.171726694107055664e+02 1.317232856750488281e+02 2.904154777526855469e+01 8.582884979248046875e+01
3.188213100433349609e+02 1.307709388732910156e+02 2.741019058227539062e+01 8.419860076904296875e+01
3.206745538711547852e+02 1.321893005371093750e+02 2.719291496276855469e+01 8.432762145996093750e+01
3.221122865676879883e+02 1.326337013244628906e+02 2.560153770446777344e+01 8.328879547119140625e+01
3.231161775588989258e+02 1.340696182250976562e+02 2.512416648864746094e+01 8.200634765625000000e+01
3.227886571884155273e+02 1.351257247924804688e+02 2.479855537414550781e+01 8.094660949707031250e+01
3.242941312789916992e+02 1.351220321655273438e+02 2.477720069885253906e+01 8.098625183105468750e+01
3.236653032302856445e+02 1.349231224060058594e+02 2.390151023864746094e+01 8.053018951416015625e+01
3.234448280334472656e+02 1.348337249755859375e+02 2.442925262451171875e+01 8.094296264648437500e+01
3.233788366317749023e+02 1.342297554016113281e+02 2.524252510070800781e+01 8.134328460693359375e+01
3.238443489074707031e+02 1.334778289794921875e+02 2.435936737060546875e+01 8.184165954589843750e+01
3.207513008117675781e+02 1.333670272827148438e+02 2.700377655029296875e+01 8.167256164550781250e+01
3.225970239639282227e+02 1.344026412963867188e+02 2.661652946472167969e+01 7.977694702148437500e+01
3.201601657867431641e+02 1.351611137390136719e+02 2.902193832397460938e+01 7.862294769287109375e+01
3.191902675628662109e+02 1.365231246948242188e+02 3.038614273071289062e+01 7.770178222656250000e+01
3.176595335006713867e+02 1.367704391479492188e+02 3.130993080139160156e+01 7.678341674804687500e+01
3.160216608047485352e+02 1.365251007080078125e+02 3.173287773132324219e+01 7.593423461914062500e+01
3.166704034805297852e+02 1.359070854187011719e+02 3.097215080261230469e+01 7.672455596923828125e+01
3.155727281570434570e+02 1.346767807006835938e+02 2.917540550231933594e+01 7.770201110839843750e+01
3.160578823089599609e+02 1.339565200805664062e+02 2.807124710083007812e+01 7.813008117675781250e+01
3.166591234207153320e+02 1.335679512023925781e+02 2.678127098083496094e+01 7.888542938232421875e+01
3.173902425765991211e+02 1.331274986267089844e+02 2.518844795227050781e+01 7.937844085693359375e+01
3.175478105545043945e+02 1.334526329040527344e+02 2.442946434020996094e+01 7.836728668212890625e+01
3.165019989013671875e+02 1.336634025573730469e+02 2.382464599609375000e+01 7.769388580322265625e+01
3.174603729248046875e+02 1.339266204833984375e+02 2.322111511230468750e+01 7.784376525878906250e+01
3.166992626190185547e+02 1.340394897460937500e+02 2.223054885864257812e+01 7.710481262207031250e+01
3.170387811660766602e+02 1.318678474426269531e+02 2.118140983581542969e+01 7.872037506103515625e+01
3.168281517028808594e+02 1.318017044067382812e+02 2.029065704345703125e+01 7.872503662109375000e+01
3.149019222259521484e+02 1.308598556518554688e+02 2.105200576782226562e+01 7.877783203125000000e+01
3.136018438339233398e+02 1.323735008239746094e+02 2.282742500305175781e+01 7.634938812255859375e+01
3.123449821472167969e+02 1.343393898010253906e+02 2.313147735595703125e+01 7.449839019775390625e+01
3.120492382049560547e+02 1.358915557861328125e+02 2.609778213500976562e+01 7.422511291503906250e+01
3.102129564285278320e+02 1.360732269287109375e+02 2.438304710388183594e+01 7.325596618652343750e+01
3.125190744400024414e+02 1.383247947692871094e+02 2.508813285827636719e+01 7.160865020751953125e+01
3.102435379028320312e+02 1.391955337524414062e+02 2.688150024414062500e+01 7.088844299316406250e+01
3.126998863220214844e+02 1.384446907043457031e+02 2.670290374755859375e+01 7.130429840087890625e+01
3.145774583816528320e+02 1.374979629516601562e+02 2.555469322204589844e+01 7.131092834472656250e+01
3.172125263214111328e+02 1.366222381591796875e+02 2.571616744995117188e+01 7.190246582031250000e+01
3.179327754974365234e+02 1.365700874328613281e+02 2.472525405883789062e+01 7.197252655029296875e+01
3.209692001342773438e+02 1.360141029357910156e+02 2.250364685058593750e+01 7.254750823974609375e+01
3.224965095520019531e+02 1.358790054321289062e+02 2.276204681396484375e+01 7.392199707031250000e+01
3.256914587020874023e+02 1.357494735717773438e+02 2.133902168273925781e+01 7.380090332031250000e+01
3.227041635513305664e+02 1.358546943664550781e+02 2.322967338562011719e+01 7.312345123291015625e+01
3.244840002059936523e+02 1.363862571716308594e+02 2.426487922668457031e+01 7.210233306884765625e+01
3.268696088790893555e+02 1.387888984680175781e+02 2.505210304260253906e+01 6.931423187255859375e+01
3.297668514251708984e+02 1.401891822814941406e+02 2.455723953247070312e+01 6.754955291748046875e+01
3.299285755157470703e+02 1.428903503417968750e+02 2.298676681518554688e+01 6.434347534179687500e+01
3.327509975433349609e+02 1.444801635742187500e+02 2.136377334594726562e+01 6.179354858398437500e+01
3.322052125930786133e+02 1.463985576629638672e+02 2.299896812438964844e+01 6.216244888305664062e+01
3.312597150802612305e+02 1.467137279510498047e+02 2.328129005432128906e+01 6.169678115844726562e+01
3.320731658935546875e+02 1.443584785461425781e+02 2.391595458984375000e+01 6.323944854736328125e+01
3.325072441101074219e+02 1.440750541687011719e+02 2.343544769287109375e+01 6.410895538330078125e+01
3.327215728759765625e+02 1.421259880065917969e+02 2.355699157714843750e+01 6.517331695556640625e+01
3.329016475677490234e+02 1.405792770385742188e+02 2.311854934692382812e+01 6.678269958496093750e+01
3.337079887390136719e+02 1.384548606872558594e+02 2.267606353759765625e+01 6.924687957763671875e+01
3.336649150848388672e+02 1.357622489929199219e+02 2.031279373168945312e+01 7.152559661865234375e+01
3.336336383819580078e+02 1.353526687622070312e+02 2.071294784545898438e+01 7.222352600097656250e+01
3.333177967071533203e+02 1.345438995361328125e+02 2.051476669311523438e+01 7.229054260253906250e+01
3.324756174087524414e+02 1.344571952819824219e+02 2.111724662780761719e+01 7.292661285400390625e+01
3.315132579803466797e+02 1.351194000244140625e+02 2.116249465942382812e+01 7.252911376953125000e+01
3.319752798080444336e+02 1.358721504211425781e+02 2.041581916809082031e+01 7.112775421142578125e+01
3.329366569519042969e+02 1.371864128112792969e+02 2.050209808349609375e+01 7.031557464599609375e+01
3.331100816726684570e+02 1.393667449951171875e+02 1.990070152282714844e+01 6.820689392089843750e+01
3.324400796890258789e+02 1.404164390563964844e+02 2.016596794128417969e+01 6.725774383544921875e+01
3.337045049667358398e+02 1.405682373046875000e+02 1.869645881652832031e+01 6.712570190429687500e+01
3.341170721054077148e+02 1.401493988037109375e+02 1.849577522277832031e+01 6.729025268554687500e+01
3.344202795028686523e+02 1.389450454711914062e+02 1.849676704406738281e+01 6.822160339355468750e+01
3.340670394897460938e+02 1.377389259338378906e+02 1.824740600585937500e+01 6.912876129150390625e+01
3.326671581268310547e+02 1.348916091918945312e+02 1.838855361938476562e+01 7.251011657714843750e+01
3.324969549179077148e+02 1.335928802490234375e+02 1.940881538391113281e+01 7.377966308593750000e+01
3.309962310791015625e+02 1.316636886596679688e+02 2.049308776855468750e+01 7.675538635253906250e+01
3.288086280822753906e+02 1.278047065734863281e+02 2.150637054443359375e+01 7.890888214111328125e+01
3.303700952529907227e+02 1.275334587097167969e+02 2.125573539733886719e+01 7.849146270751953125e+01
3.288356065750122070e+02 1.258562011718750000e+02 2.138149070739746094e+01 7.953648376464843750e+01
3.288469152450561523e+02 1.259357032775878906e+02 2.115471076965332031e+01 7.964850616455078125e+01
3.257388477325439453e+02 1.255169715881347656e+02 2.161439132690429688e+01 7.948999786376953125e+01
3.263945760726928711e+02 1.292226371765136719e+02 2.137410163879394531e+01 7.700249481201171875e+01
3.255375938415527344e+02 1.295395011901855469e+02 2.157199859619140625e+01 7.782343292236328125e+01
3.268054761886596680e+02 1.318937492370605469e+02 2.078562355041503906e+01 7.584815216064453125e+01
3.258304138183593750e+02 1.340654525756835938e+02 1.991429138183593750e+01 7.409619140625000000e+01
3.258102874755859375e+02 1.343514823913574219e+02 2.018649291992187500e+01 7.354363250732421875e+01
3.271055459976196289e+02 1.359743995666503906e+02 1.978579521179199219e+01 7.126660919189453125e+01
3.268244848251342773e+02 1.359083633422851562e+02 1.955809211730957031e+01 7.202377319335937500e+01
3.268170433044433594e+02 1.349671363830566406e+02 1.924350738525390625e+01 7.327518463134765625e+01
3.263716621398925781e+02 1.338058891296386719e+02 1.942740631103515625e+01 7.435431671142578125e+01
3.264963874816894531e+02 1.336537132263183594e+02 1.932669830322265625e+01 7.498442840576171875e+01
3.266102828979492188e+02 1.322800064086914062e+02 1.927783203125000000e+01 7.517709350585937500e+01
3.269161090850830078e+02 1.329726142883300781e+02 1.969022750854492188e+01 7.482692718505859375e+01
3.274922819137573242e+02 1.339079055786132812e+02 2.218076515197753906e+01 7.398754882812500000e+01
3.277452230453491211e+02 1.345674781799316406e+02 2.188063240051269531e+01 7.375623321533203125e+01
3.275742712020874023e+02 1.343688201904296875e+02 2.189634895324707031e+01 7.366152954101562500e+01
3.269914388656616211e+02 1.340181159973144531e+02 2.226497077941894531e+01 7.381418609619140625e+01
3.267570781707763672e+02 1.343300628662109375e+02 2.167981338500976562e+01 7.422204589843750000e+01
3.270275411605834961e+02 1.330875930786132812e+02 2.383931159973144531e+01 7.526985168457031250e+01
3.272068710327148438e+02 1.329750404357910156e+02 2.269656372070312500e+01 7.496274566650390625e+01
3.266082334518432617e+02 1.335067253112792969e+02 2.291242408752441406e+01 7.468045806884765625e+01
3.266739044189453125e+02 1.333487625122070312e+02 2.239462280273437500e+01 7.483137512207031250e+01
3.259844894409179688e+02 1.337796478271484375e+02 2.232507324218750000e+01 7.426573181152343750e+01
3.257241134643554688e+02 1.347814331054687500e+02 2.136965942382812500e+01 7.376234436035156250e+01
3.254160423278808594e+02 1.340763168334960938e+02 2.113338470458984375e+01 7.382800292968750000e+01
3.252750463485717773e+02 1.337955589294433594e+02 2.111914253234863281e+01 7.386666107177734375e+01
3.252680950164794922e+02 1.332567977905273438e+02 2.034447097778320312e+01 7.395092773437500000e+01
3.248120737075805664e+02 1.335121917724609375e+02 2.107125663757324219e+01 7.382518005371093750e+01
3.242247390747070312e+02 1.333272933959960938e+02 2.138958740234375000e+01 7.402339172363281250e+01
3.235557641983032227e+02 1.336489562988281250e+02 2.161369132995605469e+01 7.400141906738281250e+01
3.230066051483154297e+02 1.330650558471679688e+02 2.193364334106445312e+01 7.341554260253906250e+01
3.224659862518310547e+02 1.340729331970214844e+02 2.196225357055664062e+01 7.330715179443359375e+01
3.211613254547119141e+02 1.340729675292968750e+02 2.203199386596679688e+01 7.300529479980468750e+01
3.200189476013183594e+02 1.338543434143066406e+02 2.280336761474609375e+01 7.334429168701171875e+01
3.193694667816162109e+02 1.338015136718750000e+02 2.404848098754882812e+01 7.283360290527343750e+01
3.192714042663574219e+02 1.356368141174316406e+02 2.255394744873046875e+01 7.245804595947265625e+01
3.173988037109375000e+02 1.355146141052246094e+02 2.364741516113281250e+01 7.237810516357421875e+01
3.168583354949951172e+02 1.363790359497070312e+02 2.324664688110351562e+01 7.151675415039062500e+01
3.162704067230224609e+02 1.366955299377441406e+02 2.422374343872070312e+01 7.128250885009765625e+01
3.134746150970458984e+02 1.363912773132324219e+02 2.372259902954101562e+01 7.006604766845703125e+01
3.149319391250610352e+02 1.370998954772949219e+02 2.328997611999511719e+01 7.128643035888671875e+01
3.125919694900512695e+02 1.358371315002441406e+02 2.324014854431152344e+01 7.074219512939453125e+01
3.123102664947509766e+02 1.350575256347656250e+02 2.279186630249023438e+01 7.156703186035156250e+01
3.110964002609252930e+02 1.353348159790039062e+02 2.255376625061035156e+01 7.162161254882812500e+01
3.110650558471679688e+02 1.354326477050781250e+02 2.277058410644531250e+01 7.170886230468750000e+01
3.112423219680786133e+02 1.366415481567382812e+02 2.272614097595214844e+01 7.146984863281250000e+01
3.082170772552490234e+02 1.371562538146972656e+02 2.321411514282226562e+01 7.162654876708984375e+01
3.100466432571411133e+02 1.372538375854492188e+02 2.317279624938964844e+01 7.128048706054687500e+01
3.091027088165283203e+02 1.384799842834472656e+02 2.381727218627929688e+01 7.035927581787109375e+01
3.102981719970703125e+02 1.380419998168945312e+02 2.272831726074218750e+01 6.971134948730468750e+01
3.118060970306396484e+02 1.390137252807617188e+02 2.118057632446289062e+01 6.923097229003906250e+01
3.113646631240844727e+02 1.380984878540039062e+02 2.157127189636230469e+01 7.019984436035156250e+01
3.080462789535522461e+02 1.384495925903320312e+02 2.501930427551269531e+01 6.997380065917968750e+01
3.066744422912597656e+02 1.377473716735839844e+02 2.579595184326171875e+01 7.029631805419921875e+01
3.077408742904663086e+02 1.370903396606445312e+02 2.616107368469238281e+01 7.168475341796875000e+01
3.082691926956176758e+02 1.361310577392578125e+02 2.475884056091308594e+01 7.179095458984375000e+01
3.086069097518920898e+02 1.353185806274414062e+02 2.531929206848144531e+01 7.249142456054687500e+01
3.095846862792968750e+02 1.347484169006347656e+02 2.478942871093750000e+01 7.280110931396484375e+01
3.105357131958007812e+02 1.354532470703125000e+02 2.615525817871093750e+01 7.252778625488281250e+01
3.101690750122070312e+02 1.356883468627929688e+02 2.653135681152343750e+01 7.210154724121093750e+01
3.111058902740478516e+02 1.358199501037597656e+02 2.479182052612304688e+01 7.160822296142578125e+01
3.121451702117919922e+02 1.365096626281738281e+02 2.580304336547851562e+01 7.111551666259765625e+01
3.128103132247924805e+02 1.366841087341308594e+02 2.430253028869628906e+01 7.038295745849609375e+01
3.141848602294921875e+02 1.365109062194824219e+02 2.416804504394531250e+01 7.045066070556640625e+01
3.147735652923583984e+02 1.360385322570800781e+02 2.335609817504882812e+01 7.041208648681640625e+01
3.143201503753662109e+02 1.359505691528320312e+02 2.396744155883789062e+01 7.087287902832031250e+01
3.132294712066650391e+02 1.357993087768554688e+02 2.415012741088867188e+01 7.105616760253906250e+01
3.126425447463989258e+02 1.361649436950683594e+02 2.548998069763183594e+01 7.111765289306640625e+01
3.128359012603759766e+02 1.359120368957519531e+02 2.462812423706054688e+01 7.158432769775390625e+01
3.125701847076416016e+02 1.352213935852050781e+02 2.447716903686523438e+01 7.151155853271484375e+01
3.127472133636474609e+02 1.357213020324707031e+02 2.289256668090820312e+01 7.086103057861328125e+01
3.130585374832153320e+02 1.363023910522460938e+02 2.355750083923339844e+01 7.028787231445312500e+01
3.124475450515747070e+02 1.357552604675292969e+02 2.240143394470214844e+01 7.033852386474609375e+01
3.126050977706909180e+02 1.362111625671386719e+02 2.175829505920410156e+01 7.074701690673828125e+01
3.120361604690551758e+02 1.354837493896484375e+02 2.153139305114746094e+01 7.099644470214843750e+01
3.139258604049682617e+02 1.349406890869140625e+02 2.050400733947753906e+01 7.187400817871093750e+01
3.129533386230468750e+02 1.335313148498535156e+02 2.007368469238281250e+01 7.274832916259765625e+01
3.147026720046997070e+02 1.344967651367187500e+02 1.858220481872558594e+01 7.205578613281250000e+01
3.151300001144409180e+02 1.338751602172851562e+02 1.743274879455566406e+01 7.246379089355468750e+01
3.147251052856445312e+02 1.338136787414550781e+02 1.743708801269531250e+01 7.204199981689453125e+01
3.149470577239990234e+02 1.343294563293457031e+02 1.732226943969726562e+01 7.151793670654296875e+01
3.146393232345581055e+02 1.350464172363281250e+02 1.749480628967285156e+01 7.077409362792968750e+01
3.136745624542236328e+02 1.352060165405273438e+02 1.803818893432617188e+01 7.030691528320312500e+01
3.134307003021240234e+02 1.348961639404296875e+02 1.850864028930664062e+01 7.052880859375000000e+01
3.133883476257324219e+02 1.342190208435058594e+02 1.903246307373046875e+01 7.129386138916015625e+01
3.133768405914306641e+02 1.340371971130371094e+02 1.900107955932617188e+01 7.118782806396484375e+01
3.133823843002319336e+02 1.335302581787109375e+02 1.982559394836425781e+01 7.137446594238281250e+01
3.144813814163208008e+02 1.339681930541992188e+02 1.950624656677246094e+01 7.141545104980468750e+01
3.146907367706298828e+02 1.347009811401367188e+02 1.976910018920898438e+01 7.019865417480468750e+01
3.155681467056274414e+02 1.354498176574707031e+02 1.833149528503417969e+01 6.939608001708984375e+01
3.160785627365112305e+02 1.364349861145019531e+02 1.875414466857910156e+01 6.871155548095703125e+01
3.161783056259155273e+02 1.371776962280273438e+02 1.892323493957519531e+01 6.798782348632812500e+01
3.154441061019897461e+02 1.361338424682617188e+02 1.851443672180175781e+01 6.971200561523437500e+01
3.154183607101440430e+02 1.355767211914062500e+02 1.840455055236816406e+01 6.976115417480468750e+01
3.152741346359252930e+02 1.328994865417480469e+02 1.868123817443847656e+01 7.360443878173828125e+01
3.153077192306518555e+02 1.332611312866210938e+02 1.896822547912597656e+01 7.263931274414062500e+01
3.138386383056640625e+02 1.259762420654296875e+02 2.062678527832031250e+01 7.974349975585937500e+01
3.119914321899414062e+02 1.253554992675781250e+02 2.136250305175781250e+01 7.964317321777343750e+01
3.126092281341552734e+02 1.261689147949218750e+02 2.059508132934570312e+01 7.788786315917968750e+01
3.131631402969360352e+02 1.279073524475097656e+02 1.943227958679199219e+01 7.505619049072265625e+01
3.112768898010253906e+02 1.266798019409179688e+02 1.982266998291015625e+01 7.666662597656250000e+01
3.103270540237426758e+02 1.257779388427734375e+02 2.070860862731933594e+01 7.739524841308593750e+01
3.102705087661743164e+02 1.297419776916503906e+02 2.015301322937011719e+01 7.408310699462890625e+01
3.094544086456298828e+02 1.314128608703613281e+02 2.009534835815429688e+01 7.384789276123046875e+01
3.097160472869873047e+02 1.339059295654296875e+02 1.963177871704101562e+01 7.072692871093750000e+01
3.096726989746093750e+02 1.356123886108398438e+02 1.934542846679687500e+01 7.011508178710937500e+01
3.096460857391357422e+02 1.357340812683105469e+02 1.935736465454101562e+01 6.936768341064453125e+01
3.101235103607177734e+02 1.359025115966796875e+02 1.876520156860351562e+01 6.925289916992187500e+01
3.101661720275878906e+02 1.357825851440429688e+02 1.864975738525390625e+01 6.946949768066406250e+01
3.101711292266845703e+02 1.345507240295410156e+02 1.905103683471679688e+01 7.004781341552734375e+01
3.099015970230102539e+02 1.342832145690917969e+02 1.957803153991699219e+01 7.099057769775390625e+01
3.093515701293945312e+02 1.335616836547851562e+02 1.998611450195312500e+01 7.130003356933593750e+01
3.101078681945800781e+02 1.340113563537597656e+02 2.073889923095703125e+01 7.114957427978515625e+01
3.109796581268310547e+02 1.336307487487792969e+02 2.063153457641601562e+01 7.187978363037109375e+01
3.082827348709106445e+02 1.345223999023437500e+02 2.299472618103027344e+01 7.100032043457031250e+01
3.080652856826782227e+02 1.344946937561035156e+02 2.300138664245605469e+01 7.112169647216796875e+01
3.079845676422119141e+02 1.344495468139648438e+02 2.295522689819335938e+01 7.109332275390625000e+01
3.091969652175903320e+02 1.343358039855957031e+02 2.268619346618652344e+01 7.116309356689453125e+01
3.082821235656738281e+02 1.347221069335937500e+02 2.338631439208984375e+01 7.142176818847656250e+01
3.080929174423217773e+02 1.348152503967285156e+02 2.312196540832519531e+01 7.149645233154296875e+01
3.079626617431640625e+02 1.338836212158203125e+02 2.280886840820312500e+01 7.188015747070312500e+01
3.086799268722534180e+02 1.342850837707519531e+02 2.186008644104003906e+01 7.095830535888671875e+01
3.076861562728881836e+02 1.340750846862792969e+02 2.156172370910644531e+01 7.149890899658203125e+01
3.088345289230346680e+02 1.338999061584472656e+02 2.117196083068847656e+01 7.188164520263671875e+01
3.084081010818481445e+02 1.345483970642089844e+02 2.073273277282714844e+01 7.130460357666015625e+01
3.087479066848754883e+02 1.347292060852050781e+02 2.006891441345214844e+01 7.109725189208984375e+01
3.089726734161376953e+02 1.350917701721191406e+02 1.996265792846679688e+01 7.057263946533203125e+01
3.092658557891845703e+02 1.349316520690917969e+02 2.003652572631835938e+01 7.037860870361328125e+01
3.088138008117675781e+02 1.348379364013671875e+02 1.992375946044921875e+01 7.029177856445312500e+01
3.090469617843627930e+02 1.353859329223632812e+02 2.025194740295410156e+01 6.967686462402343750e+01
3.091130609512329102e+02 1.350520172119140625e+02 2.022796440124511719e+01 7.003555297851562500e+01
3.094095392227172852e+02 1.349017753601074219e+02 2.051632499694824219e+01 7.005617523193359375e+01
3.097347478866577148e+02 1.354237251281738281e+02 2.023275947570800781e+01 6.971973419189453125e+01
3.110972223281860352e+02 1.354234733581542969e+02 2.059104728698730469e+01 6.958123016357421875e+01
3.115107889175415039e+02 1.361997413635253906e+02 2.099209403991699219e+01 6.923069000244140625e+01
3.100903625488281250e+02 1.367011375427246094e+02 2.175901794433593750e+01 6.870493316650390625e+01
3.118779306411743164e+02 1.367236976623535156e+02 2.224857902526855469e+01 6.773474884033203125e+01
3.113802938461303711e+02 1.374211425781250000e+02 2.261589241027832031e+01 6.654209899902343750e+01
3.119765377044677734e+02 1.382220497131347656e+02 2.364091873168945312e+01 6.607773590087890625e+01
3.129742937088012695e+02 1.384929428100585938e+02 2.495654869079589844e+01 6.606153869628906250e+01
3.112809190750122070e+02 1.384188842773437500e+02 2.691390037536621094e+01 6.613844299316406250e+01
3.138191738128662109e+02 1.381035385131835938e+02 2.585690689086914062e+01 6.578318786621093750e+01
3.147730836868286133e+02 1.379383850097656250e+02 2.816652488708496094e+01 6.691601562500000000e+01
3.119061946868896484e+02 1.380384750366210938e+02 3.157938003540039062e+01 6.747828674316406250e+01
3.135059661865234375e+02 1.384676971435546875e+02 3.230090332031250000e+01 6.711175537109375000e+01
3.155004310607910156e+02 1.381117401123046875e+02 3.284394073486328125e+01 6.679646301269531250e+01
3.161304264068603516e+02 1.382139663696289062e+02 3.172634506225585938e+01 6.792840576171875000e+01
3.177386865615844727e+02 1.388966598510742188e+02 3.032304191589355469e+01 6.783226013183593750e+01
3.211460351943969727e+02 1.385163040161132812e+02 2.743772697448730469e+01 6.746614074707031250e+01
3.256037292480468750e+02 1.371753044128417969e+02 2.360536193847656250e+01 6.930852508544921875e+01
3.273003292083740234e+02 1.364659156799316406e+02 2.188701248168945312e+01 7.063285064697265625e+01
3.288590164184570312e+02 1.353893356323242188e+02 2.181263732910156250e+01 7.168186950683593750e+01
3.310919113159179688e+02 1.331061439514160156e+02 1.991918945312500000e+01 7.492191314697265625e+01
3.311777238845825195e+02 1.332510185241699219e+02 1.981232261657714844e+01 7.479465484619140625e+01
3.335270395278930664e+02 1.316563453674316406e+02 1.960555839538574219e+01 7.684557342529296875e+01
3.357025928497314453e+02 1.361986999511718750e+02 1.870490646362304688e+01 7.189179992675781250e+01
3.365530509948730469e+02 1.320917091369628906e+02 1.909465789794921875e+01 7.684447479248046875e+01
3.381451435089111328e+02 1.343572921752929688e+02 1.957685470581054688e+01 7.479547119140625000e+01
3.395181512832641602e+02 1.313883666992187500e+02 1.916505241394042969e+01 7.844290161132812500e+01
3.401660861968994141e+02 1.340516510009765625e+02 1.989448165893554688e+01 7.452635192871093750e+01
3.409487619400024414e+02 1.312099266052246094e+02 2.013493156433105469e+01 7.683052825927734375e+01
3.419887619018554688e+02 1.301030654907226562e+02 2.154896545410156250e+01 7.804928588867187500e+01
3.421661262512207031e+02 1.302703056335449219e+02 2.221872711181640625e+01 7.928633880615234375e+01
3.417592058181762695e+02 1.320199127197265625e+02 2.413097190856933594e+01 7.687908935546875000e+01
3.418655481338500977e+02 1.326171379089355469e+02 2.486157035827636719e+01 7.890831756591796875e+01
3.426154012680053711e+02 1.344192848205566406e+02 2.517498970031738281e+01 7.691535186767578125e+01
3.452852935791015625e+02 1.364694786071777344e+02 2.420582580566406250e+01 7.522837066650390625e+01
3.447631311416625977e+02 1.371519660949707031e+02 2.449755668640136719e+01 7.470064544677734375e+01
3.463274860382080078e+02 1.374530220031738281e+02 2.348862838745117188e+01 7.396729278564453125e+01
3.462185783386230469e+02 1.390040435791015625e+02 2.330750274658203125e+01 7.255485534667968750e+01
3.477886962890625000e+02 1.390000915527343750e+02 2.454563903808593750e+01 7.340080261230468750e+01
3.457697076797485352e+02 1.395535087585449219e+02 2.528071403503417969e+01 7.319084930419921875e+01
3.490176467895507812e+02 1.384808959960937500e+02 2.351718139648437500e+01 7.379882812500000000e+01
3.508405332565307617e+02 1.386168060302734375e+02 2.270095252990722656e+01 7.442469787597656250e+01
3.494736804962158203e+02 1.392111206054687500e+02 2.192051315307617188e+01 7.387705993652343750e+01
3.509228038787841797e+02 1.380730133056640625e+02 2.257884597778320312e+01 7.504179382324218750e+01
3.501411628723144531e+02 1.386267395019531250e+02 2.160897064208984375e+01 7.438890075683593750e+01
3.497804412841796875e+02 1.384928588867187500e+02 2.287033081054687500e+01 7.508953857421875000e+01
3.494226598739624023e+02 1.374317893981933594e+02 2.280145454406738281e+01 7.615225982666015625e+01
3.483664159774780273e+02 1.370289802551269531e+02 2.321139717102050781e+01 7.625211334228515625e+01
3.466156606674194336e+02 1.346997184753417969e+02 2.479017829895019531e+01 7.836219024658203125e+01
3.462017936706542969e+02 1.342562141418457031e+02 2.436849212646484375e+01 7.943573760986328125e+01
3.439498186111450195e+02 1.301517486572265625e+02 2.757381248474121094e+01 8.381855773925781250e+01
3.442862567901611328e+02 1.262315177917480469e+02 2.562653732299804688e+01 8.666242218017578125e+01
3.442117710113525391e+02 1.265463027954101562e+02 2.369662094116210938e+01 8.624826049804687500e+01
3.415645837783813477e+02 1.258835372924804688e+02 2.506710624694824219e+01 8.582086181640625000e+01
3.392654743194580078e+02 1.246939849853515625e+02 2.654912948608398438e+01 8.654641723632812500e+01
3.401836042404174805e+02 1.262053298950195312e+02 2.407644081115722656e+01 8.575532531738281250e+01
3.382248516082763672e+02 1.261064605712890625e+02 2.502670669555664062e+01 8.648272705078125000e+01
3.398039264678955078e+02 1.287242813110351562e+02 2.342011642456054688e+01 8.413035583496093750e+01
3.397740678787231445e+02 1.314724273681640625e+02 2.171147727966308594e+01 8.153025817871093750e+01
3.393485698699951172e+02 1.322290267944335938e+02 2.179820632934570312e+01 8.127116394042968750e+01
3.386484594345092773e+02 1.339700393676757812e+02 2.167898750305175781e+01 7.979132080078125000e+01
3.392448501586914062e+02 1.333855628967285156e+02 2.122291564941406250e+01 8.076204681396484375e+01
3.381030044555664062e+02 1.320522880554199219e+02 2.131147766113281250e+01 8.162619781494140625e+01
3.389634208679199219e+02 1.316305427551269531e+02 2.163294219970703125e+01 8.290229034423828125e+01
3.382745590209960938e+02 1.313066062927246094e+02 2.131486511230468750e+01 8.284172821044921875e+01
3.393792924880981445e+02 1.313204154968261719e+02 2.150845909118652344e+01 8.251351165771484375e+01
3.384818687438964844e+02 1.316008186340332031e+02 2.306351470947265625e+01 8.230414581298828125e+01
3.383033571243286133e+02 1.324880561828613281e+02 2.506448936462402344e+01 8.128256988525390625e+01
3.376066837310791016e+02 1.322012290954589844e+02 2.652366256713867188e+01 7.968027496337890625e+01
3.395772047042846680e+02 1.333149948120117188e+02 2.501230812072753906e+01 7.990574645996093750e+01
3.378464622497558594e+02 1.330557518005371094e+02 2.709091949462890625e+01 8.068155670166015625e+01
3.392337350845336914e+02 1.335026931762695312e+02 2.604505729675292969e+01 8.033554077148437500e+01
3.379363069534301758e+02 1.332407760620117188e+02 2.860582542419433594e+01 8.088880920410156250e+01
3.376022520065307617e+02 1.330565834045410156e+02 2.667138099670410156e+01 8.012342071533203125e+01
3.394242200851440430e+02 1.325191802978515625e+02 2.508928871154785156e+01 8.103370666503906250e+01
3.391698904037475586e+02 1.325964126586914062e+02 2.428148078918457031e+01 8.088841247558593750e+01
3.397284870147705078e+02 1.331060409545898438e+02 2.257412338256835938e+01 8.029455566406250000e+01
3.389520559310913086e+02 1.322487220764160156e+02 2.212103462219238281e+01 8.035742950439453125e+01
3.392665042877197266e+02 1.329477920532226562e+02 2.223469161987304688e+01 7.960784912109375000e+01
3.391866807937622070e+02 1.333816566467285156e+02 2.254735374450683594e+01 8.014577484130859375e+01
3.394963712692260742e+02 1.329058761596679688e+02 2.247222328186035156e+01 7.979573059082031250e+01
3.392743930816650391e+02 1.330793952941894531e+02 2.245183944702148438e+01 7.971846771240234375e+01
3.385210256576538086e+02 1.332597961425781250e+02 2.321531867980957031e+01 8.008888244628906250e+01
3.385374336242675781e+02 1.332327384948730469e+02 2.416515350341796875e+01 7.974857330322265625e+01
3.391436853408813477e+02 1.332379188537597656e+02 2.401588249206542969e+01 7.993889617919921875e+01
3.392952232360839844e+02 1.333551445007324219e+02 2.422396087646484375e+01 8.043042755126953125e+01
3.383357877731323242e+02 1.334332046508789062e+02 2.476140785217285156e+01 7.993395996093750000e+01
3.368493938446044922e+02 1.335375404357910156e+02 2.524716567993164062e+01 7.985515594482421875e+01
3.378103418350219727e+02 1.337314872741699219e+02 2.514503288269042969e+01 7.948000335693359375e+01
3.365795421600341797e+02 1.334938430786132812e+02 2.579709243774414062e+01 7.852845764160156250e+01
3.360051517486572266e+02 1.339626541137695312e+02 2.587968063354492188e+01 7.869906616210937500e+01
3.360946407318115234e+02 1.341756210327148438e+02 2.611397171020507812e+01 7.843920898437500000e+01
3.361278047561645508e+02 1.357408714294433594e+02 2.512897300720214844e+01 7.715091705322265625e+01
3.350292501449584961e+02 1.363990631103515625e+02 2.549943733215332031e+01 7.680953979492187500e+01
3.358253297805786133e+02 1.378999938964843750e+02 2.484270286560058594e+01 7.400112915039062500e+01
3.356593971252441406e+02 1.397900695800781250e+02 2.459450531005859375e+01 7.267822265625000000e+01
3.347020435333251953e+02 1.411561012268066406e+02 2.514284896850585938e+01 7.104265594482421875e+01
3.333162746429443359e+02 1.408636283874511719e+02 2.442816543579101562e+01 7.198538970947265625e+01
3.325814104080200195e+02 1.412417411804199219e+02 2.278574180603027344e+01 7.152552032470703125e+01
3.333961648941040039e+02 1.415407142639160156e+02 2.296801567077636719e+01 7.342263031005859375e+01
3.331981096267700195e+02 1.420056266784667969e+02 2.201987266540527344e+01 7.294089508056640625e+01
3.320501070022583008e+02 1.427768058776855469e+02 2.151259422302246094e+01 7.216234588623046875e+01
3.310720720291137695e+02 1.424289894104003906e+02 2.292886924743652344e+01 7.212003326416015625e+01
3.292646265029907227e+02 1.413361015319824219e+02 2.325098991394042969e+01 7.253652191162109375e+01
3.282716722488403320e+02 1.400722198486328125e+02 2.403601646423339844e+01 7.415299987792968750e+01
3.253115940093994141e+02 1.367422943115234375e+02 2.655201339721679688e+01 7.675588989257812500e+01
3.229661235809326172e+02 1.351684646606445312e+02 2.627858352661132812e+01 7.933222961425781250e+01
3.207415437698364258e+02 1.346141967773437500e+02 2.814295005798339844e+01 8.137263488769531250e+01
3.186968917846679688e+02 1.337322845458984375e+02 2.977557373046875000e+01 8.175816345214843750e+01
3.159033021926879883e+02 1.331816787719726562e+02 3.165797996520996094e+01 8.190515136718750000e+01
3.150432949066162109e+02 1.343579826354980469e+02 2.959689712524414062e+01 8.203983306884765625e+01
3.122796173095703125e+02 1.355491752624511719e+02 3.279846191406250000e+01 7.629344940185546875e+01
3.115344038009643555e+02 1.374940872192382812e+02 3.072292518615722656e+01 7.164520263671875000e+01
3.073423547744750977e+02 1.371026687622070312e+02 3.078106498718261719e+01 7.793643188476562500e+01
3.084760665893554688e+02 1.354498176574707031e+02 2.707196044921875000e+01 8.211414337158203125e+01
3.070479965209960938e+02 1.332173004150390625e+02 2.600440979003906250e+01 8.191627502441406250e+01
3.034080219268798828e+02 1.307031631469726562e+02 2.715382003784179688e+01 8.760937500000000000e+01
3.000018081665039062e+02 1.312049255371093750e+02 2.739645385742187500e+01 8.572679138183593750e+01
2.981531114578247070e+02 1.312520523071289062e+02 2.711862754821777344e+01 8.701530456542968750e+01
2.958334188461303711e+02 1.322157516479492188e+02 2.710763740539550781e+01 8.456457519531250000e+01
2.914822568893432617e+02 1.332639007568359375e+02 2.723620033264160156e+01 8.791627502441406250e+01
2.895588531494140625e+02 1.336006050109863281e+02 2.625102233886718750e+01 8.847830963134765625e+01
2.871863574981689453e+02 1.326677551269531250e+02 2.446368026733398438e+01 9.030612182617187500e+01
2.828142299652099609e+02 1.307379493713378906e+02 2.548289871215820312e+01 9.188329315185546875e+01
2.767152051925659180e+02 1.287552642822265625e+02 2.866721534729003906e+01 9.381936645507812500e+01
2.727899370193481445e+02 1.277382545471191406e+02 3.138409996032714844e+01 9.407221221923828125e+01
2.689321403503417969e+02 1.276871910095214844e+02 3.387795257568359375e+01 9.378307342529296875e+01
2.639165134429931641e+02 1.279430046081542969e+02 3.562063217163085938e+01 9.436820220947265625e+01
2.601939277648925781e+02 1.298455467224121094e+02 3.720774078369140625e+01 9.492217254638671875e+01
2.589683170318603516e+02 1.316503906250000000e+02 3.566140365600585938e+01 9.278511047363281250e+01
2.567159805297851562e+02 1.317267684936523438e+02 3.388809204101562500e+01 8.823071289062500000e+01
2.540244331359863281e+02 1.318687171936035156e+02 3.023950958251953125e+01 9.507837677001953125e+01
2.504227628707885742e+02 1.294572143554687500e+02 2.920470619201660156e+01 9.695825195312500000e+01
2.473286294937133789e+02 1.281400413513183594e+02 2.973158073425292969e+01 9.796517181396484375e+01
2.456567983627319336e+02 1.260132865905761719e+02 2.956108283996582031e+01 9.843614959716796875e+01
2.407248611450195312e+02 1.255969772338867188e+02 3.219177246093750000e+01 9.902909851074218750e+01
2.363147964477539062e+02 1.259811820983886719e+02 3.307568359375000000e+01 9.764402008056640625e+01
2.329092197418212891e+02 1.242698020935058594e+02 3.370859909057617188e+01 1.021015090942382812e+02
2.297786865234375000e+02 1.274018402099609375e+02 3.304238891601562500e+01 1.006562652587890625e+02
2.270737571716308594e+02 1.299733428955078125e+02 3.164864349365234375e+01 9.688587951660156250e+01
2.232794246673583984e+02 1.314314270019531250e+02 3.000748062133789062e+01 9.449180603027343750e+01
2.198896865844726562e+02 1.308817901611328125e+02 2.814414978027343750e+01 9.586218261718750000e+01
2.166593656539916992e+02 1.292957916259765625e+02 2.692926979064941406e+01 1.027740173339843750e+02
2.105834102630615234e+02 1.287020835876464844e+02 2.982466506958007812e+01 1.033513107299804688e+02
2.065963230133056641e+02 1.265769004821777344e+02 3.186538314819335938e+01 1.058719100952148438e+02
1.992265071868896484e+02 1.271075630187988281e+02 3.762744522094726562e+01 1.059489517211914062e+02
1.918811359405517578e+02 1.263750152587890625e+02 4.409537887573242188e+01 1.066505126953125000e+02
1.916761989593505859e+02 1.260739059448242188e+02 4.113827896118164062e+01 1.086801605224609375e+02
1.873057327270507812e+02 1.239766883850097656e+02 4.335766601562500000e+01 1.132180099487304688e+02
1.857803306579589844e+02 1.253640975952148438e+02 3.921038055419921875e+01 1.109676971435546875e+02
