3.950000000000000000e+02 1.810000000000000000e+02 9.000000000000000000e+00 1.300000000000000000e+01
3.937017197608947754e+02 1.806408348083496094e+02 1.000000000000000000e+01 1.202589035034179688e+01
3.937618966102600098e+02 1.808857679367065430e+02 1.000000000000000000e+01 1.271369743347167969e+01
3.936822581291198730e+02 1.814319891929626465e+02 1.000000000000000000e+01 1.248465824127197266e+01
3.936357336044311523e+02 1.817315516471862793e+02 1.000000000000000000e+01 1.188019275665283203e+01
3.926598224639892578e+02 1.811217575073242188e+02 1.000000000000000000e+01 1.235691070556640625e+01
3.926810932159423828e+02 1.813870987892150879e+02 1.000000000000000000e+01 1.205092144012451172e+01
3.917137017250061035e+02 1.811680111885070801e+02 1.000000000000000000e+01 1.253299999237060547e+01
3.918386969566345215e+02 1.813255710601806641e+02 1.000000000000000000e+01 1.227101898193359375e+01
3.915264239311218262e+02 1.813101496696472168e+02 1.000000000000000000e+01 1.213718128204345703e+01
3.908799452781677246e+02 1.811601042747497559e+02 1.000000000000000000e+01 1.252185916900634766e+01
3.905748791694641113e+02 1.809461650848388672e+02 1.000000000000000000e+01 1.272489166259765625e+01
3.891449308395385742e+02 1.811758208274841309e+02 1.000000000000000000e+01 1.284891223907470703e+01
3.895125942230224609e+02 1.806058120727539062e+02 1.000000000000000000e+01 1.276899337768554688e+01
3.880690751075744629e+02 1.807632918357849121e+02 1.000000000000000000e+01 1.308201694488525391e+01
3.884719176292419434e+02 1.814992251396179199e+02 1.000000000000000000e+01 1.266478824615478516e+01
3.885298862457275391e+02 1.812343578338623047e+02 1.000000000000000000e+01 1.296043014526367188e+01
3.869179067611694336e+02 1.809509353637695312e+02 1.000000000000000000e+01 1.319423675537109375e+01
3.872061252593994141e+02 1.807830176353454590e+02 1.000000000000000000e+01 1.334830188751220703e+01
3.862450313568115234e+02 1.812546777725219727e+02 1.001976013183593750e+01 1.304382133483886719e+01
3.866340775489807129e+02 1.813211174011230469e+02 1.000000000000000000e+01 1.305408096313476562e+01
3.851525545120239258e+02 1.812877788543701172e+02 1.000000000000000000e+01 1.316809844970703125e+01
3.853864707946777344e+02 1.810250730514526367e+02 1.000000000000000000e+01 1.328237342834472656e+01
3.851724395751953125e+02 1.814001364707946777e+02 1.000000000000000000e+01 1.338355731964111328e+01
3.842978830337524414e+02 1.807474260330200195e+02 1.000000000000000000e+01 1.363290214538574219e+01
3.841181497573852539e+02 1.809987273216247559e+02 1.000000000000000000e+01 1.347245502471923828e+01
3.833554134368896484e+02 1.809988718032836914e+02 1.000000000000000000e+01 1.398764991760253906e+01
3.837966756820678711e+02 1.813099050521850586e+02 1.000000000000000000e+01 1.305705451965332031e+01
3.830277452468872070e+02 1.810271868705749512e+02 1.000000000000000000e+01 1.295806598663330078e+01
3.827378211021423340e+02 1.806105222702026367e+02 1.000000000000000000e+01 1.321541023254394531e+01
3.821142964363098145e+02 1.814724898338317871e+02 1.000000000000000000e+01 1.329437732696533203e+01
3.818329920768737793e+02 1.810038247108459473e+02 1.000000000000000000e+01 1.345910930633544922e+01
3.818391737937927246e+02 1.816078352928161621e+02 1.000000000000000000e+01 1.338114261627197266e+01
3.814573893547058105e+02 1.812633714675903320e+02 1.000000000000000000e+01 1.370816230773925781e+01
3.799130005836486816e+02 1.809095826148986816e+02 1.002161216735839844e+01 1.319141674041748047e+01
3.798603496551513672e+02 1.804150676727294922e+02 1.000000000000000000e+01 1.391551971435546875e+01
3.792918453216552734e+02 1.810865144729614258e+02 1.000000000000000000e+01 1.386977577209472656e+01
3.790713500976562500e+02 1.811392335891723633e+02 1.008978652954101562e+01 1.386656761169433594e+01
3.785979018211364746e+02 1.815335493087768555e+02 1.000000000000000000e+01 1.374813270568847656e+01
3.780434956550598145e+02 1.811884846687316895e+02 1.005359840393066406e+01 1.415877437591552734e+01
3.778918590545654297e+02 1.815246744155883789e+02 1.000000000000000000e+01 1.355804634094238281e+01
3.776411733627319336e+02 1.812092738151550293e+02 1.038405799865722656e+01 1.374696445465087891e+01
3.767439413070678711e+02 1.815083341598510742e+02 1.000000000000000000e+01 1.381006813049316406e+01
3.763888897895812988e+02 1.815599694252014160e+02 1.000000000000000000e+01 1.375530910491943359e+01
3.756386642456054688e+02 1.810830478668212891e+02 1.000000000000000000e+01 1.347372817993164062e+01
3.756346006393432617e+02 1.813668866157531738e+02 1.000000000000000000e+01 1.435315227508544922e+01
3.748598480224609375e+02 1.809270420074462891e+02 1.000000000000000000e+01 1.446182632446289062e+01
3.753715476989746094e+02 1.811393365859985352e+02 1.000000000000000000e+01 1.376249504089355469e+01
3.736956787109375000e+02 1.806590089797973633e+02 1.000000000000000000e+01 1.373409080505371094e+01
3.737663068771362305e+02 1.813898429870605469e+02 1.000000000000000000e+01 1.403059387207031250e+01
3.727415633201599121e+02 1.814197063446044922e+02 1.000000000000000000e+01 1.441758728027343750e+01
3.728305201530456543e+02 1.814836292266845703e+02 1.000000000000000000e+01 1.393087387084960938e+01
3.717438311576843262e+02 1.814455037117004395e+02 1.023738861083984375e+01 1.472129344940185547e+01
3.715502381324768066e+02 1.811218471527099609e+02 1.029715538024902344e+01 1.423350524902343750e+01
3.712220501899719238e+02 1.810691661834716797e+02 1.000000000000000000e+01 1.485547256469726562e+01
3.702562932968139648e+02 1.812724995613098145e+02 1.000000000000000000e+01 1.458046245574951172e+01
3.698721132278442383e+02 1.816345152854919434e+02 1.019507598876953125e+01 1.428607273101806641e+01
3.706649880409240723e+02 1.817671723365783691e+02 1.000000000000000000e+01 1.583968639373779297e+01
3.694268746376037598e+02 1.816675333976745605e+02 1.000000000000000000e+01 1.483406925201416016e+01
3.690820364952087402e+02 1.808364038467407227e+02 1.000000000000000000e+01 1.516101264953613281e+01
3.682718524932861328e+02 1.815843677520751953e+02 1.000000000000000000e+01 1.534975051879882812e+01
3.680353627204895020e+02 1.814591622352600098e+02 1.000000000000000000e+01 1.502389430999755859e+01
3.671591005325317383e+02 1.811373310089111328e+02 1.000000000000000000e+01 1.499497604370117188e+01
3.667272748947143555e+02 1.813684806823730469e+02 1.000000000000000000e+01 1.499365234375000000e+01
3.667997856140136719e+02 1.814365220069885254e+02 1.000000000000000000e+01 1.571741008758544922e+01
3.655099496841430664e+02 1.814271497726440430e+02 1.001569175720214844e+01 1.548812675476074219e+01
3.642264204025268555e+02 1.815926775932312012e+02 1.000000000000000000e+01 1.474936771392822266e+01
3.642566823959350586e+02 1.817671270370483398e+02 1.000000000000000000e+01 1.581887245178222656e+01
3.638751931190490723e+02 1.815188741683959961e+02 1.000000000000000000e+01 1.559884071350097656e+01
3.631505737304687500e+02 1.815547537803649902e+02 1.001926517486572266e+01 1.582790470123291016e+01
3.624529886245727539e+02 1.812058582305908203e+02 1.004785823822021484e+01 1.582553100585937500e+01
3.617302565574645996e+02 1.810505199432373047e+02 1.039584922790527344e+01 1.607060241699218750e+01
3.610385570526123047e+02 1.815751686096191406e+02 1.128839206695556641e+01 1.473717880249023438e+01
3.606086416244506836e+02 1.811888604164123535e+02 1.067833232879638672e+01 1.542972850799560547e+01
3.607906961441040039e+02 1.811977925300598145e+02 1.013325405120849609e+01 1.533182048797607422e+01
3.596084284782409668e+02 1.811827101707458496e+02 1.050330924987792969e+01 1.536757755279541016e+01
3.599685325622558594e+02 1.815392417907714844e+02 1.000000000000000000e+01 1.629277420043945312e+01
3.590221433639526367e+02 1.807349743843078613e+02 1.029087638854980469e+01 1.540029811859130859e+01
3.582177176475524902e+02 1.813573379516601562e+02 1.000000000000000000e+01 1.592221450805664062e+01
3.583369369506835938e+02 1.814992647171020508e+02 1.000000000000000000e+01 1.606952095031738281e+01
3.579653716087341309e+02 1.814707765579223633e+02 1.000000000000000000e+01 1.591952705383300781e+01
3.572569661140441895e+02 1.814016408920288086e+02 1.035883140563964844e+01 1.576593589782714844e+01
3.569553732872009277e+02 1.818654437065124512e+02 1.028252792358398438e+01 1.513506031036376953e+01
3.559883885383605957e+02 1.818366475105285645e+02 1.035537528991699219e+01 1.573708629608154297e+01
3.549563436508178711e+02 1.807671251296997070e+02 1.059146213531494141e+01 1.631277275085449219e+01
3.543562431335449219e+02 1.815359110832214355e+02 1.027714443206787109e+01 1.575080204010009766e+01
3.542980017662048340e+02 1.810430803298950195e+02 1.028249740600585938e+01 1.644907188415527344e+01
3.534589886665344238e+02 1.811554727554321289e+02 1.044422340393066406e+01 1.639749717712402344e+01
3.533028650283813477e+02 1.813119487762451172e+02 1.031483936309814453e+01 1.609127426147460938e+01
3.523793430328369141e+02 1.819673991203308105e+02 1.099157238006591797e+01 1.564965915679931641e+01
3.524649701118469238e+02 1.822261600494384766e+02 1.035151863098144531e+01 1.619599151611328125e+01
3.513173680305480957e+02 1.816352739334106445e+02 1.000000000000000000e+01 1.614936256408691406e+01
3.505939416885375977e+02 1.817869834899902344e+02 1.029103755950927734e+01 1.574707412719726562e+01
3.512509140968322754e+02 1.809200248718261719e+02 1.000000000000000000e+01 1.675365447998046875e+01
3.498903126716613770e+02 1.819350357055664062e+02 1.029066085815429688e+01 1.602333450317382812e+01
3.497600135803222656e+02 1.814634580612182617e+02 1.000000000000000000e+01 1.585652351379394531e+01
3.494340701103210449e+02 1.811183443069458008e+02 1.001303195953369141e+01 1.576676750183105469e+01
3.478407168388366699e+02 1.811364221572875977e+02 1.038278675079345703e+01 1.582127189636230469e+01
3.472476716041564941e+02 1.810204715728759766e+02 1.081600093841552734e+01 1.637313079833984375e+01
3.456415576934814453e+02 1.813299818038940430e+02 1.091314315795898438e+01 1.668543434143066406e+01
3.457180061340332031e+02 1.810441255569458008e+02 1.128236770629882812e+01 1.628685569763183594e+01
3.454710259437561035e+02 1.809017744064331055e+02 1.090810298919677734e+01 1.644149208068847656e+01
3.444877691268920898e+02 1.817651681900024414e+02 1.076832389831542969e+01 1.615367317199707031e+01
3.438687624931335449e+02 1.819458427429199219e+02 1.163700199127197266e+01 1.385967254638671875e+01
3.436953568458557129e+02 1.819627971649169922e+02 1.151480388641357422e+01 1.516344833374023438e+01
3.427713527679443359e+02 1.814741888046264648e+02 1.091920089721679688e+01 1.606510734558105469e+01
3.417960724830627441e+02 1.805319118499755859e+02 1.080808925628662109e+01 1.650790023803710938e+01
3.417764306068420410e+02 1.812271766662597656e+02 1.104727840423583984e+01 1.625379943847656250e+01
3.416786532402038574e+02 1.816688442230224609e+02 1.071928882598876953e+01 1.627878189086914062e+01
3.408460960388183594e+02 1.817443666458129883e+02 1.025041198730468750e+01 1.467542457580566406e+01
3.398718910217285156e+02 1.817345132827758789e+02 1.040420913696289062e+01 1.563339042663574219e+01
3.391889157295227051e+02 1.804456157684326172e+02 1.054199886322021484e+01 1.565465164184570312e+01
3.393716049194335938e+02 1.819752683639526367e+02 1.070465469360351562e+01 1.649357032775878906e+01
3.375270676612854004e+02 1.814298105239868164e+02 1.062605571746826172e+01 1.630027961730957031e+01
3.373557839393615723e+02 1.816059341430664062e+02 1.150685405731201172e+01 1.603681945800781250e+01
3.358578214645385742e+02 1.815617651939392090e+02 1.086925697326660156e+01 1.577808475494384766e+01
3.341606259346008301e+02 1.813099536895751953e+02 1.192281627655029297e+01 1.604544067382812500e+01
3.353431930541992188e+02 1.817023820877075195e+02 1.097857284545898438e+01 1.676395988464355469e+01
3.348646531105041504e+02 1.807352237701416016e+02 1.085112667083740234e+01 1.735322952270507812e+01
3.331959905624389648e+02 1.810316390991210938e+02 1.124873542785644531e+01 1.731607818603515625e+01
3.328683099746704102e+02 1.811694717407226562e+02 1.086686134338378906e+01 1.687428283691406250e+01
3.323702220916748047e+02 1.816597461700439453e+02 1.046313858032226562e+01 1.671624755859375000e+01
3.329954280853271484e+02 1.802322387695312500e+02 1.020269393920898438e+01 1.794483184814453125e+01
3.319737048149108887e+02 1.806557226181030273e+02 1.122333240509033203e+01 1.681153678894042969e+01
3.328243780136108398e+02 1.817897815704345703e+02 1.078229331970214844e+01 1.663902282714843750e+01
3.319941282272338867e+02 1.810324392318725586e+02 1.018320655822753906e+01 1.769993400573730469e+01
3.304499511718750000e+02 1.808260850906372070e+02 1.137331390380859375e+01 1.659627342224121094e+01
3.294375324249267578e+02 1.822918634414672852e+02 1.291925430297851562e+01 1.562822914123535156e+01
3.288399200439453125e+02 1.822371869087219238e+02 1.175924682617187500e+01 1.545638561248779297e+01
3.267613544464111328e+02 1.827172899246215820e+02 1.123305892944335938e+01 1.475464439392089844e+01
3.263366122245788574e+02 1.838930158615112305e+02 1.120227527618408203e+01 1.363958549499511719e+01
3.254717345237731934e+02 1.832405896186828613e+02 1.082087421417236328e+01 1.416475963592529297e+01
3.241609344482421875e+02 1.818793630599975586e+02 1.094626235961914062e+01 1.691111946105957031e+01
3.238011779785156250e+02 1.765295238494873047e+02 1.656317520141601562e+01 2.151510620117187500e+01
3.268206186294555664e+02 1.808374700546264648e+02 1.790004158020019531e+01 2.398795890808105469e+01
3.276522188186645508e+02 1.771500930786132812e+02 2.589048957824707031e+01 2.633871841430664062e+01
3.214193630218505859e+02 1.784838428497314453e+02 2.824887847900390625e+01 3.000917816162109375e+01
3.341467046737670898e+02 1.713119411468505859e+02 2.836025047302246094e+01 3.339423370361328125e+01
3.343960037231445312e+02 1.724445018768310547e+02 3.246254348754882812e+01 3.788184356689453125e+01
3.402524623870849609e+02 1.685793075561523438e+02 3.383167266845703125e+01 3.403769302368164062e+01
3.213657913208007812e+02 1.670281486511230469e+02 3.069087600708007812e+01 3.557697677612304688e+01
3.115062675476074219e+02 1.661369934082031250e+02 3.730161666870117188e+01 3.346550369262695312e+01
3.097410182952880859e+02 1.721127538681030273e+02 3.024515533447265625e+01 2.805574607849121094e+01
3.128108749389648438e+02 1.723836679458618164e+02 2.771122360229492188e+01 2.644040870666503906e+01
3.128751029968261719e+02 1.768355751037597656e+02 2.306657028198242188e+01 2.281614303588867188e+01
3.137826871871948242e+02 1.799831466674804688e+02 1.611408805847167969e+01 1.984552383422851562e+01
3.126489582061767578e+02 1.832287359237670898e+02 1.285411071777343750e+01 1.652628135681152344e+01
3.127148699760437012e+02 1.840408587455749512e+02 1.228867816925048828e+01 1.538972187042236328e+01
3.119498863220214844e+02 1.836899375915527344e+02 1.156919860839843750e+01 1.601753616333007812e+01
3.095455713272094727e+02 1.841472172737121582e+02 1.217133522033691406e+01 1.410056209564208984e+01
3.093152256011962891e+02 1.836161022186279297e+02 1.185601806640625000e+01 1.469744491577148438e+01
3.076512422561645508e+02 1.847852563858032227e+02 1.164460563659667969e+01 1.593843650817871094e+01
3.072042069435119629e+02 1.827147178649902344e+02 1.188046169281005859e+01 1.754725646972656250e+01
3.059180502891540527e+02 1.835685167312622070e+02 1.269359683990478516e+01 1.635651969909667969e+01
3.050673069953918457e+02 1.828645524978637695e+02 1.251049327850341797e+01 1.606737709045410156e+01
3.041399669647216797e+02 1.831504573822021484e+02 1.216845703125000000e+01 1.664283752441406250e+01
3.029365763664245605e+02 1.826164178848266602e+02 1.260360813140869141e+01 1.626570701599121094e+01
3.027144441604614258e+02 1.817963962554931641e+02 1.257445716857910156e+01 1.741500473022460938e+01
3.013550601005554199e+02 1.813001327514648438e+02 1.269126224517822266e+01 1.757718276977539062e+01
3.000690298080444336e+02 1.820464963912963867e+02 1.284148979187011719e+01 1.786105537414550781e+01
2.989290509223937988e+02 1.822176399230957031e+02 1.273897457122802734e+01 1.854191589355468750e+01
2.988053860664367676e+02 1.824151468276977539e+02 1.247968578338623047e+01 1.807529640197753906e+01
2.968171610832214355e+02 1.821262893676757812e+02 1.292059421539306641e+01 1.856414794921875000e+01
2.966789765357971191e+02 1.822252101898193359e+02 1.304669857025146484e+01 1.917311096191406250e+01
2.952520060539245605e+02 1.816946754455566406e+02 1.269409275054931641e+01 2.010213470458984375e+01
2.944537591934204102e+02 1.818211221694946289e+02 1.290242958068847656e+01 2.012594413757324219e+01
2.938571691513061523e+02 1.822797574996948242e+02 1.280128669738769531e+01 2.011080360412597656e+01
2.925769791603088379e+02 1.815576171875000000e+02 1.284109783172607422e+01 2.119647979736328125e+01
2.917585372924804688e+02 1.816062250137329102e+02 1.294753265380859375e+01 2.056233787536621094e+01
2.910524153709411621e+02 1.814076004028320312e+02 1.232044696807861328e+01 2.036547851562500000e+01
2.903475580215454102e+02 1.812139472961425781e+02 1.265482902526855469e+01 2.041874694824218750e+01
2.888128161430358887e+02 1.814330644607543945e+02 1.293708133697509766e+01 1.988557243347167969e+01
2.873976755142211914e+02 1.814247655868530273e+02 1.314399528503417969e+01 2.035041999816894531e+01
2.869736652374267578e+02 1.815833301544189453e+02 1.286931991577148438e+01 2.033620071411132812e+01
2.860493288040161133e+02 1.818550281524658203e+02 1.279994010925292969e+01 2.053055191040039062e+01
2.841632161140441895e+02 1.814798460006713867e+02 1.360121059417724609e+01 2.148427009582519531e+01
2.839089088439941406e+02 1.808746719360351562e+02 1.351386260986328125e+01 2.102733612060546875e+01
2.830496439933776855e+02 1.815577983856201172e+02 1.292131900787353516e+01 2.123753738403320312e+01
2.815872654914855957e+02 1.799702396392822266e+02 1.301389217376708984e+01 2.269029617309570312e+01
2.802037382125854492e+02 1.815614051818847656e+02 1.282805824279785156e+01 2.156267547607421875e+01
2.792732586860656738e+02 1.809295949935913086e+02 1.291740322113037109e+01 2.258162117004394531e+01
2.785618362426757812e+02 1.807332401275634766e+02 1.295435333251953125e+01 2.288311386108398438e+01
2.778953552246093750e+02 1.802764663696289062e+02 1.156820678710937500e+01 2.278333282470703125e+01
2.766035213470458984e+02 1.810714578628540039e+02 1.266434097290039062e+01 2.195145225524902344e+01
2.757428612709045410e+02 1.796938924789428711e+02 1.300194072723388672e+01 2.298576545715332031e+01
2.744836502075195312e+02 1.807569799423217773e+02 1.242314147949218750e+01 2.369239997863769531e+01
2.730400400161743164e+02 1.802245874404907227e+02 1.293549919128417969e+01 2.337540245056152344e+01
2.725889253616333008e+02 1.805033092498779297e+02 1.107031822204589844e+01 2.286684036254882812e+01
2.710817542076110840e+02 1.809236230850219727e+02 1.251177310943603516e+01 2.405791282653808594e+01
2.696385388374328613e+02 1.814275722503662109e+02 1.292611980438232422e+01 2.383205795288085938e+01
2.680040664672851562e+02 1.805974321365356445e+02 1.320985794067382812e+01 2.450317192077636719e+01
2.659284362792968750e+02 1.803805646896362305e+02 1.414358901977539062e+01 2.334074592590332031e+01
2.596399240493774414e+02 1.808156900405883789e+02 1.391081809997558594e+01 2.318730735778808594e+01
2.585804371833801270e+02 1.820929965972900391e+02 1.379169368743896484e+01 2.234216690063476562e+01
2.573417329788208008e+02 1.808635082244873047e+02 1.429527091979980469e+01 2.308579635620117188e+01
2.559747467041015625e+02 1.817891683578491211e+02 1.405408477783203125e+01 2.394452095031738281e+01
2.543439183235168457e+02 1.809597148895263672e+02 1.466798305511474609e+01 2.456465530395507812e+01
2.488026719093322754e+02 1.814021673202514648e+02 1.583496379852294922e+01 2.386042976379394531e+01
2.471100959777832031e+02 1.816791248321533203e+02 1.515188598632812500e+01 2.542042160034179688e+01
2.461404662132263184e+02 1.805911445617675781e+02 1.548124408721923828e+01 2.533546447753906250e+01
2.406645460128784180e+02 1.811118478775024414e+02 1.604426002502441406e+01 2.505386161804199219e+01
2.398893566131591797e+02 1.813217668533325195e+02 1.501701736450195312e+01 2.531761741638183594e+01
2.391932954788208008e+02 1.815671663284301758e+02 1.554546165466308594e+01 2.462479972839355469e+01
2.354153690338134766e+02 1.804367341995239258e+02 1.571209335327148438e+01 2.625906181335449219e+01
2.336424436569213867e+02 1.808188056945800781e+02 1.740834999084472656e+01 2.568698120117187500e+01
2.288881969451904297e+02 1.792402229309082031e+02 1.742529678344726562e+01 2.769487762451171875e+01
2.286335849761962891e+02 1.811891527175903320e+02 1.750332260131835938e+01 2.595406913757324219e+01
2.266740121841430664e+02 1.812430562973022461e+02 1.728930473327636719e+01 2.615213203430175781e+01
2.229010238647460938e+02 1.802309780120849609e+02 1.913553619384765625e+01 2.786818313598632812e+01
2.204943904876708984e+02 1.798986682891845703e+02 1.780690383911132812e+01 2.791816329956054688e+01
