8.400000000000000000e+01 1.510000000000000000e+02 9.200000000000000000e+01 1.040000000000000000e+02
9.166680145263669033e+01 1.531904869079589560e+02 9.338569641113281250e+01 9.857434844970703125e+01
1.012918548583984091e+02 1.547429695129394247e+02 9.071109008789062500e+01 9.732076263427734375e+01
1.117141494750976278e+02 1.554216270446777060e+02 8.804756164550781250e+01 9.480023956298828125e+01
1.204612159729003622e+02 1.561146774291991903e+02 8.589858245849609375e+01 9.276615905761718750e+01
1.289388618469237997e+02 1.558141899108886435e+02 8.341982269287109375e+01 9.384925079345703125e+01
1.378010902404784872e+02 1.573142852783202841e+02 8.152407073974609375e+01 9.020718383789062500e+01
1.455722160339355185e+02 1.573827743530273153e+02 7.888352203369140625e+01 9.121665954589843750e+01
1.525323410034179403e+02 1.587788009643554403e+02 7.702345275878906250e+01 8.840882873535156250e+01
1.584455795288085653e+02 1.585691833496093466e+02 7.492213439941406250e+01 8.991439819335937500e+01
1.649917259216308310e+02 1.586429862976073935e+02 7.417331695556640625e+01 8.842398834228515625e+01
1.703512954711913778e+02 1.597087135314941122e+02 7.346208190917968750e+01 8.568346405029296875e+01
1.781586303710937216e+02 1.599586791992187216e+02 7.111560058593750000e+01 8.358816528320312500e+01
1.841192283630370810e+02 1.610629043579101278e+02 6.930228424072265625e+01 8.274983215332031250e+01
1.889118614196777060e+02 1.620646743774413778e+02 6.742356109619143467e+01 8.127381896972656250e+01
1.951389465332031250e+02 1.592133255004882528e+02 6.482046508789062500e+01 8.527210998535156250e+01
1.987363471984863281e+02 1.616214294433593466e+02 6.479399871826171875e+01 7.919976806640625000e+01
2.038343639373779297e+02 1.597972793579101278e+02 6.343112564086914062e+01 8.233677673339843750e+01
2.100382328033447266e+02 1.605730018615722372e+02 6.109592819213867188e+01 8.258174896240234375e+01
2.153767433166503906e+02 1.617098388671874716e+02 5.964250946044921875e+01 8.472198486328125000e+01
2.183918132781982422e+02 1.616164283752441122e+02 5.887427139282226562e+01 8.089284515380859375e+01
2.238631153106689453e+02 1.614219398498534872e+02 5.654012680053710938e+01 8.363155364990234375e+01
2.277797584533691406e+02 1.630446777343749716e+02 5.550078582763671875e+01 8.249868774414062500e+01
2.306411571502685547e+02 1.632053298950195028e+02 5.615253067016601562e+01 8.163359069824218750e+01
2.354686050415039062e+02 1.623835563659667685e+02 5.484312438964843750e+01 8.071002960205078125e+01
2.386256465911865234e+02 1.648281974792480185e+02 5.451247024536132812e+01 7.804325103759765625e+01
2.427170104980468750e+02 1.652233390808105185e+02 5.266995239257812500e+01 7.827225494384765625e+01
2.458642349243164062e+02 1.640358428955077841e+02 5.122477722167968750e+01 7.708984375000000000e+01
2.494482383728027344e+02 1.643472747802734091e+02 5.061267852783203125e+01 7.910475158691406250e+01
2.528697700500488281e+02 1.650689735412597372e+02 4.979897308349609375e+01 7.614701080322265625e+01
2.564725265502929688e+02 1.653768882751464560e+02 4.835746765136718750e+01 7.441703033447265625e+01
2.586249446868896484e+02 1.658903274536132528e+02 4.835876846313476562e+01 6.953793334960937500e+01
2.614554386138916016e+02 1.661220741271972372e+02 4.748452377319335938e+01 6.992737579345703125e+01
2.649203109741210938e+02 1.660690498352050497e+02 4.604187011718750000e+01 7.021523284912109375e+01
2.670610733032226562e+02 1.675501136779784872e+02 4.586076354980468750e+01 6.693395233154296875e+01
2.695974426269531250e+02 1.684682865142821981e+02 4.445051574707031250e+01 6.165363693237304688e+01
2.724683475494384766e+02 1.693148765563964844e+02 4.323725509643554688e+01 6.017978668212890625e+01
2.741519145965576172e+02 1.675460052490234375e+02 4.252177810668945312e+01 6.212669372558593750e+01
2.771154155731201172e+02 1.678199691772460938e+02 4.162414932250976562e+01 6.152247619628906250e+01
2.800773868560791016e+02 1.689656105041503906e+02 4.053942489624023438e+01 5.878932952880859375e+01
2.819319038391113281e+02 1.693543357849121094e+02 4.048662567138671875e+01 5.815891265869140625e+01
2.830330829620361328e+02 1.693051586151123047e+02 4.007224655151367188e+01 5.660846328735351562e+01
2.848762474060058594e+02 1.698172645568847656e+02 3.821529388427734375e+01 5.669617462158203125e+01
2.872852363586425781e+02 1.692880458831787109e+02 3.864514923095703125e+01 5.534241104125976562e+01
2.887355194091796875e+02 1.707141227722167969e+02 3.801948547363281250e+01 5.481258392333984375e+01
2.899316368103027344e+02 1.704827022552490234e+02 3.897321319580078125e+01 5.150413894653320312e+01
2.919919891357421875e+02 1.717623901367187500e+02 3.712530517578125000e+01 5.293444824218750000e+01
2.927300472259521484e+02 1.718272171020507812e+02 3.680037307739257812e+01 5.030508422851562500e+01
2.942462577819824219e+02 1.724618415832519531e+02 3.626850128173828125e+01 5.131874847412109375e+01
2.959115219116210938e+02 1.707546157836914062e+02 3.597523498535156250e+01 5.023364257812500000e+01
2.975864067077636719e+02 1.732508850097656250e+02 3.437743377685546875e+01 4.929127502441406250e+01
2.995425014495849609e+02 1.721907939910888672e+02 3.440631484985351562e+01 4.774899673461914062e+01
3.004675121307373047e+02 1.723398227691650391e+02 3.436157608032226562e+01 5.018642807006835938e+01
3.003174800872802734e+02 1.727700023651123047e+02 3.516586685180664062e+01 4.585527420043945312e+01
3.031644859313964844e+02 1.745102443695068359e+02 3.292105865478515625e+01 4.678482437133789062e+01
3.049935150146484375e+02 1.729790840148925781e+02 3.216751098632812500e+01 4.785341644287109375e+01
3.056305446624755859e+02 1.732889404296875000e+02 3.261969375610351562e+01 4.510829162597656250e+01
3.076744813919067383e+02 1.728949604034423828e+02 3.112323570251464844e+01 4.603214645385742188e+01
3.092154989242553711e+02 1.729469375610351562e+02 3.063501167297363281e+01 4.633601379394531250e+01
3.093827028274536133e+02 1.729201297760009766e+02 3.120752525329589844e+01 4.332848739624023438e+01
3.114342765808105469e+02 1.732702827453613281e+02 2.942421722412109375e+01 4.498598480224609375e+01
3.122397956848144531e+02 1.738146190643310547e+02 2.993521881103515625e+01 4.036233901977539062e+01
3.132669668197631836e+02 1.733966083526611328e+02 2.846269416809082031e+01 4.090644454956054688e+01
3.136727542877197266e+02 1.739099845886230469e+02 2.744518661499023438e+01 3.875736236572265625e+01
3.146931800842285156e+02 1.735671730041503906e+02 2.657837677001953125e+01 3.790648651123046875e+01
3.163166561126708984e+02 1.740793266296386719e+02 2.719906997680664062e+01 3.662561798095703125e+01
3.173486814498901367e+02 1.733657608032226562e+02 2.750652503967285156e+01 3.967547607421875000e+01
3.178243455886840820e+02 1.735245590209960938e+02 2.657454490661621094e+01 3.677021789550781250e+01
3.188227128982543945e+02 1.749582443237304688e+02 2.610061454772949219e+01 3.498869323730468750e+01
3.194666891098022461e+02 1.744061717987060547e+02 2.721296119689941406e+01 3.505659866333007812e+01
3.207866287231445312e+02 1.744157218933105469e+02 2.560097503662109375e+01 3.502170562744140625e+01
3.209633436203002930e+02 1.754953632354736328e+02 2.643669319152832031e+01 3.418549728393554688e+01
3.221868658065795898e+02 1.743523979187011719e+02 2.451828193664550781e+01 3.476529693603515625e+01
3.232956867218017578e+02 1.757887763977050781e+02 2.347027206420898438e+01 3.307025909423828125e+01
3.241702260971069336e+02 1.755902671813964844e+02 2.431991004943847656e+01 3.374236297607421875e+01
3.248807220458984375e+02 1.746006336212158203e+02 2.316212463378906250e+01 3.372605514526367188e+01
3.277563962936401367e+02 1.765664253234863281e+02 2.254660987854003906e+01 3.230380249023437500e+01
3.263373336791992188e+02 1.745603370666503906e+02 2.346109771728515625e+01 3.399342346191406250e+01
3.261885080337524414e+02 1.751577796936035156e+02 2.382606315612792969e+01 3.133481597900390625e+01
3.275779714584350586e+02 1.763594408035278320e+02 2.333689308166503906e+01 3.008410453796386719e+01
3.285318155288696289e+02 1.761228399276733398e+02 2.229886436462402344e+01 3.147577857971191406e+01
3.281928071975708008e+02 1.748293590545654297e+02 2.155758476257324219e+01 3.282522201538085938e+01
3.305842866897583008e+02 1.767104110717773438e+02 2.319032096862792969e+01 2.982196044921875000e+01
3.306038379669189453e+02 1.762196731567382812e+02 2.086407852172851562e+01 2.936662292480468750e+01
3.319920797348022461e+02 1.767233743667602539e+02 2.252309608459472656e+01 2.871812248229980469e+01
3.317693786621093750e+02 1.767181320190429688e+02 2.155216217041015625e+01 2.894226837158203125e+01
3.324146060943603516e+02 1.770702590942382812e+02 2.057876968383789062e+01 2.996193695068359375e+01
3.329221763610839844e+02 1.772563142776489258e+02 2.162458038330078125e+01 2.926079368591308594e+01
3.343787736892700195e+02 1.774227905273437500e+02 2.053159141540527344e+01 2.797610473632812500e+01
3.348335113525390625e+02 1.770492000579833984e+02 1.982752990722656250e+01 2.880806350708007812e+01
3.347540454864501953e+02 1.773886146545410156e+02 2.060638809204101562e+01 2.803707122802734375e+01
3.352645149230957031e+02 1.768022928237915039e+02 2.031958007812500000e+01 2.895482444763183594e+01
3.366455993652343750e+02 1.777814655303955078e+02 2.132811737060546875e+01 2.722745132446289062e+01
3.367769975662231445e+02 1.762423162460327148e+02 2.040783500671386719e+01 2.758461952209472656e+01
3.381798610687255859e+02 1.764772119522094727e+02 1.984505081176757812e+01 2.754483604431152344e+01
3.381450481414794922e+02 1.782207336425781250e+02 2.039771652221679688e+01 2.694047546386718750e+01
3.390862922668457031e+02 1.762114562988281250e+02 2.069239807128906250e+01 2.790426635742187500e+01
3.393330526351928711e+02 1.775661621093750000e+02 2.028423500061035156e+01 2.606291961669921875e+01
3.408042898178100586e+02 1.770912170410156250e+02 1.924030494689941406e+01 2.565417480468750000e+01
3.403774232864379883e+02 1.782827272415161133e+02 1.903551292419433594e+01 2.410558891296386719e+01
3.414508075714111328e+02 1.777274160385131836e+02 1.829476547241210938e+01 2.552483558654785156e+01
3.423325452804565430e+02 1.778921279907226562e+02 1.888511848449707031e+01 2.435379791259765625e+01
3.420619840621948242e+02 1.773274736404418945e+02 1.805400276184082031e+01 2.528554344177246094e+01
3.428401145935058594e+02 1.781019754409790039e+02 1.865983581542968750e+01 2.431330680847167969e+01
3.434133844375610352e+02 1.782968215942382812e+02 1.870491600036621094e+01 2.475903320312500000e+01
3.441792602539062500e+02 1.781706590652465820e+02 1.804439544677734375e+01 2.347066307067871094e+01
3.436969718933105469e+02 1.782361669540405273e+02 1.863296508789062500e+01 2.496051979064941406e+01
3.439311838150024414e+02 1.783855266571044922e+02 1.835509300231933594e+01 2.359345626831054688e+01
3.453021554946899414e+02 1.787208681106567383e+02 1.879224967956542969e+01 2.366034507751464844e+01
3.457675628662109375e+02 1.781931152343750000e+02 1.868551635742187500e+01 2.430068206787109375e+01
3.462975168228149414e+02 1.784686412811279297e+02 1.817905235290527344e+01 2.411392593383789062e+01
3.468482980728149414e+02 1.780069837570190430e+02 1.817928123474121094e+01 2.309387397766113281e+01
3.466574382781982422e+02 1.783180322647094727e+02 1.798577499389648438e+01 2.209652519226074219e+01
3.468916168212890625e+02 1.789409770965576172e+02 1.793550109863281250e+01 2.209438705444335938e+01
3.480233211517333984e+02 1.787848329544067383e+02 1.693497085571289062e+01 2.162313652038574219e+01
3.483048963546752930e+02 1.789966878890991211e+02 1.751736640930175781e+01 2.221112251281738281e+01
3.485875682830810547e+02 1.784775466918945312e+02 1.727263259887695312e+01 2.153759002685546875e+01
3.500669593811035156e+02 1.790183944702148438e+02 1.724092864990234375e+01 2.207193756103515625e+01
3.504255933761596680e+02 1.779691629409790039e+02 1.704404640197753906e+01 2.221303367614746094e+01
3.503358659744262695e+02 1.784703521728515625e+02 1.706686973571777344e+01 2.232177734375000000e+01
3.509916820526123047e+02 1.789990663528442383e+02 1.726476669311523438e+01 2.209270286560058594e+01
3.510253782272338867e+02 1.777099828720092773e+02 1.677247047424316406e+01 2.223922157287597656e+01
3.519127168655395508e+02 1.786823320388793945e+02 1.653611564636230469e+01 2.160144615173339844e+01
3.514763021469116211e+02 1.799411411285400391e+02 1.648736763000488281e+01 2.073899459838867188e+01
3.517769312858581543e+02 1.790077896118164062e+02 1.598839664459228516e+01 2.151048278808593750e+01
3.526339244842529297e+02 1.791402730941772461e+02 1.626800155639648438e+01 2.081616401672363281e+01
3.526325545310974121e+02 1.789314928054809570e+02 1.522908496856689453e+01 2.052568626403808594e+01
3.534303650856018066e+02 1.795169954299926758e+02 1.444136333465576172e+01 1.884335899353027344e+01
3.537635622024536133e+02 1.795400800704956055e+02 1.404678916931152344e+01 1.944627571105957031e+01
3.547420482635498047e+02 1.796285552978515625e+02 1.474078750610351562e+01 1.867092895507812500e+01
3.538087081909179688e+02 1.797943515777587891e+02 1.480842590332031250e+01 1.977863693237304688e+01
3.547594060897827148e+02 1.795337495803833008e+02 1.432842445373535156e+01 1.997828483581542969e+01
3.552811417579650879e+02 1.780405187606811523e+02 1.474724102020263672e+01 2.035518074035644531e+01
3.551320590972900391e+02 1.793512620925903320e+02 1.498267745971679688e+01 1.926198387145996094e+01
3.556284155845642090e+02 1.788368854522705078e+02 1.474243640899658203e+01 2.001177597045898438e+01
3.566966314315795898e+02 1.798164081573486328e+02 1.482319831848144531e+01 1.943729782104492188e+01
3.570251717567443848e+02 1.787273035049438477e+02 1.403362560272216797e+01 1.937840080261230469e+01
3.570392985343933105e+02 1.799530277252197266e+02 1.477597904205322266e+01 1.897294998168945312e+01
3.572267379760742188e+02 1.794944686889648438e+02 1.450208282470703125e+01 1.814016723632812500e+01
3.574467873573303223e+02 1.795539855957031250e+02 1.479257488250732422e+01 1.791342163085937500e+01
3.573607883453369141e+02 1.794243164062500000e+02 1.523545455932617188e+01 1.755574035644531250e+01
3.578143806457519531e+02 1.798112239837646484e+02 1.470662689208984375e+01 1.801088333129882812e+01
3.584312024116516113e+02 1.799275016784667969e+02 1.481196498870849609e+01 1.769367980957031250e+01
3.593154754638671875e+02 1.803804578781127930e+02 1.436029815673828125e+01 1.804388618469238281e+01
3.586912055015563965e+02 1.798746595382690430e+02 1.399980640411376953e+01 1.806379127502441406e+01
3.589430675506591797e+02 1.799140195846557617e+02 1.423570632934570312e+01 1.760900688171386719e+01
3.597430758476257324e+02 1.797840166091918945e+02 1.441816806793212891e+01 1.753705787658691406e+01
3.604268541336059570e+02 1.794130640029907227e+02 1.346043968200683594e+01 1.806547355651855469e+01
3.601528291702270508e+02 1.798412914276123047e+02 1.354607582092285156e+01 1.908761978149414062e+01
3.611559772491455078e+02 1.796967983245849609e+02 1.327135467529296875e+01 1.760498428344726562e+01
3.608722763061523438e+02 1.803501434326171875e+02 1.296246337890625000e+01 1.739519500732421875e+01
3.610051798820495605e+02 1.788984327316284180e+02 1.300641727447509766e+01 1.813356590270996094e+01
3.619269633293151855e+02 1.798986253738403320e+02 1.230526065826416016e+01 1.756519508361816406e+01
3.616683201789855957e+02 1.801453666687011719e+02 1.256604290008544922e+01 1.750185012817382812e+01
3.623356652259826660e+02 1.798708982467651367e+02 1.255038738250732422e+01 1.716832923889160156e+01
3.628249425888061523e+02 1.800106697082519531e+02 1.265257072448730469e+01 1.696200942993164062e+01
3.623834810256958008e+02 1.800366439819335938e+02 1.297802925109863281e+01 1.755279541015625000e+01
3.636300325393676758e+02 1.805428161621093750e+02 1.243236732482910156e+01 1.693489074707031250e+01
3.635352740287780762e+02 1.795736293792724609e+02 1.234585285186767578e+01 1.707049942016601562e+01
3.638439884185791016e+02 1.799219970703125000e+02 1.258505630493164062e+01 1.647959518432617188e+01
3.637863869667053223e+02 1.803665151596069336e+02 1.263833141326904297e+01 1.711066627502441406e+01
3.635500564575195312e+02 1.808176803588867188e+02 1.259232711791992188e+01 1.722309494018554688e+01
3.642816653251647949e+02 1.802634382247924805e+02 1.279158115386962891e+01 1.669236946105957031e+01
3.644862189292907715e+02 1.805619840621948242e+02 1.346513080596923828e+01 1.631584358215332031e+01
3.647488117218017578e+02 1.802322559356689453e+02 1.373918914794921875e+01 1.678330612182617188e+01
3.645212388038635254e+02 1.803894395828247070e+02 1.387636089324951172e+01 1.638689231872558594e+01
3.647373919486999512e+02 1.800370845794677734e+02 1.377381992340087891e+01 1.664262008666992188e+01
3.647923111915588379e+02 1.800799980163574219e+02 1.385308742523193359e+01 1.636199569702148438e+01
3.653685898780822754e+02 1.800161271095275879e+02 1.338608837127685547e+01 1.591465282440185547e+01
3.648900322914123535e+02 1.807732105255126953e+02 1.281069850921630859e+01 1.643595123291015625e+01
3.655774216651916504e+02 1.810888838768005371e+02 1.252919673919677734e+01 1.562254810333251953e+01
3.658112125396728516e+02 1.809804182052612305e+02 1.246761322021484375e+01 1.528322410583496094e+01
3.662179527282714844e+02 1.811312832832336426e+02 1.244714355468750000e+01 1.515302944183349609e+01
3.662785015106201172e+02 1.814610004425048828e+02 1.198512649536132812e+01 1.498269653320312500e+01
3.666023731231689453e+02 1.816735734939575195e+02 1.252122879028320312e+01 1.439240455627441406e+01
3.664521355628967285e+02 1.805284137725830078e+02 1.253711605072021484e+01 1.578407669067382812e+01
3.670689153671264648e+02 1.814122443199157715e+02 1.237877082824707031e+01 1.462122440338134766e+01
3.669032683372497559e+02 1.809666018486022949e+02 1.301041126251220703e+01 1.513866138458251953e+01
3.668004326820373535e+02 1.806678600311279297e+02 1.262795543670654297e+01 1.479777526855468750e+01
3.667564234733581543e+02 1.813586592674255371e+02 1.257949542999267578e+01 1.375521564483642578e+01
3.671695795059204102e+02 1.815140104293823242e+02 1.345880317687988281e+01 1.311011695861816406e+01
3.678105549812316895e+02 1.808857827186584473e+02 1.327571392059326172e+01 1.432930278778076172e+01
3.685915503501892090e+02 1.807357311248779297e+02 1.258660221099853516e+01 1.396528244018554688e+01
3.685178627967834473e+02 1.800964961051940918e+02 1.240186214447021484e+01 1.564880847930908203e+01
3.684833579063415527e+02 1.805213351249694824e+02 1.457907962799072266e+01 1.426682758331298828e+01
3.684836125373840332e+02 1.807055745124816895e+02 1.394516658782958984e+01 1.455608272552490234e+01
3.688672075271606445e+02 1.819269003868103027e+02 1.411764717102050781e+01 1.448934650421142578e+01
3.689861779212951660e+02 1.811839509010314941e+02 1.460302257537841797e+01 1.423306179046630859e+01
3.694054832458496094e+02 1.807205963134765625e+02 1.406588745117187500e+01 1.521274566650390625e+01
3.689730453491210938e+02 1.804137306213378906e+02 1.405794143676757812e+01 1.490977478027343750e+01
3.695352220535278320e+02 1.803752689361572266e+02 1.346653175354003906e+01 1.563159942626953125e+01
3.692950272560119629e+02 1.808471541404724121e+02 1.297748088836669922e+01 1.419667148590087891e+01
3.698054471015930176e+02 1.817678871154785156e+02 1.351510524749755859e+01 1.365715789794921875e+01
3.698344850540161133e+02 1.810564475059509277e+02 1.289794349670410156e+01 1.455296802520751953e+01
3.693175716400146484e+02 1.808926019668579102e+02 1.285004425048828125e+01 1.496582984924316406e+01
3.694485683441162109e+02 1.815349164009094238e+02 1.261320877075195312e+01 1.496770763397216797e+01
3.695403470993041992e+02 1.807710285186767578e+02 1.318832588195800781e+01 1.501211547851562500e+01
3.688201956748962402e+02 1.812185463905334473e+02 1.301158618927001953e+01 1.405039501190185547e+01
3.684907503128051758e+02 1.813140449523925781e+02 1.306313133239746094e+01 1.329156494140625000e+01
3.677409253120422363e+02 1.824786443710327148e+02 1.381639003753662109e+01 1.305328178405761719e+01
3.675204334259033203e+02 1.821245427131652832e+02 1.404901123046875000e+01 1.312800121307373047e+01
3.676755890846252441e+02 1.824286036491394043e+02 1.510578441619873047e+01 1.262090778350830078e+01
3.672846808433532715e+02 1.819488272666931152e+02 1.551267719268798828e+01 1.240649509429931641e+01
3.669907093048095703e+02 1.826085371971130371e+02 1.607128143310546875e+01 1.240601825714111328e+01
3.658269338607788086e+02 1.825468440055847168e+02 1.685345649719238281e+01 1.272271442413330078e+01
3.660949544906616211e+02 1.827244629859924316e+02 1.691570854187011719e+01 1.246000576019287109e+01
3.655075321197509766e+02 1.825920305252075195e+02 1.805323791503906250e+01 1.201846504211425781e+01
3.653985652923583984e+02 1.822918605804443359e+02 1.859941864013671875e+01 1.233634948730468750e+01
3.650887250900268555e+02 1.819569163322448730e+02 1.796816444396972656e+01 1.264626789093017578e+01
3.639387578964233398e+02 1.817487010955810547e+02 1.817770195007324219e+01 1.272573471069335938e+01
3.635002183914184570e+02 1.817628870010375977e+02 1.875020790100097656e+01 1.251447486877441406e+01
3.637332172393798828e+02 1.821485013961791992e+02 1.936647033691406250e+01 1.243284797668457031e+01
3.633485965728759766e+02 1.816671762466430664e+02 1.967675781250000000e+01 1.265733909606933594e+01
3.724043226242065430e+02 1.823000450134277344e+02 1.175419425964355469e+01 1.276683044433593750e+01
3.729767932891845703e+02 1.824380221366882324e+02 1.088443756103515625e+01 1.215707874298095703e+01
3.721822633743286133e+02 1.823465371131896973e+02 1.162293052673339844e+01 1.207122325897216797e+01
3.721681175231933594e+02 1.828276648521423340e+02 1.206427764892578125e+01 1.208543872833251953e+01
3.723604135513305664e+02 1.823875885009765625e+02 1.152397346496582031e+01 1.264096069335937500e+01
3.729134578704833984e+02 1.821918787956237793e+02 1.121937942504882812e+01 1.263757419586181641e+01
3.732516074180603027e+02 1.817425346374511719e+02 1.082816028594970703e+01 1.228308868408203125e+01
3.745378580093383789e+02 1.826441206932067871e+02 1.102236366271972656e+01 1.212732410430908203e+01
3.734210510253906250e+02 1.825484371185302734e+02 1.080766296386718750e+01 1.165292739868164062e+01
3.747281265258789062e+02 1.821372847557067871e+02 1.149000167846679688e+01 1.180379199981689453e+01
3.744062786102294922e+02 1.816861300468444824e+02 1.045756530761718750e+01 1.267836475372314453e+01
3.749830102920532227e+02 1.809499731063842773e+02 1.000000000000000000e+01 1.275591468811035156e+01
3.748702259063720703e+02 1.829028654098510742e+02 1.059506797790527344e+01 1.110746574401855469e+01
3.756465458869934082e+02 1.821950702667236328e+02 1.000000000000000000e+01 1.251435470581054688e+01
3.755317254066467285e+02 1.819760122299194336e+02 1.000000000000000000e+01 1.282623481750488281e+01
3.747794189453125000e+02 1.824709987640380859e+02 1.022794055938720703e+01 1.213868331909179688e+01
3.757377610206604004e+02 1.816723966598510742e+02 1.000000000000000000e+01 1.301645851135253906e+01
3.754230079650878906e+02 1.822468967437744141e+02 1.000000000000000000e+01 1.255129241943359375e+01
3.757200412750244141e+02 1.818945145606994629e+02 1.000000000000000000e+01 1.295470333099365234e+01
3.752368998527526855e+02 1.825004577636718750e+02 1.000764560699462891e+01 1.207464599609375000e+01
3.757952504158020020e+02 1.814622955322265625e+02 1.045720195770263672e+01 1.222993850708007812e+01
3.744384198188781738e+02 1.817757978439331055e+02 1.167658138275146484e+01 1.243161582946777344e+01
3.741294574737548828e+02 1.822786436080932617e+02 1.201156997680664062e+01 1.308139610290527344e+01
3.737270832061767578e+02 1.817325453758239746e+02 1.223670196533203125e+01 1.319394397735595703e+01
3.751160187721252441e+02 1.817141633033752441e+02 1.164181804656982422e+01 1.275297451019287109e+01
3.747237553596496582e+02 1.812939243316650391e+02 1.165271282196044922e+01 1.239329147338867188e+01
3.740603752136230469e+02 1.824139828681945801e+02 1.205191802978515625e+01 1.175982952117919922e+01
3.746738390922546387e+02 1.822167940139770508e+02 1.237780094146728516e+01 1.230740928649902344e+01
3.744723310470581055e+02 1.825589466094970703e+02 1.260936546325683594e+01 1.198072433471679688e+01
3.757972826957702637e+02 1.815943417549133301e+02 1.103034305572509766e+01 1.224788951873779297e+01
3.764458556175231934e+02 1.824434165954589844e+02 1.132304096221923828e+01 1.210280227661132812e+01
3.755930962562561035e+02 1.823785614967346191e+02 1.121720027923583984e+01 1.103399944305419922e+01
3.772683639526367188e+02 1.827732048034667969e+02 1.000000000000000000e+01 1.130498886108398438e+01
3.761166968345642090e+02 1.823639750480651855e+02 1.096711063385009766e+01 1.114806079864501953e+01
3.767985911369323730e+02 1.826552624702453613e+02 1.083351612091064453e+01 1.127339458465576172e+01
3.770163345336914062e+02 1.815274410247802734e+02 1.079298400878906250e+01 1.183653640747070312e+01
3.789533185958862305e+02 1.828274292945861816e+02 1.012205314636230469e+01 1.149787044525146484e+01
3.775212020874023438e+02 1.818025846481323242e+02 1.091082763671875000e+01 1.126894569396972656e+01
3.793766040802001953e+02 1.827062087059020996e+02 1.044871520996093750e+01 1.121932315826416016e+01
3.789762268066406250e+02 1.829314713478088379e+02 1.000000000000000000e+01 1.150916957855224609e+01
3.800072031021118164e+02 1.829021515846252441e+02 1.024295997619628906e+01 1.123588466644287109e+01
3.795145921707153320e+02 1.824890222549438477e+02 1.000000000000000000e+01 1.156661415100097656e+01
3.796827135086059570e+02 1.823203897476196289e+02 1.000000000000000000e+01 1.178884315490722656e+01
3.801925554275512695e+02 1.823233442306518555e+02 1.000000000000000000e+01 1.210366630554199219e+01
3.807319865226745605e+02 1.822119002342224121e+02 1.000000000000000000e+01 1.187494373321533203e+01
3.810451107025146484e+02 1.826016707420349121e+02 1.000000000000000000e+01 1.075694751739501953e+01
3.810929317474365234e+02 1.820028271675109863e+02 1.000000000000000000e+01 1.137514019012451172e+01
3.810649785995483398e+02 1.822845144271850586e+02 1.000000000000000000e+01 1.136203575134277344e+01
3.811102924346923828e+02 1.832398147583007812e+02 1.000000000000000000e+01 1.134070968627929688e+01
3.817563967704772949e+02 1.826988167762756348e+02 1.008095264434814453e+01 1.162985897064208984e+01
3.823654356002807617e+02 1.821283640861511230e+02 1.036354637145996094e+01 1.069080448150634766e+01
3.825622234344482422e+02 1.830567007064819336e+02 1.000000000000000000e+01 1.057734489440917969e+01
3.825456223487854004e+02 1.831499333381652832e+02 1.189396953582763672e+01 1.053698253631591797e+01
3.831913828849792480e+02 1.823781485557556152e+02 1.207793521881103516e+01 1.035959339141845703e+01
3.835718922615051270e+02 1.825200748443603516e+02 1.226815700531005859e+01 1.133404922485351562e+01
3.841483478546142578e+02 1.823302788734436035e+02 1.267389678955078125e+01 1.088482952117919922e+01
3.839889011383056641e+02 1.828082466125488281e+02 1.289303588867187500e+01 1.101509857177734375e+01
3.848611164093017578e+02 1.829250855445861816e+02 1.221740341186523438e+01 1.107189464569091797e+01
3.842757759094238281e+02 1.824117398262023926e+02 1.234444808959960938e+01 1.110481548309326172e+01
3.836483573913574219e+02 1.831608333587646484e+02 1.206683731079101562e+01 1.100659179687500000e+01
3.836394348144531250e+02 1.826994104385375977e+02 1.244786453247070312e+01 1.084388160705566406e+01
3.846656961441040039e+02 1.827204976081848145e+02 1.205692481994628906e+01 1.061845684051513672e+01
3.831012859344482422e+02 1.827878084182739258e+02 1.262432479858398438e+01 1.009550285339355469e+01
3.833451113700866699e+02 1.835056672096252441e+02 1.270604801177978516e+01 1.000000000000000000e+01
3.827992091178894043e+02 1.821796035766601562e+02 1.238485431671142578e+01 1.050280475616455078e+01
3.823769202232360840e+02 1.837752203941345215e+02 1.315380954742431641e+01 1.013935661315917969e+01
3.868774127960205078e+02 1.827558755874633789e+02 1.000000000000000000e+01 1.086945629119873047e+01
3.854964623451232910e+02 1.816232213973999023e+02 1.304888057708740234e+01 1.146665477752685547e+01
3.819860434532165527e+02 1.826551947593688965e+02 1.408223056793212891e+01 1.062568473815917969e+01
3.836350827217102051e+02 1.836111464500427246e+02 1.309334468841552734e+01 1.034718894958496094e+01
3.869662790298461914e+02 1.823239235877990723e+02 1.125364875793457031e+01 1.119089126586914062e+01
3.817098340988159180e+02 1.835519866943359375e+02 1.382750511169433594e+01 1.000000000000000000e+01
3.820933961868286133e+02 1.822040858268737793e+02 1.603429603576660156e+01 1.000000000000000000e+01
3.817900333404541016e+02 1.829361138343811035e+02 1.694664764404296875e+01 1.000000000000000000e+01
3.823157396316528320e+02 1.838514895439147949e+02 1.670213890075683594e+01 1.016514778137207031e+01
3.890116543769836426e+02 1.833588628768920898e+02 1.150223445892333984e+01 1.039451885223388672e+01
3.892265601158142090e+02 1.829862627983093262e+02 1.022871112823486328e+01 1.000000000000000000e+01
3.900619411468505859e+02 1.827734446525573730e+02 1.000000000000000000e+01 1.098652648925781250e+01
3.906658039093017578e+02 1.825787024497985840e+02 1.000000000000000000e+01 1.046112442016601562e+01
3.909084105491638184e+02 1.828662977218627930e+02 1.000000000000000000e+01 1.051261615753173828e+01
3.894941477775573730e+02 1.819826912879943848e+02 1.068017959594726562e+01 1.060695457458496094e+01
3.913021955490112305e+02 1.817571511268615723e+02 1.002652835845947266e+01 1.096334648132324219e+01
3.910255231857299805e+02 1.827474331855773926e+02 1.027057743072509766e+01 1.077537345886230469e+01
3.901947484016418457e+02 1.816453938484191895e+02 1.064882087707519531e+01 1.103691291809082031e+01
3.899454698562622070e+02 1.824605937004089355e+02 1.134700107574462891e+01 1.124723434448242188e+01
3.903007140159606934e+02 1.815185194015502930e+02 1.119598388671875000e+01 1.116597461700439453e+01
3.928502659797668457e+02 1.802654666900634766e+02 1.040856742858886719e+01 1.148285579681396484e+01
3.920424699783325195e+02 1.819923729896545410e+02 1.048758792877197266e+01 1.070345115661621094e+01
3.920197567939758301e+02 1.816095027923583984e+02 1.040132331848144531e+01 1.081515789031982422e+01
3.917187123298645020e+02 1.817295484542846680e+02 1.146934700012207031e+01 1.106716251373291016e+01
3.942986664772033691e+02 1.812981443405151367e+02 1.089957618713378906e+01 1.116528415679931641e+01
3.934471826553344727e+02 1.823317589759826660e+02 1.090500736236572266e+01 1.078724479675292969e+01
3.947559027671813965e+02 1.826530728340148926e+02 1.039136123657226562e+01 1.000000000000000000e+01
3.958088259696960449e+02 1.819948315620422363e+02 1.072811889648437500e+01 1.024769210815429688e+01
3.963869314193725586e+02 1.819142112731933594e+02 1.026704502105712891e+01 1.052887058258056641e+01
3.948040895462036133e+02 1.825422983169555664e+02 1.239962100982666016e+01 1.062719249725341797e+01
3.956744642257690430e+02 1.820751533508300781e+02 1.072065067291259766e+01 1.000000000000000000e+01
3.966754584312438965e+02 1.805373811721801758e+02 1.250426101684570312e+01 1.251292228698730469e+01
3.977235770225524902e+02 1.821011323928833008e+02 1.183824157714843750e+01 1.176556968688964844e+01
3.972690615653991699e+02 1.808477692604064941e+02 1.120558547973632812e+01 1.177239131927490234e+01
3.978448753356933594e+02 1.832798924446105957e+02 1.000000000000000000e+01 1.018072032928466797e+01
3.989623322486877441e+02 1.823179111480712891e+02 1.000000000000000000e+01 1.102037429809570312e+01
3.981856794357299805e+02 1.813646631240844727e+02 1.000000000000000000e+01 1.080278587341308594e+01
3.993406591415405273e+02 1.824258174896240234e+02 1.000000000000000000e+01 1.136518478393554688e+01
3.979269261360168457e+02 1.797536888122558594e+02 1.137233829498291016e+01 1.237354278564453125e+01
3.987872495651245117e+02 1.802939176559448242e+02 1.258485794067382812e+01 1.377899360656738281e+01
4.021496000289916992e+02 1.816797237396240234e+02 1.407304382324218750e+01 1.338317871093750000e+01
4.048368759155273438e+02 1.805799903869628906e+02 2.046790885925292969e+01 1.364201354980468750e+01
4.043804712295532227e+02 1.793702034950256348e+02 2.144881057739257812e+01 1.568039226531982422e+01
4.042784805297851562e+02 1.799504575729370117e+02 2.338863182067871094e+01 1.637927436828613281e+01
4.050430965423583984e+02 1.787959213256835938e+02 2.440288734436035156e+01 1.709038543701171875e+01
4.042012166976928711e+02 1.806638717651367188e+02 2.528971862792968750e+01 1.573903656005859375e+01
4.052742319107055664e+02 1.791008987426757812e+02 2.585181045532226562e+01 1.669858551025390625e+01
4.043104143142700195e+02 1.808954529762268066e+02 2.365221786499023438e+01 1.519355297088623047e+01
4.037457551956176758e+02 1.806205081939697266e+02 2.309311294555664062e+01 1.535515975952148438e+01
4.058466358184814453e+02 1.798957815170288086e+02 2.513023567199707031e+01 1.571018409729003906e+01
4.043918495178222656e+02 1.800788640975952148e+02 2.471305656433105469e+01 1.501638984680175781e+01
4.046952381134033203e+02 1.798539533615112305e+02 2.393594551086425781e+01 1.516285896301269531e+01
4.042135725021362305e+02 1.803842039108276367e+02 2.205374145507812500e+01 1.492746925354003906e+01
4.070051517486572266e+02 1.803862848281860352e+02 2.305370521545410156e+01 1.623128318786621094e+01
4.048645343780517578e+02 1.799000372886657715e+02 2.358299446105957031e+01 1.494471454620361328e+01
4.049667167663574219e+02 1.808481116294860840e+02 2.298912620544433594e+01 1.594588184356689453e+01
4.044337339401245117e+02 1.802454085350036621e+02 2.259391021728515625e+01 1.535253620147705078e+01
