2.150000000000000000e+02 7.200000000000000000e+01 2.700000000000000000e+01 3.300000000000000000e+01
2.151115264892578125e+02 7.183837318420410156e+01 2.617072296142578125e+01 3.324114608764648438e+01
2.145015239715576172e+02 7.192760467529296875e+01 2.649387741088867188e+01 3.283198547363281250e+01
2.142647924423217773e+02 7.203854179382324219e+01 2.640362739562988281e+01 3.266930007934570312e+01
2.150030431747436523e+02 7.179667663574218750e+01 2.682551002502441406e+01 3.311090087890625000e+01
2.152349376678466797e+02 7.214078903198242188e+01 2.608655166625976562e+01 3.277262878417968750e+01
2.146394357681274414e+02 7.149704551696777344e+01 2.580343437194824219e+01 3.295561599731445312e+01
2.152589731216430664e+02 7.185089683532714844e+01 2.640013694763183594e+01 3.374715042114257812e+01
2.162342214584350586e+02 7.103212165832519531e+01 2.664037513732910156e+01 3.425450515747070312e+01
2.159249324798583984e+02 7.184177780151367188e+01 2.654748153686523438e+01 3.319760131835937500e+01
2.158057165145874023e+02 7.146879005432128906e+01 2.628042030334472656e+01 3.407023239135742188e+01
2.161492967605590820e+02 7.119094467163085938e+01 2.644240379333496094e+01 3.400923156738281250e+01
2.164361038208007812e+02 7.245958900451660156e+01 2.588542175292968750e+01 3.311238479614257812e+01
2.166643733978271484e+02 7.183685874938964844e+01 2.650910568237304688e+01 3.355408096313476562e+01
2.170144090652465820e+02 7.175853729248046875e+01 2.511443901062011719e+01 3.302358245849609375e+01
2.165760946273803711e+02 7.292946434020996094e+01 2.571991920471191406e+01 3.252289199829101562e+01
2.169653930664062500e+02 7.203883171081542969e+01 2.697917938232421875e+01 3.338960647583007812e+01
2.165507774353027344e+02 7.220205688476562500e+01 2.632110595703125000e+01 3.300278472900390625e+01
2.164542713165283203e+02 7.162390327453613281e+01 2.611355972290039062e+01 3.311166763305664062e+01
2.163481149673461914e+02 7.249057579040527344e+01 2.605245018005371094e+01 3.291820144653320312e+01
2.178806552886962891e+02 7.195701026916503906e+01 2.593471145629882812e+01 3.331152725219726562e+01
2.174025821685791016e+02 7.185490036010742188e+01 2.507564163208007812e+01 3.266021728515625000e+01
2.179603548049926758e+02 7.214134979248046875e+01 2.567774009704589844e+01 3.287911987304687500e+01
2.176573724746704102e+02 7.240254402160644531e+01 2.463670921325683594e+01 3.260935592651367188e+01
2.172255210876464844e+02 7.187507629394531250e+01 2.458522033691406250e+01 3.227581787109375000e+01
2.172374897003173828e+02 7.146426773071289062e+01 2.533880996704101562e+01 3.273229980468750000e+01
2.171801786422729492e+02 7.171715545654296875e+01 2.507365608215332031e+01 3.274787902832031250e+01
2.174281196594238281e+02 7.128883552551269531e+01 2.555083465576171875e+01 3.267567825317382812e+01
2.172481927871704102e+02 7.161185073852539062e+01 2.583589744567871094e+01 3.243737792968750000e+01
2.171637086868286133e+02 7.080507278442382812e+01 2.604503440856933594e+01 3.358338165283203125e+01
2.169236354827880859e+02 7.191000938415527344e+01 2.495904159545898438e+01 3.292098617553710938e+01
2.161227998733520508e+02 7.090063095092773438e+01 2.508057975769042969e+01 3.331906127929687500e+01
2.153014583587646484e+02 7.044941139221191406e+01 2.502627182006835938e+01 3.341356277465820312e+01
2.147398748397827148e+02 7.070609092712402344e+01 2.504044532775878906e+01 3.371097183227539062e+01
2.138263635635375977e+02 7.009132385253906250e+01 2.448261833190917969e+01 3.431327819824218750e+01
2.123891439437866211e+02 7.029898834228515625e+01 2.513259315490722656e+01 3.326402282714843750e+01
2.106432762145996094e+02 6.851814079284667969e+01 2.516983032226562500e+01 3.418236923217773438e+01
2.091707429885864258e+02 6.849353027343750000e+01 2.546395683288574219e+01 3.364682006835937500e+01
2.075524663925170898e+02 6.908626937866210938e+01 2.560907936096191406e+01 3.405684661865234375e+01
2.070683860778808594e+02 6.842751312255859375e+01 2.524601745605468750e+01 3.410103607177734375e+01
2.053325672149658203e+02 6.942553138732910156e+01 2.540376663208007812e+01 3.362486648559570312e+01
2.035163383483886719e+02 6.790271377563476562e+01 2.525040435791015625e+01 3.406859588623046875e+01
2.022383117675781250e+02 6.770346260070800781e+01 2.614317321777343750e+01 3.381325149536132812e+01
2.010749893188476562e+02 6.744991111755371094e+01 2.541478729248046875e+01 3.423775863647460938e+01
1.991870756149291992e+02 6.631988906860351562e+01 2.643168830871582031e+01 3.430487060546875000e+01
1.982064876556396484e+02 6.729024887084960938e+01 2.553704452514648438e+01 3.403303527832031250e+01
1.961803646087646484e+02 6.766189384460449219e+01 2.571127700805664062e+01 3.364098739624023438e+01
1.947226037979125977e+02 6.661844444274902344e+01 2.620377922058105469e+01 3.465292739868164062e+01
1.936700620651245117e+02 6.709050559997558594e+01 2.666729927062988281e+01 3.425710678100585938e+01
1.918031740188598633e+02 6.612292671203613281e+01 2.628329277038574219e+01 3.439807510375976562e+01
1.923776330947875977e+02 6.615372276306152344e+01 2.574437522888183594e+01 3.439958572387695312e+01
1.904836254119873047e+02 6.765995597839355469e+01 2.594752120971679688e+01 3.378005599975585938e+01
1.894283180236816406e+02 6.659989547729492188e+01 2.562940216064453125e+01 3.427004241943359375e+01
1.879399328231811523e+02 6.677325820922851562e+01 2.662304878234863281e+01 3.464663696289062500e+01
1.875837860107421875e+02 6.662917327880859375e+01 2.580821228027343750e+01 3.449294281005859375e+01
1.869329843521118164e+02 6.594653511047363281e+01 2.607417869567871094e+01 3.488175582885742188e+01
1.865855474472045898e+02 6.629458808898925781e+01 2.610810279846191406e+01 3.448318862915039062e+01
1.843991880416870117e+02 6.649163436889648438e+01 2.674598884582519531e+01 3.425444793701171875e+01
1.837653837203979492e+02 6.647052383422851562e+01 2.601455116271972656e+01 3.384616851806640625e+01
1.854220438003540039e+02 6.704272842407226562e+01 2.547805595397949219e+01 3.351135253906250000e+01
1.857189655303955078e+02 6.652782249450683594e+01 2.551087570190429688e+01 3.440156936645507812e+01
1.873623781204223633e+02 6.680255699157714844e+01 2.636544609069824219e+01 3.373121261596679688e+01
1.882409067153930664e+02 6.567488098144531250e+01 2.661876487731933594e+01 3.468413543701171875e+01
1.898538551330566406e+02 6.732172203063964844e+01 2.566290283203125000e+01 3.329112625122070312e+01
1.922942543029785156e+02 6.728087615966796875e+01 2.622313690185546875e+01 3.357283020019531250e+01
1.937122011184692383e+02 6.614408111572265625e+01 2.587956809997558594e+01 3.384502410888671875e+01
1.956931819915771484e+02 6.625564384460449219e+01 2.597581863403320312e+01 3.393722915649414062e+01
1.977792282104492188e+02 6.606011390686035156e+01 2.566655731201171875e+01 3.431644058227539062e+01
1.993608531951904297e+02 6.618807983398437500e+01 2.588431167602539062e+01 3.441781616210937500e+01
2.013223533630371094e+02 6.697907447814941406e+01 2.751725006103515625e+01 3.444425582885742188e+01
2.046324930191040039e+02 6.599104309082031250e+01 2.663010978698730469e+01 3.555803680419921875e+01
2.077318544387817383e+02 6.574597549438476562e+01 2.637270164489746094e+01 3.411531066894531250e+01
2.102370586395263672e+02 6.538851356506347656e+01 2.634826278686523438e+01 3.538106155395507812e+01
2.128859930038452148e+02 6.549655914306640625e+01 2.649021339416503906e+01 3.506855773925781250e+01
2.138075666427612305e+02 6.481041526794433594e+01 2.716460609436035156e+01 3.612748336791992188e+01
2.164882278442382812e+02 6.527534103393554688e+01 2.584315490722656250e+01 3.606427001953125000e+01
2.168459224700927734e+02 6.379781341552734375e+01 2.687173080444335938e+01 3.735375213623046875e+01
2.180806102752685547e+02 6.420176887512207031e+01 2.587923812866210938e+01 3.786047744750976562e+01
2.191607427597045898e+02 6.502808189392089844e+01 2.663353919982910156e+01 3.674590682983398438e+01
2.217986564636230469e+02 6.534812736511230469e+01 2.696664428710937500e+01 3.693484115600585938e+01
2.210976619720458984e+02 6.580099487304687500e+01 2.699855422973632812e+01 3.646844482421875000e+01
2.225980482101440430e+02 6.507812500000000000e+01 2.659638404846191406e+01 3.733708190917968750e+01
2.243887958526611328e+02 6.577357101440429688e+01 2.667411422729492188e+01 3.652999877929687500e+01
2.238231716156005859e+02 6.585901069641113281e+01 2.653768539428710938e+01 3.549778366088867188e+01
2.231046981811523438e+02 6.617738533020019531e+01 2.643994140625000000e+01 3.612608718872070312e+01
2.233985662460327148e+02 6.662714958190917969e+01 2.598357582092285156e+01 3.560264205932617188e+01
2.228939113616943359e+02 6.648769569396972656e+01 2.596215438842773438e+01 3.626789474487304688e+01
2.219799928665161133e+02 6.632030677795410156e+01 2.595450401306152344e+01 3.578725814819335938e+01
2.212412567138671875e+02 6.599315643310546875e+01 2.623061370849609375e+01 3.660157775878906250e+01
2.211728715896606445e+02 6.559230804443359375e+01 2.672591972351074219e+01 3.694429779052734375e+01
2.198645267486572266e+02 6.462645339965820312e+01 2.695803451538085938e+01 3.701248931884765625e+01
2.199757919311523438e+02 6.458225822448730469e+01 2.682812500000000000e+01 3.679971694946289062e+01
2.203182477951049805e+02 6.571709632873535156e+01 2.675926399230957031e+01 3.530228805541992188e+01
2.198614807128906250e+02 6.550489997863769531e+01 2.636090850830078125e+01 3.492831039428710938e+01
2.193012714385986328e+02 6.561009979248046875e+01 2.655763626098632812e+01 3.478716278076171875e+01
2.187969465255737305e+02 6.604682922363281250e+01 2.632193946838378906e+01 3.398751831054687500e+01
2.191126060485839844e+02 6.643907737731933594e+01 2.611740875244140625e+01 3.361158370971679688e+01
2.186597347259521484e+02 6.590710258483886719e+01 2.604933547973632812e+01 3.369750595092773438e+01
2.189011793136596680e+02 6.682308006286621094e+01 2.603418922424316406e+01 3.338264083862304688e+01
2.181510496139526367e+02 6.554360771179199219e+01 2.710275459289550781e+01 3.385455703735351562e+01
2.179491109848022461e+02 6.653631782531738281e+01 2.614731788635253906e+01 3.415553665161132812e+01
2.187242250442504883e+02 6.488448143005371094e+01 2.656126213073730469e+01 3.439966201782226562e+01
2.185139493942260742e+02 6.578310585021972656e+01 2.546902656555175781e+01 3.350985336303710938e+01
2.183378210067749023e+02 6.734850692749023438e+01 2.633162879943847656e+01 3.261786651611328125e+01
2.182711181640625000e+02 6.644733619689941406e+01 2.669640350341796875e+01 3.266010665893554688e+01
2.191485776901245117e+02 6.707180213928222656e+01 2.683223152160644531e+01 3.232010269165039062e+01
2.187552595138549805e+02 6.772726535797119141e+01 2.569921302795410156e+01 3.196800804138183594e+01
2.189852457046508789e+02 6.678561401367187500e+01 2.593012046813964844e+01 3.337850952148437500e+01
2.189581775665283203e+02 6.724146461486816406e+01 2.588882064819335938e+01 3.267380142211914062e+01
2.190152492523193359e+02 6.694546699523925781e+01 2.630422592163085938e+01 3.200165176391601562e+01
2.183361806869506836e+02 6.669453811645507812e+01 2.522525215148925781e+01 3.223184204101562500e+01
2.190333843231201172e+02 6.713863086700439453e+01 2.587127304077148438e+01 3.061996269226074219e+01
2.197663679122924805e+02 6.699284076690673828e+01 2.610128974914550781e+01 2.965874290466308594e+01
2.186114511489868164e+02 6.723077678680419922e+01 2.542754936218261719e+01 3.129731941223144531e+01
2.185399417877197266e+02 7.022515392303466797e+01 2.619067764282226562e+01 2.772500801086425781e+01
2.183218774795532227e+02 6.665462303161621094e+01 2.590720939636230469e+01 3.069859695434570312e+01
2.183681478500366211e+02 6.685763359069824219e+01 2.584361457824707031e+01 3.003272628784179688e+01
2.184655456542968750e+02 6.757775878906250000e+01 2.722102355957031250e+01 2.890120697021484375e+01
2.172917156219482422e+02 6.786823654174804688e+01 2.681252670288085938e+01 2.933827972412109375e+01
2.182787466049194336e+02 6.975007057189941406e+01 2.739495277404785156e+01 2.805092239379882812e+01
2.182969074249267578e+02 7.006483268737792969e+01 2.610622024536132812e+01 2.751482772827148438e+01
2.178393220901489258e+02 6.946204566955566406e+01 2.694735527038574219e+01 2.877743911743164062e+01
2.182092351913452148e+02 6.933122920989990234e+01 2.634689521789550781e+01 2.890626716613769531e+01
2.176681041717529297e+02 6.921714496612548828e+01 2.644617080688476562e+01 2.933576774597167969e+01
2.177815389633178711e+02 6.937254905700683594e+01 2.696977424621582031e+01 2.921184158325195312e+01
2.171294250488281250e+02 6.878532600402832031e+01 2.695958709716796875e+01 3.030627059936523438e+01
2.178097524642944336e+02 6.844345092773437500e+01 2.698449134826660156e+01 2.993154907226562500e+01
2.179008731842041016e+02 6.849380493164062500e+01 2.694260787963867188e+01 3.058653259277343750e+01
2.171834697723388672e+02 6.798849105834960938e+01 2.673804092407226562e+01 3.040763092041015625e+01
2.174696187973022461e+02 6.789990234375000000e+01 2.672577857971191406e+01 3.010600280761718750e+01
2.172687978744506836e+02 6.733709430694580078e+01 2.579875373840332031e+01 3.023252677917480469e+01
2.175451850891113281e+02 6.937612819671630859e+01 2.680910491943359375e+01 2.852043342590332031e+01
2.177787847518920898e+02 6.759936332702636719e+01 2.586622047424316406e+01 2.967516708374023438e+01
2.172812461853027344e+02 6.645699310302734375e+01 2.673090362548828125e+01 3.074121856689453125e+01
2.171568241119384766e+02 6.730654048919677734e+01 2.674991226196289062e+01 3.045442390441894531e+01
2.172488279342651367e+02 6.635728454589843750e+01 2.628396797180175781e+01 3.123006439208984375e+01
2.172944316864013672e+02 6.645094871520996094e+01 2.680575180053710938e+01 3.144590377807617188e+01
2.172990465164184570e+02 6.642546749114990234e+01 2.630395317077636719e+01 3.046346473693847656e+01
2.172008485794067383e+02 6.630027770996093750e+01 2.662000846862792969e+01 3.038344573974609375e+01
2.163322887420654297e+02 6.755666637420654297e+01 2.620734786987304688e+01 3.035746192932128906e+01
2.168576850891113281e+02 6.670639228820800781e+01 2.529541015625000000e+01 3.037299728393554688e+01
2.167471704483032227e+02 6.631709575653076172e+01 2.536484336853027344e+01 3.168343544006347656e+01
2.174852294921875000e+02 6.643222427368164062e+01 2.602481842041015625e+01 3.110623168945312500e+01
2.175621566772460938e+02 6.607921695709228516e+01 2.504827117919921875e+01 3.181175041198730469e+01
2.162512283325195312e+02 6.609532928466796875e+01 2.537702941894531250e+01 3.282135772705078125e+01
2.166898756027221680e+02 6.619386672973632812e+01 2.584392738342285156e+01 3.208669281005859375e+01
2.165192499160766602e+02 6.688337898254394531e+01 2.534273338317871094e+01 3.233018112182617188e+01
2.169995574951171875e+02 6.536091995239257812e+01 2.564611816406250000e+01 3.307629394531250000e+01
2.172345533370971680e+02 6.681756019592285156e+01 2.558754158020019531e+01 3.237759017944335938e+01
2.166529464721679688e+02 6.593082809448242188e+01 2.521945953369140625e+01 3.376303863525390625e+01
2.164408321380615234e+02 6.654700851440429688e+01 2.549470138549804688e+01 3.347250366210937500e+01
2.166932134628295898e+02 6.563457679748535156e+01 2.573118782043457031e+01 3.384260940551757812e+01
2.167634725570678711e+02 6.658588981628417969e+01 2.605123329162597656e+01 3.355610275268554688e+01
2.169457464218139648e+02 6.620466613769531250e+01 2.610473823547363281e+01 3.303316497802734375e+01
2.163290662765502930e+02 6.656344413757324219e+01 2.635421180725097656e+01 3.255576705932617188e+01
2.156357860565185547e+02 6.618474960327148438e+01 2.600062942504882812e+01 3.258578491210937500e+01
2.163321084976196289e+02 6.590005302429199219e+01 2.610262107849121094e+01 3.330794906616210938e+01
2.167084102630615234e+02 6.498023223876953125e+01 2.591788864135742188e+01 3.342478942871093750e+01
2.158335170745849609e+02 6.483471298217773438e+01 2.598146438598632812e+01 3.296684265136718750e+01
2.159128141403198242e+02 6.542300415039062500e+01 2.638908576965332031e+01 3.267139434814453125e+01
2.158568677902221680e+02 6.445295906066894531e+01 2.567987251281738281e+01 3.309124374389648438e+01
2.149708166122436523e+02 6.454449462890625000e+01 2.799344825744628906e+01 3.317806243896484375e+01
2.148428106307983398e+02 6.408056068420410156e+01 2.641562080383300781e+01 3.290339279174804688e+01
2.145241756439208984e+02 6.256799316406250000e+01 2.680967330932617188e+01 3.358472442626953125e+01
2.152988872528076172e+02 6.442978858947753906e+01 2.575809860229492188e+01 3.246956253051757812e+01
2.153463621139526367e+02 6.346455764770507812e+01 2.499134254455566406e+01 3.305801391601562500e+01
2.155340862274169922e+02 6.464600753784179688e+01 2.582940292358398438e+01 3.315044403076171875e+01
2.154220514297485352e+02 6.460353851318359375e+01 2.510845756530761719e+01 3.283403778076171875e+01
2.158165969848632812e+02 6.341123199462890625e+01 2.498071289062500000e+01 3.313145446777343750e+01
2.154252796173095703e+02 6.395469856262207031e+01 2.531530380249023438e+01 3.337498092651367188e+01
2.150618810653686523e+02 6.412111663818359375e+01 2.511515998840332031e+01 3.301162719726562500e+01
2.153532648086547852e+02 6.325091552734375000e+01 2.516074943542480469e+01 3.334939575195312500e+01
2.162455787658691406e+02 6.372599411010742188e+01 2.493574523925781250e+01 3.338953399658203125e+01
2.159737176895141602e+02 6.455826377868652344e+01 2.480579948425292969e+01 3.307249069213867188e+01
2.169557666778564453e+02 6.394149208068847656e+01 2.477615737915039062e+01 3.315722274780273438e+01
2.169405031204223633e+02 6.399798202514648438e+01 2.549867057800292969e+01 3.347076416015625000e+01
2.180245323181152344e+02 6.434870719909667969e+01 2.512662506103515625e+01 3.374797439575195312e+01
2.179183511734008789e+02 6.411548995971679688e+01 2.486239433288574219e+01 3.310102844238281250e+01
2.171127605438232422e+02 6.436356163024902344e+01 2.509345626831054688e+01 3.390252304077148438e+01
2.177416877746582031e+02 6.385793876647949219e+01 2.471124267578125000e+01 3.387006759643554688e+01
2.175946893692016602e+02 6.364117240905761719e+01 2.483289909362792969e+01 3.397037124633789062e+01
2.169927177429199219e+02 6.440765571594238281e+01 2.493533325195312500e+01 3.347941207885742188e+01
2.181918668746948242e+02 6.396405220031738281e+01 2.560187721252441406e+01 3.365034866333007812e+01
2.172942962646484375e+02 6.356727218627929688e+01 2.520004272460937500e+01 3.273265838623046875e+01
2.177880458831787109e+02 6.362185478210449219e+01 2.632400894165039062e+01 3.393587112426757812e+01
2.174601335525512695e+02 6.349057769775390625e+01 2.573275566101074219e+01 3.318351745605468750e+01
2.171621227264404297e+02 6.352891540527343750e+01 2.541364669799804688e+01 3.348762512207031250e+01
2.177756214141845703e+02 6.310803222656250000e+01 2.568085098266601562e+01 3.224152374267578125e+01
2.171914358139038086e+02 6.314497375488281250e+01 2.560836982727050781e+01 3.303041839599609375e+01
2.181678085327148438e+02 6.413017845153808594e+01 2.552162170410156250e+01 3.138216018676757812e+01
2.178386726379394531e+02 6.266387844085693359e+01 2.560900115966796875e+01 3.130396461486816406e+01
2.177697963714599609e+02 6.396886730194091797e+01 2.482617568969726562e+01 3.014201545715332031e+01
2.174728612899780273e+02 6.372982311248779297e+01 2.571739387512207031e+01 2.900934791564941406e+01
2.176382808685302734e+02 6.354594802856445312e+01 2.515945816040039062e+01 2.955068969726562500e+01
2.174523401260375977e+02 6.366465091705322266e+01 2.535800743103027344e+01 2.918680381774902344e+01
2.161293840408325195e+02 6.304049968719482422e+01 2.568363761901855469e+01 2.906316566467285156e+01
2.169379377365112305e+02 6.334466075897216797e+01 2.664328956604003906e+01 2.939624214172363281e+01
2.164216470718383789e+02 6.426035022735595703e+01 2.679464530944824219e+01 2.811917686462402344e+01
2.161151895523071289e+02 6.407432174682617188e+01 2.641428184509277344e+01 2.863578033447265625e+01
2.163041896820068359e+02 6.373891735076904297e+01 2.514587020874023438e+01 2.749430274963378906e+01
2.163962068557739258e+02 6.469655609130859375e+01 2.524078941345214844e+01 2.663384246826171875e+01
2.170200147628784180e+02 6.342835426330566406e+01 2.494027900695800781e+01 2.722315597534179688e+01
2.163548192977905273e+02 6.265148544311523438e+01 2.527717781066894531e+01 2.793186950683593750e+01
2.174845571517944336e+02 6.301933670043945312e+01 2.614014625549316406e+01 2.779752349853515625e+01
2.164253091812133789e+02 6.347802162170410156e+01 2.519648551940917969e+01 2.595641708374023438e+01
2.166688203811645508e+02 6.325475025177001953e+01 2.749358940124511719e+01 2.572414970397949219e+01
2.158531999588012695e+02 6.283753585815429688e+01 2.523768424987792969e+01 2.660894012451171875e+01
2.176025524139404297e+02 6.289311122894287109e+01 2.556768417358398438e+01 2.686878395080566406e+01
2.161148462295532227e+02 6.307827663421630859e+01 2.515591239929199219e+01 2.700692176818847656e+01
2.177567367553710938e+02 6.256066799163818359e+01 2.495910644531250000e+01 2.769452857971191406e+01
2.172014045715332031e+02 6.286039447784423828e+01 2.542013549804687500e+01 2.640701103210449219e+01
2.172908458709716797e+02 6.133097648620605469e+01 2.452398300170898438e+01 2.886204147338867188e+01
2.169529247283935547e+02 6.107009124755859375e+01 2.641642379760742188e+01 2.840542602539062500e+01
2.163038730621337891e+02 6.051877403259277344e+01 2.541402816772460938e+01 2.946364974975585938e+01
2.162072916030883789e+02 6.020578861236572266e+01 2.776930809020996094e+01 3.024617576599121094e+01
2.155440835952758789e+02 5.976439571380615234e+01 2.638403892517089844e+01 3.060084724426269531e+01
2.155533571243286133e+02 5.953375720977783203e+01 2.603346061706542969e+01 3.068395805358886719e+01
2.150464611053466797e+02 5.911383724212646484e+01 2.647766494750976562e+01 3.110236549377441406e+01
2.155877752304077148e+02 5.955848217010498047e+01 2.620658302307128906e+01 3.165470314025878906e+01
2.149967813491821289e+02 5.926594543457031250e+01 2.682501029968261719e+01 3.210533905029296875e+01
2.165037832260131836e+02 5.936067581176757812e+01 2.649646186828613281e+01 3.137377929687500000e+01
2.152820663452148438e+02 5.897375106811523438e+01 2.588817596435546875e+01 3.226952362060546875e+01
2.160847911834716797e+02 5.864890098571777344e+01 2.671274185180664062e+01 3.210252761840820312e+01
2.155025043487548828e+02 5.868808364868164062e+01 2.640776443481445312e+01 3.150832366943359375e+01
2.149839677810668945e+02 5.896424484252929688e+01 2.673393821716308594e+01 3.205130004882812500e+01
2.160631294250488281e+02 5.852391052246093750e+01 2.667294311523437500e+01 3.247137451171875000e+01
2.155659427642822266e+02 5.882126903533935547e+01 2.713367080688476562e+01 3.149041938781738281e+01
2.153334102630615234e+02 5.923733043670654297e+01 2.679967117309570312e+01 3.118811225891113281e+01
2.157154397964477539e+02 5.918659210205078125e+01 2.730405235290527344e+01 3.101553344726562500e+01
2.159437351226806641e+02 5.983635520935058594e+01 2.591569900512695312e+01 3.030876541137695312e+01
2.159637632369995117e+02 6.040319919586181641e+01 2.596345710754394531e+01 2.956452751159667969e+01
2.164647359848022461e+02 6.074968528747558594e+01 2.597313880920410156e+01 2.933279037475585938e+01
2.157212038040161133e+02 6.161171627044677734e+01 2.472642326354980469e+01 2.703090858459472656e+01
2.159662790298461914e+02 6.303478240966796875e+01 2.412971305847167969e+01 2.555271148681640625e+01
2.151756715774536133e+02 6.395373916625976562e+01 2.499551963806152344e+01 2.585780334472656250e+01
2.150085544586181641e+02 6.265871715545654297e+01 2.512184524536132812e+01 2.850045204162597656e+01
2.143716783523559570e+02 6.252584743499755859e+01 2.530929374694824219e+01 2.849799537658691406e+01
2.137745571136474609e+02 6.157621669769287109e+01 2.537379837036132812e+01 2.971204566955566406e+01
2.139161787033081055e+02 6.134117412567138672e+01 2.504770851135253906e+01 3.062256813049316406e+01
2.127025947570800781e+02 6.071799945831298828e+01 2.689123535156250000e+01 3.161385154724121094e+01
2.143999643325805664e+02 6.084466743469238281e+01 2.665580558776855469e+01 3.135749435424804688e+01
2.139342632293701172e+02 5.991485977172851562e+01 2.474522781372070312e+01 3.136783599853515625e+01
2.152114191055297852e+02 5.964340019226074219e+01 2.460223197937011719e+01 3.186407852172851562e+01
2.149180698394775391e+02 5.904699134826660156e+01 2.560491561889648438e+01 3.223201370239257812e+01
2.149404821395874023e+02 5.896183967590332031e+01 2.585507392883300781e+01 3.247069168090820312e+01
2.130102033615112305e+02 5.904249000549316406e+01 2.679242134094238281e+01 3.290394973754882812e+01
2.107499952316284180e+02 5.952383995056152344e+01 2.954219245910644531e+01 3.245501327514648438e+01
2.086093921661376953e+02 5.940219688415527344e+01 3.150789260864257812e+01 3.068942642211914062e+01
2.090234985351562500e+02 5.965701770782470703e+01 2.897888183593750000e+01 2.834675407409667969e+01
2.052254610061645508e+02 5.877025794982910156e+01 2.945797538757324219e+01 2.774517440795898438e+01
2.076210842132568359e+02 5.689138221740722656e+01 3.224280929565429688e+01 2.849533462524414062e+01
2.025168704986572266e+02 5.219955253601074219e+01 3.196430587768554688e+01 3.452627944946289062e+01
2.023759002685546875e+02 5.275213813781738281e+01 3.156643676757812500e+01 3.244607162475585938e+01
2.027222652435302734e+02 5.169844818115234375e+01 3.202328872680664062e+01 3.342037963867187500e+01
2.023457489013671875e+02 5.066224479675292969e+01 3.231689453125000000e+01 3.285086441040039062e+01
2.032557907104492188e+02 5.038337993621826172e+01 2.950091552734375000e+01 3.095946693420410156e+01
2.033842782974243164e+02 5.107530975341796875e+01 3.011552238464355469e+01 3.205801391601562500e+01
2.048176021575927734e+02 5.125908660888671875e+01 3.111189651489257812e+01 3.129264831542968750e+01
2.016179580688476562e+02 5.239971923828125000e+01 3.471546173095703125e+01 3.312069702148437500e+01
2.046692867279052734e+02 5.260027503967285156e+01 3.319144821166992188e+01 3.205863571166992188e+01
1.991665630340576172e+02 5.302856636047363281e+01 3.874303054809570312e+01 3.233446884155273438e+01
2.079681110382080078e+02 5.379740524291992188e+01 3.313241195678710938e+01 3.208296966552734375e+01
2.114843549728393555e+02 5.295882415771484375e+01 3.146781349182128906e+01 3.256085205078125000e+01
2.133195228576660156e+02 5.425870227813720703e+01 2.995230865478515625e+01 3.058421897888183594e+01
2.131842460632324219e+02 5.628681755065917969e+01 3.074229431152343750e+01 3.109900283813476562e+01
2.132775239944458008e+02 5.649195480346679688e+01 2.985895347595214844e+01 3.079572296142578125e+01
2.143455533981323242e+02 5.519281101226806641e+01 2.978011512756347656e+01 3.163370323181152344e+01
2.145808372497558594e+02 5.420308589935302734e+01 2.950461578369140625e+01 3.144507026672363281e+01
2.153435115814208984e+02 5.222340583801269531e+01 3.039258193969726562e+01 3.376298141479492188e+01
2.138383016586303711e+02 5.298587608337402344e+01 2.946866035461425781e+01 3.352060317993164062e+01
2.121123008728027344e+02 5.299261283874511719e+01 2.975532531738281250e+01 3.476177597045898438e+01
2.150103435516357422e+02 5.375497245788574219e+01 2.859885787963867188e+01 3.341550827026367188e+01
2.136586456298828125e+02 5.443767356872558594e+01 2.852078247070312500e+01 3.259863662719726562e+01
2.131751003265380859e+02 5.217728996276855469e+01 2.864471817016601562e+01 3.476996231079101562e+01
2.135560665130615234e+02 5.264521980285644531e+01 2.860794448852539062e+01 3.421469497680664062e+01
2.128851337432861328e+02 5.200116539001464844e+01 2.909565353393554688e+01 3.359817123413085938e+01
2.125716991424560547e+02 5.139984893798828125e+01 2.974830245971679688e+01 3.308864593505859375e+01
2.110952682495117188e+02 5.241134643554687500e+01 2.973270416259765625e+01 3.402590179443359375e+01
2.096830377578735352e+02 5.290840911865234375e+01 2.928845787048339844e+01 3.200579071044921875e+01
2.088871469497680664e+02 5.215129756927490234e+01 3.000879478454589844e+01 3.107430458068847656e+01
2.106211118698120117e+02 5.145500183105468750e+01 2.894458198547363281e+01 3.364299011230468750e+01
2.081953306198120117e+02 5.027212715148925781e+01 2.907601356506347656e+01 3.208694839477539062e+01
2.053635978698730469e+02 5.003973770141601562e+01 3.095554351806640625e+01 3.117564392089843750e+01
2.054150676727294922e+02 4.839366722106933594e+01 3.103587722778320312e+01 3.355932235717773438e+01
2.073209037780761719e+02 4.670617103576660156e+01 3.200193023681640625e+01 3.724190139770507812e+01
2.094368391036987305e+02 4.723998832702636719e+01 3.148818397521972656e+01 3.587287521362304688e+01
2.110831680297851562e+02 4.792498397827148438e+01 2.998822021484375000e+01 3.291355895996093750e+01
2.127010231018066406e+02 4.924715614318847656e+01 2.976831817626953125e+01 3.210586929321289062e+01
2.127297945022583008e+02 4.869595146179199219e+01 2.824475669860839844e+01 3.318584823608398438e+01
2.142092714309692383e+02 4.817117500305175781e+01 2.762995719909667969e+01 3.243329238891601562e+01
2.137896995544433594e+02 4.957194137573242188e+01 2.773157501220703125e+01 3.359443664550781250e+01
2.118131799697875977e+02 4.907016944885253906e+01 2.834670829772949219e+01 3.261968612670898438e+01
2.088941431045532227e+02 5.040919685363769531e+01 2.938973808288574219e+01 3.278927993774414062e+01
2.116325006484985352e+02 5.082428359985351562e+01 2.784277153015136719e+01 3.229685211181640625e+01
2.109495563507080078e+02 5.094790649414062500e+01 2.817293930053710938e+01 3.368192291259765625e+01
2.118402547836303711e+02 4.998176765441894531e+01 2.930028724670410156e+01 3.301984786987304688e+01
2.132868442535400391e+02 5.183611869812011719e+01 2.925770950317382812e+01 3.381303787231445312e+01
2.144233894348144531e+02 5.073862075805664062e+01 3.030944824218750000e+01 3.285240936279296875e+01
2.144190721511840820e+02 5.240521621704101562e+01 3.056941795349121094e+01 3.342884063720703125e+01
2.136680097579956055e+02 5.314347457885742188e+01 3.080256843566894531e+01 3.225635528564453125e+01
2.135076961517333984e+02 5.149814414978027344e+01 3.076538467407226562e+01 3.384201431274414062e+01
2.132119693756103516e+02 5.275609779357910156e+01 3.207230758666992188e+01 3.419970321655273438e+01
2.126375808715820312e+02 5.219993591308593750e+01 3.031565856933593750e+01 3.521313476562500000e+01
2.144372797012329102e+02 5.187741851806640625e+01 3.141164970397949219e+01 3.617562866210937500e+01
2.091324710845947266e+02 5.458033752441406250e+01 3.399116897583007812e+01 3.526681518554687500e+01
2.092426834106445312e+02 5.335886383056640625e+01 3.760839080810546875e+01 3.470504760742187500e+01
2.073075523376464844e+02 5.533081626892089844e+01 3.471713256835937500e+01 3.447653579711914062e+01
2.080629081726074219e+02 5.380734062194824219e+01 3.578358459472656250e+01 3.391785049438476562e+01
2.078556671142578125e+02 5.422607994079589844e+01 3.385901641845703125e+01 3.357194900512695312e+01
2.122163658142089844e+02 5.448285102844238281e+01 2.847805786132812500e+01 3.228808212280273438e+01
2.138426418304443359e+02 5.597815990447998047e+01 2.430701828002929688e+01 2.682357978820800781e+01
2.138281965255737305e+02 5.610429859161376953e+01 2.322122383117675781e+01 2.855305290222167969e+01
2.152843151092529297e+02 5.586433982849121094e+01 2.276723861694335938e+01 2.649721145629882812e+01
2.167039709091186523e+02 5.631663894653320312e+01 2.056066322326660156e+01 2.532294464111328125e+01
2.168488693237304688e+02 5.703075504302978516e+01 2.140422058105468750e+01 2.648172569274902344e+01
2.163736190795898438e+02 5.787546634674072266e+01 2.094751739501953125e+01 2.308653831481933594e+01
2.190968704223632812e+02 5.796511459350585938e+01 2.022402954101562500e+01 2.977508544921875000e+01
2.167109127044677734e+02 5.723895645141601562e+01 2.134107589721679688e+01 2.662959289550781250e+01
2.170399188995361328e+02 5.325685119628906250e+01 2.171280288696289062e+01 3.188882446289062500e+01
2.145661144256591797e+02 5.377711772918701172e+01 2.401300430297851562e+01 3.020486640930175781e+01
2.132409286499023438e+02 5.309285545349121094e+01 2.582334899902343750e+01 2.982324600219726562e+01
2.129523077011108398e+02 5.562693881988525391e+01 2.714335060119628906e+01 2.918618583679199219e+01
2.152803030014038086e+02 5.339465618133544922e+01 2.565342140197753906e+01 2.801958656311035156e+01
2.129815683364868164e+02 5.486324024200439453e+01 2.965911674499511719e+01 2.936873435974121094e+01
2.126414289474487305e+02 5.343577957153320312e+01 3.080652809143066406e+01 3.013088989257812500e+01
2.074218444824218750e+02 5.228371429443359375e+01 3.366855621337890625e+01 3.271325683593750000e+01
2.073715133666992188e+02 5.357474899291992188e+01 3.520819854736328125e+01 3.408325958251953125e+01
2.082987384796142578e+02 5.196701240539550781e+01 3.589880752563476562e+01 3.477598190307617188e+01
2.049678745269775391e+02 5.253506088256835938e+01 3.898607254028320312e+01 3.407358551025390625e+01
2.078843612670898438e+02 5.116341972351074219e+01 3.803787994384765625e+01 3.401881790161132812e+01
2.068612022399902344e+02 4.982974243164062500e+01 3.844514465332031250e+01 3.635881042480468750e+01
2.161665287017822266e+02 5.298140907287597656e+01 3.118713760375976562e+01 3.290298080444335938e+01
2.123255386352539062e+02 5.280226516723632812e+01 3.269232940673828125e+01 3.397199249267578125e+01
2.125296669006347656e+02 5.231117820739746094e+01 3.228906250000000000e+01 3.315613174438476562e+01
2.159935255050659180e+02 5.172723960876464844e+01 2.803276252746582031e+01 3.326575088500976562e+01
2.131177549362182617e+02 5.112397956848144531e+01 2.884620094299316406e+01 3.204342269897460938e+01
2.121352434158325195e+02 5.044844055175781250e+01 2.846426963806152344e+01 3.232884979248046875e+01
2.125212192535400391e+02 4.984223556518554688e+01 2.883208847045898438e+01 3.336180877685546875e+01
2.129079179763793945e+02 5.274498176574707031e+01 2.797226524353027344e+01 3.147819137573242188e+01
2.121523485183715820e+02 5.233664894104003906e+01 2.728648185729980469e+01 3.047477340698242188e+01
2.123250007629394531e+02 5.181702613830566406e+01 2.694647216796875000e+01 3.141014480590820312e+01
2.144855194091796875e+02 5.312463855743408203e+01 2.863713073730468750e+01 3.172256278991699219e+01
2.119972953796386719e+02 5.549417400360107422e+01 2.827165985107421875e+01 3.015674781799316406e+01
2.071069917678833008e+02 5.423003959655761719e+01 2.856540489196777344e+01 3.094104385375976562e+01
2.045876817703247070e+02 5.314649581909179688e+01 2.811922264099121094e+01 3.131407165527343750e+01
2.019665050506591797e+02 5.282816219329833984e+01 2.993872451782226562e+01 3.141325569152832031e+01
2.006582040786743164e+02 5.221653938293457031e+01 3.171245384216308594e+01 3.213067245483398438e+01
2.043968467712402344e+02 5.329642772674560547e+01 3.045765686035156250e+01 2.880059242248535156e+01
2.029147768020629883e+02 5.238254737854003906e+01 2.960956382751464844e+01 2.982043838500976562e+01
2.026167707443237305e+02 5.268517589569091797e+01 2.939550209045410156e+01 2.780028724670410156e+01
2.015330514907836914e+02 5.354794120788574219e+01 2.992271995544433594e+01 2.805031967163085938e+01
2.014145107269287109e+02 5.198530101776123047e+01 3.050219345092773438e+01 2.899354743957519531e+01
2.023263330459594727e+02 5.366788005828857422e+01 3.006952476501464844e+01 2.845945930480957031e+01
2.050924825668334961e+02 5.108771038055419922e+01 3.136509895324707031e+01 3.173236274719238281e+01
2.118827037811279297e+02 5.020741271972656250e+01 3.084312820434570312e+01 3.474053192138671875e+01
2.113753728866577148e+02 5.152907562255859375e+01 3.058058357238769531e+01 3.262764739990234375e+01
2.137938356399536133e+02 5.326219558715820312e+01 3.117241477966308594e+01 3.480413818359375000e+01
2.152789411544799805e+02 5.308973312377929688e+01 3.000893592834472656e+01 3.223638916015625000e+01
2.133254394531250000e+02 5.297216033935546875e+01 3.194595336914062500e+01 3.343235015869140625e+01
2.120068092346191406e+02 5.263887023925781250e+01 3.270243072509765625e+01 3.223604583740234375e+01
2.131295738220214844e+02 5.282270050048828125e+01 3.013254547119140625e+01 3.530808258056640625e+01
2.104744892120361328e+02 5.400152015686035156e+01 2.963151931762695312e+01 3.369633865356445312e+01
2.081994838714599609e+02 5.350034332275390625e+01 3.030570602416992188e+01 3.271952819824218750e+01
2.054866437911987305e+02 5.324305152893066406e+01 2.972208595275878906e+01 3.399964523315429688e+01
2.059414672851562500e+02 5.318598365783691406e+01 3.036248779296875000e+01 3.388837814331054688e+01
2.042450466156005859e+02 5.266901779174804688e+01 2.888219070434570312e+01 3.416280364990234375e+01
2.038876256942749023e+02 5.263375663757324219e+01 2.800513648986816406e+01 3.423453140258789062e+01
2.027523117065429688e+02 5.373736572265625000e+01 2.816007232666015625e+01 3.430315399169921875e+01
2.024258775711059570e+02 5.507686233520507812e+01 2.734935569763183594e+01 3.327791595458984375e+01
2.017646999359130859e+02 5.599885940551757812e+01 2.782670974731445312e+01 3.251029968261718750e+01
2.018018989562988281e+02 5.514543342590332031e+01 2.720531463623046875e+01 3.318444442749023438e+01
2.019712610244750977e+02 5.629311561584472656e+01 2.462101554870605469e+01 3.298198318481445312e+01
2.025945396423339844e+02 5.666070556640625000e+01 2.284676361083984375e+01 3.231529998779296875e+01
1.982422666549682617e+02 5.636597061157226562e+01 2.425449562072753906e+01 3.409108734130859375e+01
1.976172161102294922e+02 5.670937728881835938e+01 2.489042282104492188e+01 3.243547058105468750e+01
1.980459508895874023e+02 5.615503311157226562e+01 2.316974067687988281e+01 3.289887237548828125e+01
2.000522031784057617e+02 5.618922424316406250e+01 2.421226692199707031e+01 3.216777038574218750e+01
1.977757472991943359e+02 5.591618347167968750e+01 2.578233718872070312e+01 3.268979644775390625e+01
1.986559801101684570e+02 5.563569831848144531e+01 2.524321556091308594e+01 3.176251602172851562e+01
2.003478479385375977e+02 5.473706626892089844e+01 2.537756919860839844e+01 3.198083877563476562e+01
2.018038721084594727e+02 5.487592601776123047e+01 2.592972373962402344e+01 3.155044746398925781e+01
2.033187942504882812e+02 5.470975399017333984e+01 2.525305175781250000e+01 3.189705848693847656e+01
2.033695335388183594e+02 5.360535240173339844e+01 2.684224700927734375e+01 3.230704879760742188e+01
2.025334339141845703e+02 5.246804237365722656e+01 2.697069931030273438e+01 3.326086807250976562e+01
2.046010007858276367e+02 5.319041252136230469e+01 2.528328895568847656e+01 3.243358230590820312e+01
2.059034070968627930e+02 5.291356086730957031e+01 2.412923622131347656e+01 3.187197494506835938e+01
2.060440626144409180e+02 5.390216541290283203e+01 2.459395790100097656e+01 3.158425712585449219e+01
2.067323837280273438e+02 5.333695316314697266e+01 2.511633300781250000e+01 3.102964591979980469e+01
2.064464006423950195e+02 5.375632286071777344e+01 2.598473167419433594e+01 3.079000473022460938e+01
2.065682678222656250e+02 5.388167381286621094e+01 2.748486328125000000e+01 3.336168289184570312e+01
2.041348342895507812e+02 5.256978607177734375e+01 3.214075469970703125e+01 3.378843688964843750e+01
2.046422843933105469e+02 5.239178848266601562e+01 3.585739135742187500e+01 3.293456268310546875e+01
2.038871574401855469e+02 5.397833251953125000e+01 3.596418762207031250e+01 3.230256652832031250e+01
2.018228244781494141e+02 5.260261917114257812e+01 3.214624404907226562e+01 3.676053619384765625e+01
2.034635658264160156e+02 5.255697059631347656e+01 3.304153442382812500e+01 3.356109237670898438e+01
2.016801414489746094e+02 5.346658897399902344e+01 3.306716918945312500e+01 3.387073135375976562e+01
2.005130805969238281e+02 5.464542102813720703e+01 3.029043579101562500e+01 3.177240562438964844e+01
2.018949794769287109e+02 5.285950469970703125e+01 3.269718551635742188e+01 3.213829803466796875e+01
2.012690763473510742e+02 5.394507884979248047e+01 2.775428199768066406e+01 3.047981452941894531e+01
1.971820306777954102e+02 5.329262065887451172e+01 2.795122337341308594e+01 3.056331062316894531e+01
2.029775724411010742e+02 5.063240337371826172e+01 3.107602119445800781e+01 3.123113441467285156e+01
2.021549625396728516e+02 5.230952262878417969e+01 2.819686508178710938e+01 3.237819290161132812e+01
2.055035896301269531e+02 5.442154216766357422e+01 2.691123199462890625e+01 3.117975044250488281e+01
2.066962537765502930e+02 5.371578025817871094e+01 2.594294166564941406e+01 2.964368820190429688e+01
2.054847993850708008e+02 5.331904315948486328e+01 2.732423210144042969e+01 3.179305839538574219e+01
2.075150499343872070e+02 5.375909805297851562e+01 2.675520133972167969e+01 3.153752136230468750e+01
2.084702243804931641e+02 5.187043094635009766e+01 2.837609481811523438e+01 3.052545738220214844e+01
2.136092882156372070e+02 4.948761749267578125e+01 3.008582115173339844e+01 3.388116455078125000e+01
2.092268466949462891e+02 5.164404106140136719e+01 2.632719039916992188e+01 3.148112869262695312e+01
2.112952051162719727e+02 5.113409042358398438e+01 2.394479942321777344e+01 3.020401000976562500e+01
2.081419010162353516e+02 5.094390678405761719e+01 2.451244735717773438e+01 3.034235000610351562e+01
2.092368240356445312e+02 5.080354881286621094e+01 2.481601715087890625e+01 3.027298355102539062e+01
2.084097270965576172e+02 5.075908184051513672e+01 2.837910079956054688e+01 3.199884223937988281e+01
2.073286218643188477e+02 5.077830886840820312e+01 3.099110984802246094e+01 3.376631927490234375e+01
2.083676700592041016e+02 4.791030311584472656e+01 3.344163894653320312e+01 3.254448318481445312e+01
2.066728229522705078e+02 5.139589500427246094e+01 3.178194046020507812e+01 3.365816879272460938e+01
2.074491863250732422e+02 5.256248092651367188e+01 3.376771163940429688e+01 3.145112609863281250e+01
2.091396150588989258e+02 5.402688217163085938e+01 2.702351188659667969e+01 3.288841247558593750e+01
2.086072225570678711e+02 5.327647590637207031e+01 2.745481300354003906e+01 2.966332626342773438e+01
2.074801101684570312e+02 5.280564975738525391e+01 2.582160949707031250e+01 3.076247978210449219e+01
2.060677251815795898e+02 5.488909435272216797e+01 2.824223518371582031e+01 2.932306098937988281e+01
2.061394481658935547e+02 5.432857131958007812e+01 2.837174606323242188e+01 3.002873992919921875e+01
2.056115503311157227e+02 5.447912883758544922e+01 2.710713768005371094e+01 3.080959510803222656e+01
2.082696886062622070e+02 5.599537754058837891e+01 2.588015556335449219e+01 2.765184593200683594e+01
2.106709222793579102e+02 5.384297657012939453e+01 2.521204185485839844e+01 3.107930564880371094e+01
2.091218223571777344e+02 5.370188426971435547e+01 2.918412780761718750e+01 3.176640510559082031e+01
2.070598487854003906e+02 5.286183357238769531e+01 3.028340911865234375e+01 3.234211349487304688e+01
2.087331619262695312e+02 5.275611877441406250e+01 3.349012756347656250e+01 3.371820068359375000e+01
2.114973468780517578e+02 5.129903602600097656e+01 2.978168869018554688e+01 3.438776779174804688e+01
2.075842103958129883e+02 5.246719741821289062e+01 3.004451560974121094e+01 3.344104766845703125e+01
2.118221654891967773e+02 5.075687980651855469e+01 2.872776985168457031e+01 3.259488296508789062e+01
2.099571714401245117e+02 5.259344100952148438e+01 3.099351692199707031e+01 3.235242462158203125e+01
2.119937734603881836e+02 5.147285079956054688e+01 2.878969764709472656e+01 3.437861633300781250e+01
2.128383913040161133e+02 5.068089866638183594e+01 3.112138175964355469e+01 3.454482650756835938e+01
2.132150487899780273e+02 5.207715606689453125e+01 2.967408180236816406e+01 3.205425262451171875e+01
2.101742925643920898e+02 5.155644226074218750e+01 2.968967628479003906e+01 3.354113769531250000e+01
2.103353862762451172e+02 5.114601135253906250e+01 2.864443588256835938e+01 3.381137084960937500e+01
2.102960901260375977e+02 4.941327476501464844e+01 3.107472038269042969e+01 3.535800552368164062e+01
2.107563343048095703e+02 4.813644409179687500e+01 3.419396591186523438e+01 3.906878662109375000e+01
2.129570207595825195e+02 4.969386672973632812e+01 3.098053550720214844e+01 3.609741973876953125e+01
2.112068567276000977e+02 4.894483757019042969e+01 3.099049186706542969e+01 3.732822036743164062e+01
2.104140205383300781e+02 4.910671806335449219e+01 3.218213653564453125e+01 3.477450942993164062e+01
2.095287733078002930e+02 5.095732688903808594e+01 3.101687049865722656e+01 3.376146316528320312e+01
2.128397731781005859e+02 4.865888404846191406e+01 2.669906997680664062e+01 3.346071243286132812e+01
2.135990991592407227e+02 4.952643013000488281e+01 2.694607353210449219e+01 2.942819595336914062e+01
2.117923517227172852e+02 4.778854560852050781e+01 2.558804893493652344e+01 3.386333084106445312e+01
2.099052495956420898e+02 4.697694301605224609e+01 2.663146400451660156e+01 3.156455421447753906e+01
2.073505744934082031e+02 4.742393112182617188e+01 2.663061523437500000e+01 3.392765045166015625e+01
2.080980110168457031e+02 4.851527976989746094e+01 2.491547393798828125e+01 3.208567428588867188e+01
2.072549715042114258e+02 4.836093711853027344e+01 2.524958610534667969e+01 3.279842758178710938e+01
2.106252355575561523e+02 4.802413558959960938e+01 2.644953346252441406e+01 3.110709381103515625e+01
2.105502929687500000e+02 4.935866260528564453e+01 2.535819244384765625e+01 3.002237510681152344e+01
2.113223075866699219e+02 4.919190883636474609e+01 2.594733428955078125e+01 3.122299385070800781e+01
2.109391469955444336e+02 4.921958351135253906e+01 2.442613410949707031e+01 3.300283432006835938e+01
2.102221059799194336e+02 5.018075752258300781e+01 2.479071235656738281e+01 3.109598159790039062e+01
2.106475868225097656e+02 4.987551784515380859e+01 2.504661560058593750e+01 3.180687141418457031e+01
2.124128408432006836e+02 5.129387187957763672e+01 2.402644538879394531e+01 2.883685493469238281e+01
2.123213357925415039e+02 4.873366737365722656e+01 2.479908561706542969e+01 3.218436050415039062e+01
2.118930969238281250e+02 4.926642036437988281e+01 2.628122711181640625e+01 3.099033737182617188e+01
2.105898981094360352e+02 5.020070171356201172e+01 2.634616661071777344e+01 3.191094398498535156e+01
2.077868967056274414e+02 5.172406196594238281e+01 3.020155906677246094e+01 3.102006912231445312e+01
2.102906913757324219e+02 4.922700500488281250e+01 3.139389038085937500e+01 3.205009460449218750e+01
2.112150716781616211e+02 4.990044021606445312e+01 2.796673011779785156e+01 3.246984100341796875e+01
2.109680786132812500e+02 4.890370750427246094e+01 2.808263397216796875e+01 3.266203689575195312e+01
2.104617567062377930e+02 5.001670742034912109e+01 2.829426765441894531e+01 2.962690162658691406e+01
2.103032112121582031e+02 5.023829269409179688e+01 2.932899475097656250e+01 3.216643524169921875e+01
2.117719230651855469e+02 4.880712985992431641e+01 3.135748291015625000e+01 3.197518730163574219e+01
2.105506782531738281e+02 4.743132972717285156e+01 3.030516815185546875e+01 3.302918624877929688e+01
2.122345771789550781e+02 4.660397529602050781e+01 3.256317901611328125e+01 3.305700302124023438e+01
2.106582536697387695e+02 4.622371864318847656e+01 2.788197898864746094e+01 3.528258895874023438e+01
2.103554840087890625e+02 4.422471904754638672e+01 2.668134307861328125e+01 3.129145240783691406e+01
2.047303886413574219e+02 4.336945438385009766e+01 3.029882049560546875e+01 3.139846611022949219e+01
2.071528005599975586e+02 4.363655185699462891e+01 2.839334297180175781e+01 2.956582450866699219e+01
2.078706674575805664e+02 4.554150676727294922e+01 3.075315666198730469e+01 3.195974922180175781e+01
2.079578170776367188e+02 4.535859394073486328e+01 3.207876586914062500e+01 3.132561302185058594e+01
2.106579647064208984e+02 4.742831230163574219e+01 3.408760452270507812e+01 3.468402481079101562e+01
2.079978675842285156e+02 4.789637184143066406e+01 2.771810150146484375e+01 3.477970504760742188e+01
2.115804853439331055e+02 4.729026222229003906e+01 2.617165565490722656e+01 3.517679977416992188e+01
2.115197935104370117e+02 4.769177818298339844e+01 2.259430885314941406e+01 3.468186569213867188e+01
2.079888248443603516e+02 5.039468765258789062e+01 2.704580307006835938e+01 3.316325378417968750e+01
2.069891529083251953e+02 4.928523063659667969e+01 2.760459518432617188e+01 3.369694137573242188e+01
2.064975738525390625e+02 5.024619102478027344e+01 2.691528320312500000e+01 3.347253799438476562e+01
2.059948692321777344e+02 4.996091651916503906e+01 2.909785461425781250e+01 3.401133346557617188e+01
2.045582962036132812e+02 4.909362030029296875e+01 3.137097930908203125e+01 3.577987670898437500e+01
2.026026763916015625e+02 4.863639640808105469e+01 3.203446197509765625e+01 3.548396682739257812e+01
2.065534448623657227e+02 4.873136329650878906e+01 3.083319664001464844e+01 3.277238082885742188e+01
2.044474105834960938e+02 4.695677566528320312e+01 3.241881561279296875e+01 3.481914520263671875e+01
2.051594333648681641e+02 4.517243194580078125e+01 3.550787734985351562e+01 3.275292968750000000e+01
2.071078042984008789e+02 4.665350532531738281e+01 3.057587242126464844e+01 2.976571273803710938e+01
2.067379188537597656e+02 4.635174751281738281e+01 2.993913269042968750e+01 3.296654891967773438e+01
2.056932449340820312e+02 4.777291488647460938e+01 3.068187713623046875e+01 3.321555328369140625e+01
2.072324924468994141e+02 5.014240264892578125e+01 3.295624160766601562e+01 3.286299133300781250e+01
2.064440355300903320e+02 5.039097404479980469e+01 2.864330863952636719e+01 3.148881912231445312e+01
2.043565616607666016e+02 5.128024291992187500e+01 3.084506607055664062e+01 3.135564422607421875e+01
2.048754949569702148e+02 5.207510471343994141e+01 3.057938575744628906e+01 3.157810020446777344e+01
2.038545846939086914e+02 5.299391365051269531e+01 2.945947837829589844e+01 3.239358139038085938e+01
2.049674882888793945e+02 5.258419609069824219e+01 3.156672477722167969e+01 3.229298019409179688e+01
2.050024585723876953e+02 5.232705116271972656e+01 3.253909683227539062e+01 3.347912979125976562e+01
2.041212635040283203e+02 5.208426094055175781e+01 3.197558975219726562e+01 3.277539443969726562e+01
2.094436149597167969e+02 5.428456306457519531e+01 2.931188964843750000e+01 3.219070816040039062e+01
2.037949132919311523e+02 5.352110099792480469e+01 3.050738716125488281e+01 3.347983169555664062e+01
2.043905067443847656e+02 5.375363159179687500e+01 2.713472747802734375e+01 3.278888702392578125e+01
2.078648128509521484e+02 5.239696502685546875e+01 2.787067031860351562e+01 3.142311096191406250e+01
2.062247104644775391e+02 5.075903701782226562e+01 2.957353591918945312e+01 3.216937255859375000e+01
2.065726661682128906e+02 5.086334609985351562e+01 2.475405120849609375e+01 2.975216674804687500e+01
2.114403705596923828e+02 5.168513107299804688e+01 2.701189041137695312e+01 3.124472808837890625e+01
2.071162004470825195e+02 5.014409160614013672e+01 2.616670036315917969e+01 3.019999885559082031e+01
2.060838680267333984e+02 5.049427223205566406e+01 2.605311203002929688e+01 2.921058273315429688e+01
2.069170722961425781e+02 5.152013301849365234e+01 2.565895843505859375e+01 2.833387947082519531e+01
2.059278087615966797e+02 5.093403720855712891e+01 2.715097427368164062e+01 2.979865837097167969e+01
2.064082126617431641e+02 5.314238357543945312e+01 2.472942733764648438e+01 2.765438079833984375e+01
2.067610931396484375e+02 5.343586826324462891e+01 2.493910217285156250e+01 2.744820976257324219e+01
2.068374185562133789e+02 5.259878730773925781e+01 2.596977043151855469e+01 2.953068161010742188e+01
2.093899831771850586e+02 5.276293468475341797e+01 2.681569099426269531e+01 3.058842658996582031e+01
2.082245826721191406e+02 5.126977157592773438e+01 2.794281768798828125e+01 3.161864471435546875e+01
2.063129224777221680e+02 5.190611171722412109e+01 2.831766700744628906e+01 3.176645088195800781e+01
2.085524110794067383e+02 5.309624099731445312e+01 3.071787071228027344e+01 3.053245544433593750e+01
2.077012510299682617e+02 5.419319343566894531e+01 2.805764961242675781e+01 3.114820480346679688e+01
2.059294672012329102e+02 5.576635456085205078e+01 2.993633079528808594e+01 3.135355186462402344e+01
2.048851861953735352e+02 5.388878250122070312e+01 3.076963615417480469e+01 3.239168548583984375e+01
2.066760959625244141e+02 5.379471015930175781e+01 3.092483139038085938e+01 3.258764266967773438e+01
2.057773790359497070e+02 5.497060775756835938e+01 3.134965324401855469e+01 3.286765289306640625e+01
2.058884983062744141e+02 5.494682693481445312e+01 2.819713973999023438e+01 3.430689239501953125e+01
2.069707489013671875e+02 5.469865798950195312e+01 2.894682312011718750e+01 3.376603698730468750e+01
2.073970584869384766e+02 5.500868797302246094e+01 2.743875503540039062e+01 3.228410720825195312e+01
2.077950201034545898e+02 5.468305969238281250e+01 2.769658088684082031e+01 3.341138458251953125e+01
