2.050000000000000000e+02 1.000000000000000000e+00 5.300000000000000000e+01 1.560000000000000000e+02
2.047669544219970703e+02 4.470672607421875000e-01 5.031820297241210938e+01 1.537510681152343750e+02
2.044120521545410156e+02 1.836616516113281250e+00 5.093096160888671875e+01 1.519203338623046875e+02
2.043955650329589844e+02 1.052444458007812500e+00 4.992240142822265625e+01 1.512462158203125000e+02
2.043719863891601562e+02 9.886779785156250000e-01 5.044496154785156250e+01 1.510461120605468750e+02
2.035072994232177734e+02 8.982696533203125000e-01 4.936436843872070312e+01 1.505416564941406250e+02
2.033592052459716797e+02 1.125762939453125000e+00 4.899011611938476562e+01 1.500307617187500000e+02
2.035210952758789062e+02 2.330406188964843750e+00 5.032380676269531250e+01 1.491462860107421875e+02
2.034855384826660156e+02 2.451660156250000000e+00 4.856557464599609375e+01 1.506860046386718750e+02
2.039475936889648438e+02 2.854713439941406250e+00 4.894511413574218750e+01 1.497816009521484375e+02
2.037553939819335938e+02 4.149620056152343750e+00 4.787773132324218750e+01 1.477808990478515625e+02
2.032125072479248047e+02 3.275260925292968750e+00 4.865124893188476562e+01 1.476501922607421875e+02
2.024805183410644531e+02 4.963951110839843750e+00 4.937569427490234375e+01 1.470339202880859375e+02
2.017718009948730469e+02 4.641845703125000000e+00 5.058679962158203125e+01 1.473763732910156250e+02
2.030561161041259766e+02 5.162719726562500000e+00 4.974103927612304688e+01 1.467201843261718750e+02
2.030802688598632812e+02 4.725158691406250000e+00 4.943748474121093750e+01 1.451372985839843750e+02
2.028499088287353516e+02 5.719284057617187500e+00 4.965491867065429688e+01 1.429548339843750000e+02
2.023356933593750000e+02 5.693977355957031250e+00 4.817855834960937500e+01 1.431113433837890625e+02
2.016216697692871094e+02 4.140830993652343750e+00 4.899747467041015625e+01 1.451009674072265625e+02
2.012062473297119141e+02 4.257446289062500000e+00 4.909006881713867188e+01 1.447293090820312500e+02
1.999597320556640625e+02 4.763526916503906250e+00 4.949789428710937500e+01 1.440458221435546875e+02
1.993979721069335938e+02 6.789619445800781250e+00 4.903294372558593750e+01 1.417398529052734375e+02
1.987542362213134766e+02 7.645896911621093750e+00 5.035834884643554688e+01 1.396804046630859375e+02
1.989728012084960938e+02 1.052595520019531250e+01 4.913859558105468750e+01 1.356126708984375000e+02
1.993907966613769531e+02 9.270126342773437500e+00 4.798146820068359375e+01 1.360349426269531250e+02
2.004861450195312500e+02 1.186283111572265625e+01 4.657238769531250000e+01 1.337114105224609375e+02
1.995444602966308594e+02 1.234162139892578125e+01 4.612741851806640625e+01 1.326570587158203125e+02
1.990060539245605469e+02 1.316031646728515625e+01 4.564487457275390625e+01 1.316036224365234375e+02
1.978224563598632812e+02 1.326636505126953125e+01 4.607817077636718750e+01 1.305089263916015625e+02
1.978932361602783203e+02 1.220960235595703125e+01 4.574413681030273438e+01 1.317930450439453125e+02
1.976615982055664062e+02 1.172069549560546875e+01 4.539530944824218750e+01 1.308462371826171875e+02
1.976069812774658203e+02 1.229007720947265625e+01 4.587484359741210938e+01 1.302790985107421875e+02
1.975468673706054688e+02 1.336283111572265625e+01 4.559834289550781250e+01 1.308279571533203125e+02
1.982099514007568359e+02 1.297445678710937500e+01 4.579237747192382812e+01 1.315384216308593750e+02
1.984031581878662109e+02 1.401708221435546875e+01 4.493336868286132812e+01 1.305727386474609375e+02
2.004347610473632812e+02 1.233307647705078125e+01 4.574137878417968750e+01 1.319333953857421875e+02
2.000479125976562500e+02 1.654298782348632812e+01 4.221655273437500000e+01 1.273660507202148438e+02
2.013717460632324219e+02 1.397513580322265625e+01 4.491440582275390625e+01 1.304989776611328125e+02
2.017188911437988281e+02 1.610794448852539062e+01 4.278728485107421875e+01 1.278978805541992188e+02
2.013353595733642578e+02 1.522150421142578125e+01 4.403362655639648438e+01 1.298225555419921875e+02
2.004308624267578125e+02 1.633393096923828125e+01 4.438653564453125000e+01 1.254654998779296875e+02
2.013908843994140625e+02 1.541425323486328125e+01 4.460693359375000000e+01 1.257259368896484375e+02
2.006630897521972656e+02 1.831188964843750000e+01 4.425499725341796875e+01 1.220867614746093750e+02
2.017685718536376953e+02 1.565916061401367188e+01 4.398775863647460938e+01 1.258643875122070312e+02
2.012451496124267578e+02 1.429209518432617188e+01 4.254653549194335938e+01 1.264394607543945312e+02
2.014058971405029297e+02 1.523259353637695312e+01 4.244165420532226562e+01 1.262829513549804688e+02
2.011894035339355469e+02 1.616421890258789062e+01 4.371796417236328125e+01 1.253628463745117188e+02
2.010982208251953125e+02 1.721940994262695312e+01 4.373156738281250000e+01 1.238082809448242188e+02
2.023585071563720703e+02 1.745290756225585938e+01 4.497643661499023438e+01 1.228672256469726562e+02
2.011635990142822266e+02 1.862711715698242188e+01 4.570820236206054688e+01 1.215655593872070312e+02
2.008983554840087891e+02 2.047826766967773438e+01 4.465641403198242188e+01 1.185748062133789062e+02
2.036096801757812500e+02 2.031713104248046875e+01 4.478213500976562500e+01 1.198412628173828125e+02
2.022281227111816406e+02 2.072817611694335938e+01 4.482814788818359375e+01 1.193104629516601562e+02
2.034068393707275391e+02 1.991051101684570312e+01 4.356599044799804688e+01 1.190757980346679688e+02
2.021582279205322266e+02 2.136120605468750000e+01 4.374164962768554688e+01 1.159461364746093750e+02
2.021293735504150391e+02 1.977190780639648438e+01 4.318232345581054688e+01 1.177632522583007812e+02
2.031326236724853516e+02 2.052771759033203125e+01 4.212910079956054688e+01 1.161612701416015625e+02
2.046444168090820312e+02 1.921596908569335938e+01 4.190318298339843750e+01 1.174599075317382812e+02
2.042532062530517578e+02 2.022158050537109375e+01 4.152196884155273438e+01 1.174086456298828125e+02
2.064428863525390625e+02 1.899645996093750000e+01 4.056985473632812500e+01 1.183843688964843750e+02
2.059231281280517578e+02 2.127840042114257812e+01 4.082104110717773438e+01 1.161200485229492188e+02
2.068644943237304688e+02 2.624832153320312500e+01 4.097099304199218750e+01 1.103931579589843750e+02
2.066754932403564453e+02 2.288579940795898438e+01 4.051534652709960938e+01 1.150646133422851562e+02
2.064543704986572266e+02 2.828102493286132812e+01 4.063367843627929688e+01 1.091762619018554688e+02
2.073621616363525391e+02 2.682379913330078125e+01 4.109543991088867188e+01 1.097703094482421875e+02
2.086431980133056641e+02 2.668729782104492188e+01 4.049854660034179688e+01 1.102012710571289062e+02
2.080083255767822266e+02 2.376169204711914062e+01 4.004362106323242188e+01 1.124044723510742188e+02
2.079743499755859375e+02 2.499296569824218750e+01 3.986767578125000000e+01 1.107649536132812500e+02
2.086106338500976562e+02 2.301383590698242188e+01 3.950444030761718750e+01 1.143906631469726562e+02
2.081203269958496094e+02 2.450875854492187500e+01 4.021994781494140625e+01 1.097211303710937500e+02
2.084671802520751953e+02 2.298205947875976562e+01 3.961001205444335938e+01 1.136943893432617188e+02
2.072097206115722656e+02 2.429806137084960938e+01 3.994783782958984375e+01 1.128034439086914062e+02
2.070524311065673828e+02 2.227383422851562500e+01 3.983440780639648438e+01 1.138892211914062500e+02
2.061686058044433594e+02 2.784911346435546875e+01 4.077515411376953125e+01 1.074384307861328125e+02
2.063979911804199219e+02 2.794166564941406250e+01 4.026941680908203125e+01 1.056513366699218750e+02
2.054217529296875000e+02 2.619446945190429688e+01 4.254309082031250000e+01 1.075121841430664062e+02
2.058814048767089844e+02 2.928708267211914062e+01 4.165555572509765625e+01 1.041145248413085938e+02
2.053577232360839844e+02 2.800917053222656250e+01 4.203946685791015625e+01 1.058822937011718750e+02
2.057946853637695312e+02 2.808784866333007812e+01 4.151618957519531250e+01 1.053721237182617188e+02
2.059567756652832031e+02 2.840365982055664062e+01 4.116414642333984375e+01 1.047196884155273438e+02
2.049454154968261719e+02 2.935229492187500000e+01 4.012369537353515625e+01 1.028185119628906250e+02
2.047856426239013672e+02 2.963954162597656250e+01 3.891122817993164062e+01 1.024303894042968750e+02
2.055147972106933594e+02 2.902317810058592329e+01 3.834522247314453125e+01 1.034747314453125142e+02
2.054148845672607422e+02 2.706783294677734375e+01 3.835869216918945312e+01 1.055192260742187500e+02
2.063735599517822266e+02 2.727033615112304688e+01 3.852349472045898438e+01 1.057508926391601562e+02
2.058676300048828125e+02 2.949615097045898438e+01 3.826954650878906250e+01 1.025817642211914062e+02
2.054610843658447266e+02 2.918249511718750000e+01 3.962763595581054688e+01 1.032278442382812500e+02
2.062573928833007812e+02 3.122111129760742188e+01 3.959590148925781250e+01 1.001158218383789062e+02
2.063043041229248047e+02 3.066887283325195312e+01 3.820795059204101562e+01 1.019878311157226562e+02
2.075309410095214844e+02 3.178268432617187500e+01 3.794611358642578125e+01 9.931823730468750000e+01
2.058998374938964844e+02 3.005431365966798296e+01 3.821700286865234375e+01 1.019800109863281108e+02
2.068727016448974609e+02 3.009879302978515625e+01 3.907478713989257812e+01 1.012812957763671875e+02
2.069586677551269531e+02 2.975122070312500000e+01 3.975017547607421875e+01 1.020840606689453125e+02
2.072037506103515625e+02 3.062126922607421875e+01 3.878385925292968750e+01 9.932446289062500000e+01
2.062476692199707031e+02 2.994203186035154829e+01 3.883798980712890625e+01 9.876802062988282671e+01
2.061460094451904297e+02 2.986235046386718750e+01 3.982274246215820312e+01 9.989645385742187500e+01
2.066104679107666016e+02 3.006418991088865766e+01 3.842591476440429688e+01 9.962232208251954546e+01
2.060281562805175781e+02 2.906298446655273438e+01 3.922235870361328125e+01 1.011327133178710938e+02
2.062182960510253906e+02 2.922830963134765625e+01 3.690251922607421875e+01 1.005334625244140625e+02
2.058048801422119141e+02 3.101494979858398438e+01 3.745093917846679688e+01 9.891664886474609375e+01
2.054899616241455078e+02 3.012877273559570312e+01 3.917847824096679688e+01 9.956192779541015625e+01
2.055746097564697266e+02 3.191474151611328125e+01 3.921041488647460938e+01 9.708639526367187500e+01
2.056461372375488281e+02 3.031521224975585938e+01 4.000782012939453125e+01 9.922756195068359375e+01
2.053400897979736328e+02 3.082614517211912641e+01 4.102262496948242188e+01 9.771796417236329546e+01
2.054966316223144531e+02 3.016240310668945312e+01 4.027378082275390625e+01 9.882169342041015625e+01
2.055402526855468750e+02 3.101219940185545454e+01 4.003800964355468750e+01 9.779818725585938921e+01
2.056276206970214844e+02 3.156833267211914062e+01 3.888072967529296875e+01 9.724231719970703125e+01
2.044999446868896484e+02 3.291474914550782671e+01 3.707934951782226562e+01 9.488122558593750000e+01
2.058954830169677734e+02 3.174691772460938921e+01 3.555882644653320312e+01 9.575161743164062500e+01
2.050801372528076172e+02 2.985629653930666905e+01 3.602609634399414062e+01 9.711019134521484375e+01
2.047924003601074219e+02 3.144692611694337359e+01 3.617089080810546875e+01 9.676329803466795454e+01
2.066752681732177734e+02 3.206145095825193891e+01 3.583206558227539062e+01 9.563379669189453125e+01
2.062025203704833984e+02 3.215966415405272016e+01 3.626288223266601562e+01 9.594042205810548296e+01
2.065323238372802734e+02 2.996265792846679688e+01 3.593333816528320312e+01 9.661910247802734375e+01
2.072802333831787109e+02 3.379894638061523438e+01 3.503969192504882812e+01 9.399573516845703125e+01
2.081840286254882812e+02 2.017077636718750000e+01 3.381056213378906250e+01 1.071497650146484375e+02
2.066908683776855469e+02 3.084201812744140625e+01 3.646640777587890625e+01 9.595683288574218750e+01
2.078849143981933594e+02 3.621705627441404829e+01 3.510378265380859375e+01 9.078013610839843750e+01
2.085903072357177734e+02 2.450801467895506391e+01 3.349187088012695312e+01 1.022475509643554688e+02
2.087901287078857422e+02 3.262580871582029829e+01 3.367999649047851562e+01 9.470330810546875000e+01
2.085909633636474609e+02 2.366391754150389204e+01 3.512305068969726562e+01 1.027530212402343750e+02
2.087037620544433594e+02 3.211845397949217329e+01 3.543608856201171875e+01 9.360694885253906250e+01
2.080095577239990234e+02 3.481854248046873579e+01 3.541113662719726562e+01 9.028067016601562500e+01
2.089444885253906250e+02 3.028490066528320312e+01 3.534124755859375000e+01 9.658563995361328125e+01
2.060729560852050781e+02 3.389052963256837359e+01 3.624936676025390625e+01 9.198394012451171875e+01
2.075909080505371094e+02 3.528757858276368609e+01 3.580896759033203125e+01 9.127083587646484375e+01
2.076552581787109375e+02 3.063718032836915484e+01 3.598582458496093750e+01 9.757398223876951704e+01
2.061061553955078125e+02 3.129141235351562500e+01 3.786962890625000000e+01 9.447749328613281250e+01
2.065937061309814453e+02 2.939798355102539062e+01 3.965345382690429688e+01 9.646224212646484375e+01
2.065170707702636719e+02 3.147306060791015625e+01 4.147090911865234375e+01 9.450520324707031250e+01
2.042454910278320312e+02 3.157295608520507812e+01 4.257273864746093750e+01 9.342673492431640625e+01
2.064226264953613281e+02 3.288616943359373579e+01 3.980788421630859375e+01 9.119041442871093750e+01
2.061964569091796875e+02 3.321681594848631391e+01 3.601507568359375000e+01 9.157469940185546875e+01
2.074772701263427734e+02 3.353190612792967329e+01 3.433755874633789062e+01 9.009886169433593750e+01
2.065587387084960938e+02 3.111504745483397016e+01 3.401985168457031250e+01 9.303110504150390625e+01
2.060830135345458984e+02 2.960260391235350141e+01 3.376428604125976562e+01 9.439456939697265625e+01
2.068289012908935547e+02 3.421681213378904829e+01 3.360538101196289062e+01 8.941865539550781250e+01
2.058577995300292969e+02 2.541853332519529829e+01 3.306928253173828125e+01 9.933459472656250000e+01
2.077543354034423828e+02 2.933390808105467329e+01 3.376934432983398438e+01 9.539904785156250000e+01
2.047962512969970703e+02 3.041581726074217329e+01 3.656528854370117188e+01 9.384576416015625000e+01
2.051408119201660156e+02 3.217548751831053266e+01 3.537789154052734375e+01 9.099623870849609375e+01
2.057324733734130859e+02 3.500120544433593750e+01 3.587761306762695312e+01 8.687866210937500000e+01
2.053560562133789062e+02 2.257529449462890625e+01 3.536453247070312500e+01 1.028005981445312500e+02
2.044472103118896484e+02 2.244744491577148438e+01 3.744742202758789062e+01 1.022800827026367188e+02
2.048304767608642578e+02 1.943474960327148438e+01 3.930962753295898438e+01 1.054401168823242188e+02
2.044449024200439453e+02 1.734510421752929688e+01 3.877746200561523438e+01 1.084295578002929688e+02
2.046830749511718750e+02 1.642325973510742188e+01 3.757681274414062500e+01 1.075020065307617188e+02
2.049907760620117188e+02 2.127837753295898438e+01 3.732009887695312500e+01 1.028470382690429688e+02
2.050742340087890625e+02 2.142305755615234375e+01 3.571636962890625000e+01 1.031256866455078125e+02
2.063246135711669922e+02 2.113371276855470171e+01 3.631749343872070312e+01 1.028331604003906250e+02
2.054246921539306641e+02 2.605430221557620030e+01 3.590348434448242188e+01 9.720938873291015625e+01
2.060535259246826172e+02 3.224152755737306109e+01 3.575352859497070312e+01 9.018891143798828125e+01
2.063931884765625000e+02 2.757715225219727984e+01 3.471347045898437500e+01 9.628533172607421875e+01
2.063839378356933594e+02 2.922520446777345171e+01 3.468192291259765625e+01 9.359712219238281250e+01
2.054975643157958984e+02 3.311827087402345171e+01 3.575098037719726562e+01 8.886949157714843750e+01
2.059019050598144531e+02 2.761669921875001421e+01 3.735758209228515625e+01 9.511251831054687500e+01
2.031054420471191406e+02 2.997630310058593750e+01 4.038889312744140625e+01 9.212185668945312500e+01
2.029167747497558594e+02 2.359842300415039062e+01 4.447792816162109375e+01 9.823865509033203125e+01
2.026240882873535156e+02 1.782361602783203125e+01 3.840174102783203125e+01 1.039527893066406250e+02
2.046926574707031250e+02 2.272828674316404829e+01 3.932661437988281250e+01 1.019770050048828125e+02
2.030128383636474609e+02 1.777194595336912641e+01 3.662932205200195312e+01 1.035868301391601562e+02
2.036515407562255859e+02 2.023462295532225141e+01 3.967766189575195312e+01 1.037333908081054688e+02
2.017815818786621094e+02 1.844098281860350141e+01 3.801667022705078125e+01 1.037302474975585938e+02
2.037440299987792969e+02 1.604475784301756391e+01 3.993106842041015625e+01 1.073427047729492188e+02
2.011264362335205078e+02 2.461570739746092329e+01 3.805024337768554688e+01 1.007049255371093750e+02
2.029453659057617188e+02 1.847552871704100141e+01 3.829829406738281250e+01 1.025116348266601562e+02
2.017740554809570312e+02 2.160611724853514204e+01 4.027996826171875000e+01 1.010770416259765625e+02
2.025054244995117188e+02 1.833906936645506391e+01 4.492337036132812500e+01 1.034459457397460938e+02
2.017495117187500000e+02 2.327389144897459516e+01 4.428507995605468750e+01 9.968183135986328125e+01
2.013948421478271484e+02 1.809792327880857954e+01 4.196127700805664062e+01 1.039879913330078125e+02
2.032426185607910156e+02 2.207893753051756391e+01 4.251364898681640625e+01 1.016226425170898438e+02
2.017132205963134766e+02 1.628357315063475141e+01 4.234112167358398438e+01 1.058259658813476562e+02
2.035411128997802734e+02 2.460309982299803266e+01 4.119339370727539062e+01 9.959886932373046875e+01
2.010474300384521484e+02 1.547352218627928266e+01 4.025021743774414062e+01 1.064235610961914062e+02
2.027646198272705078e+02 2.075472640991209516e+01 4.387925338745117188e+01 1.021589431762695312e+02
2.011252422332763672e+02 1.842526245117186079e+01 4.141914749145507812e+01 1.034235839843750000e+02
2.027813930511474609e+02 2.401792907714842329e+01 4.086099624633789062e+01 1.012229003906250000e+02
2.018972682952880859e+02 2.026042556762693891e+01 4.155087661743164062e+01 1.015385055541992188e+02
2.034092769622802734e+02 1.594327545166014204e+01 4.465420913696289062e+01 1.075032806396484375e+02
1.997401523590087891e+02 2.584674453735350141e+01 4.706032943725585938e+01 9.484636688232421875e+01
2.025941429138183594e+02 1.860561370849607954e+01 4.596318817138671875e+01 1.036936187744140625e+02
1.996980724334716797e+02 2.795592880249022016e+01 4.818242263793945312e+01 9.315000152587890625e+01
2.004600009918212891e+02 1.789508819580076704e+01 4.346175765991210938e+01 1.033841094970703125e+02
2.008271198272705078e+02 2.503566741943357954e+01 4.990324020385742188e+01 9.891346740722656250e+01
2.008299694061279297e+02 1.636540985107420454e+01 4.244731521606445312e+01 1.055662994384765625e+02
2.014765453338623047e+02 1.588985824584959516e+01 4.918318557739257812e+01 1.092733840942382812e+02
1.996815528869628906e+02 2.289110183715818891e+01 5.017279815673828125e+01 9.861098480224609375e+01
1.997952289581298828e+02 2.296144485473631391e+01 4.283033370971679688e+01 9.954399871826171875e+01
2.024269218444824219e+02 1.715273666381834516e+01 4.566194915771484375e+01 1.046679458618164062e+02
1.991802349090576172e+02 2.519611358642576704e+01 4.170961380004882812e+01 9.581364440917968750e+01
2.020042457580566406e+02 1.770790481567379970e+01 4.174387359619140625e+01 1.026702957153320312e+02
2.014395561218261719e+02 2.290117645263669033e+01 4.697707366943359375e+01 1.004273376464843750e+02
2.014057903289794922e+02 1.986664581298825283e+01 4.479619216918945312e+01 1.008228454589843750e+02
2.011768245697021484e+02 2.225084304809567470e+01 4.846091079711914062e+01 9.998929595947265625e+01
2.012421321868896484e+02 1.901578903198239345e+01 4.530426406860351562e+01 1.018198165893554688e+02
2.015945644378662109e+02 2.866865921020504970e+01 5.102927017211914062e+01 9.164511871337890625e+01
2.018608989715576172e+02 1.617272567749020595e+01 4.794688796997070312e+01 1.041953659057617188e+02
1.990980682373046875e+02 2.743345260620114345e+01 5.547099304199218750e+01 9.289992523193359375e+01
2.009849815368652344e+02 1.771293640136715908e+01 5.049330902099609375e+01 1.047361602783203125e+02
1.998575763702392578e+02 2.173283004760739345e+01 5.387269210815429688e+01 9.793172454833984375e+01
2.006572208404541016e+02 2.021900939941403408e+01 5.401751327514648438e+01 1.004297637939453125e+02
1.992879085540771484e+02 2.191782379150387783e+01 5.337857437133789062e+01 9.896600341796875000e+01
2.028701858520507812e+02 2.258959579467770595e+01 5.253677368164062500e+01 9.675743865966796875e+01
2.026924457550048828e+02 1.336457443237301845e+01 4.882026290893554688e+01 1.091153793334960938e+02
2.002514801025390625e+02 2.364742660522458095e+01 4.877043151855468750e+01 9.978514862060546875e+01
2.019828300476074219e+02 2.360157775878903408e+01 4.788368988037109375e+01 9.840580749511718750e+01
2.020267677307128906e+02 1.995454788208004970e+01 4.640937042236328125e+01 1.021873855590820312e+02
2.009817180633544922e+02 2.293824005126950283e+01 5.120018386840820312e+01 9.695263671875000000e+01
2.009095954895019531e+02 1.986766815185544033e+01 4.851432037353515625e+01 1.006538391113281250e+02
2.005228157043457031e+02 2.531407928466794033e+01 5.094425201416015625e+01 9.316781616210937500e+01
2.006646022796630859e+02 2.012548065185544033e+01 4.819958877563476562e+01 1.004032592773437500e+02
2.016056823730468750e+02 2.544826126098629970e+01 5.078672790527343750e+01 9.402887725830078125e+01
2.018404884338378906e+02 2.071404266357419033e+01 4.575586700439453125e+01 9.896484375000000000e+01
2.000502281188964844e+02 2.092502593994137783e+01 4.937126922607421875e+01 1.001441040039062500e+02
1.998088684082031250e+02 2.632728576660153408e+01 5.264335632324218750e+01 9.389576721191406250e+01
2.018536243438720703e+02 1.935646438598629970e+01 4.757316207885742188e+01 1.004972000122070312e+02
1.989320507049560547e+02 2.564142227172848720e+01 5.258494949340820312e+01 9.504889678955078125e+01
2.001533622741699219e+02 2.027091598510739345e+01 4.876473236083984375e+01 9.914562225341796875e+01
2.027045402526855469e+02 2.577669143676754970e+01 5.137252044677734375e+01 9.490351104736328125e+01
2.024301662445068359e+02 1.633742904663083095e+01 4.915613174438476562e+01 1.044712142944335938e+02
1.982902202606201172e+02 1.957428359985348720e+01 5.354173660278320312e+01 1.011824111938476562e+02
2.003180637359619141e+02 2.493973159790036220e+01 5.632848739624023438e+01 9.400251007080078125e+01
2.016718311309814453e+02 1.495603942871090908e+01 5.105414962768554688e+01 1.064726715087890625e+02
1.987041873931884766e+02 1.828812408447262783e+01 5.346157455444335938e+01 1.057405395507812500e+02
2.014179306030273438e+02 2.004873657226559658e+01 5.532113647460937500e+01 1.005939178466796875e+02
1.993503780364990234e+02 2.000795745849606533e+01 5.314542007446289062e+01 1.018897399902343750e+02
2.004105472564697266e+02 2.626149749755856533e+01 5.829494857788085938e+01 9.255862426757812500e+01
2.019095420837402344e+02 1.037360000610348720e+01 5.059627532958984375e+01 1.117464675903320312e+02
2.018975276947021484e+02 1.332093811035153408e+01 5.048398208618164062e+01 1.127012481689453125e+02
2.002019977569580078e+02 2.100790786743161220e+01 5.433692550659179688e+01 1.016173782348632812e+02
2.007770633697509766e+02 1.869538497924801845e+01 5.450442123413085938e+01 1.035094833374023438e+02
1.997252025604248047e+02 2.248849487304684658e+01 5.516188430786132812e+01 1.005659027099609375e+02
2.024525852203369141e+02 1.744981765747067470e+01 5.193377304077148438e+01 1.040491409301757812e+02
1.993142700195312500e+02 2.518106079101559658e+01 5.688859558105468750e+01 9.653846740722656250e+01
2.016756019592285156e+02 1.809695434570309658e+01 5.205228424072265625e+01 1.038218231201171875e+02
2.001805210113525391e+02 2.393491744995114345e+01 5.681695175170898438e+01 9.615962982177734375e+01
2.036583175659179688e+02 1.379402542114254970e+01 4.980145263671875000e+01 1.086512527465820312e+02
1.971569766998291016e+02 2.468678283691403408e+01 5.780645370483398438e+01 9.758982849121093750e+01
2.009316463470458984e+02 1.972805404663083095e+01 5.122555923461914062e+01 1.032224044799804688e+02
2.023781013488769531e+02 1.841975402832028408e+01 5.192145538330078125e+01 1.009848785400390625e+02
1.995599822998046875e+02 2.287177658081051845e+01 5.574995422363281250e+01 9.703365325927734375e+01
2.012771415710449219e+02 1.626361083984372158e+01 5.328936004638671875e+01 1.042157135009765625e+02
2.001763782501220703e+02 1.569250106811520595e+01 5.192225265502929688e+01 1.072817916870117188e+02
1.983276996612548828e+02 2.591970062255856533e+01 5.799845504760742188e+01 9.432617187500000000e+01
2.006039409637451172e+02 1.697023010253903408e+01 5.331627273559570312e+01 1.042950897216796875e+02
1.978329353332519531e+02 2.089028549194333095e+01 5.509250640869140625e+01 1.009259872436523438e+02
2.003263778686523438e+02 2.302970123291012783e+01 5.694683837890625000e+01 9.582571411132812500e+01
1.992559318542480469e+02 1.786054611206051845e+01 5.583129119873046875e+01 1.030321578979492188e+02
1.977629680633544922e+02 2.518472671508786220e+01 5.762224197387695312e+01 9.799875640869140625e+01
1.993171405792236328e+02 2.004747009277340908e+01 5.294388961791992188e+01 1.005168304443359375e+02
1.988700981140136719e+02 2.691481399536129970e+01 5.627639007568359375e+01 9.068350982666015625e+01
2.005448398590087891e+02 2.107963943481442470e+01 5.279201889038085938e+01 9.889521026611328125e+01
2.006172313690185547e+02 1.859320449829098720e+01 5.284334182739257812e+01 9.977198028564453125e+01
1.984104900360107422e+02 1.960462188720700283e+01 5.604271316528320312e+01 1.020516662597656250e+02
1.989286651611328125e+02 2.604017639160153408e+01 5.777882385253906250e+01 9.354737854003906250e+01
2.001639270782470703e+02 2.145853424072262783e+01 5.432972335815429688e+01 9.918545532226562500e+01
2.003780860900878906e+02 2.082374191284176845e+01 5.578183746337890625e+01 9.826280975341796875e+01
1.980925865173339844e+02 2.512535476684567470e+01 5.795034027099609375e+01 9.600882720947265625e+01
2.011564655303955078e+02 1.552618789672848720e+01 5.134589767456054688e+01 1.064911880493164062e+02
1.986243896484375000e+02 2.217300033569333095e+01 5.491993713378906250e+01 9.799666595458984375e+01
2.000053234100341797e+02 2.457710647583004970e+01 5.541252517700195312e+01 9.445929718017578125e+01
1.991774711608886719e+02 1.840909194946286220e+01 5.317824554443359375e+01 1.013805618286132812e+02
1.980937500000000000e+02 2.512301254272458095e+01 6.006221008300781250e+01 9.215126800537109375e+01
2.007884960174560547e+02 1.960947036743161220e+01 5.695586013793945312e+01 1.018881607055664062e+02
1.976530323028564453e+02 2.410560226440426845e+01 5.828062057495117188e+01 9.680721282958984375e+01
2.020196228027343750e+02 1.683588409423825283e+01 5.551835632324218750e+01 1.073544616699218750e+02
1.998210220336914062e+02 1.435640335083004970e+01 5.590856933593750000e+01 1.111709365844726562e+02
1.990644207000732422e+02 2.294605255126950283e+01 6.003575515747070312e+01 1.003906250000000000e+02
1.998607521057128906e+02 1.422913742065426845e+01 5.305924224853515625e+01 1.089774703979492188e+02
2.000681171417236328e+02 2.676350402832028408e+01 5.969703292846679688e+01 9.604664611816406250e+01
1.999668884277343750e+02 1.741027832031247158e+01 5.429924011230468750e+01 1.053200836181640625e+02
1.995777912139892578e+02 1.545459747314450283e+01 5.472297286987304688e+01 1.074339599609375000e+02
1.984131565093994141e+02 2.606511688232419033e+01 6.152676010131835938e+01 9.505648803710937500e+01
2.017612857818603516e+02 1.353375625610348720e+01 5.335125350952148438e+01 1.084240798950195312e+02
1.979813823699951172e+02 2.040262222290036220e+01 5.806077957153320312e+01 1.026037979125976562e+02
2.000361423492431641e+02 1.630737304687497158e+01 5.569723129272460938e+01 1.076285247802734375e+02
1.978829250335693359e+02 2.167060852050778408e+01 5.936111831665039062e+01 1.014702911376953125e+02
1.994365692138671875e+02 2.096384429931637783e+01 5.835389709472656250e+01 1.023426208496093750e+02
1.968124904632568359e+02 2.018490982055661220e+01 5.659042739868164062e+01 1.034188613891601562e+02
2.009663238525390625e+02 2.202101898193356533e+01 5.421885681152343750e+01 1.028599853515625000e+02
2.006165676116943359e+02 1.450307083129879970e+01 5.247827529907226562e+01 1.102555923461914062e+02
1.969258213043212891e+02 2.510787200927731533e+01 5.913503646850585938e+01 9.615457153320312500e+01
2.016047096252441406e+02 2.128919601440426845e+01 5.490027618408203125e+01 1.051807174682617188e+02
2.016239089965820312e+02 1.196673583984372158e+01 5.234506225585937500e+01 1.142110137939453125e+02
1.974239635467529297e+02 1.960945129394528408e+01 5.842100906372070312e+01 1.018439178466796875e+02
1.981171188354492188e+02 2.215492248535153408e+01 5.710446166992187500e+01 1.031393280029296875e+02
2.011348991394042969e+02 1.687186050415036220e+01 5.504750823974609375e+01 1.097018814086914062e+02
1.990116386413574219e+02 1.602391815185544033e+01 5.439269256591796875e+01 1.114261169433593750e+02
2.016281986236572266e+02 2.013839721679684658e+01 5.603747177124023438e+01 1.056313934326171875e+02
1.989350261688232422e+02 1.611093521118161220e+01 5.294929885864257812e+01 1.068703384399414062e+02
1.974696464538574219e+02 2.491032409667965908e+01 5.647365570068359375e+01 9.437220764160156250e+01
2.008025341033935547e+02 1.930186462402340908e+01 5.418703079223632812e+01 1.021950225830078125e+02
1.967699527740478516e+02 2.218682479858395595e+01 5.615844345092773438e+01 9.917818450927734375e+01
2.025110969543457031e+02 1.823786544799801845e+01 5.244806671142578125e+01 1.023237533569335938e+02
1.959688758850097656e+02 2.704984283447262783e+01 5.937049102783203125e+01 9.243597412109375000e+01
1.994696598052978516e+02 1.837670135498044033e+01 5.300536727905273438e+01 1.027416076660156250e+02
1.980711307525634766e+02 2.230517578124997158e+01 5.640636825561523438e+01 9.744392395019531250e+01
1.996412506103515625e+02 1.694805526733395595e+01 5.451429748535156250e+01 1.047619552612304688e+02
1.975158824920654297e+02 2.593935012817379970e+01 5.826735305786132812e+01 9.442057037353515625e+01
1.999442386627197266e+02 1.610295104980465908e+01 5.327483749389648438e+01 1.064439544677734375e+02
2.002492179870605469e+02 1.496487426757809658e+01 5.361382293701171875e+01 1.073430328369140625e+02
1.985225906372070312e+02 1.936706542968747158e+01 5.588879394531250000e+01 1.025469818115234375e+02
1.993668212890625000e+02 2.056929016113278408e+01 5.707447814941406250e+01 1.023783416748046875e+02
2.022137413024902344e+02 1.137070846557614345e+01 5.206716156005859375e+01 1.153346481323242188e+02
1.988303031921386719e+02 1.766961288452145595e+01 5.770903778076171875e+01 1.032630844116210938e+02
1.994054965972900391e+02 1.734650802612301845e+01 5.754861068725585938e+01 1.051746444702148438e+02
1.992992782592773438e+02 1.734989929199215908e+01 5.799072265625000000e+01 1.059384613037109375e+02
1.997347202301025391e+02 1.566186141967770595e+01 5.716064071655273438e+01 1.073085250854492188e+02
2.006977386474609375e+02 1.613877105712887783e+01 5.658967590332031250e+01 1.079856567382812500e+02
2.008399372100830078e+02 1.701393127441403408e+01 5.627897262573242188e+01 1.081537322998046875e+02
2.018103637695312500e+02 1.559374618530270595e+01 5.608012390136718750e+01 1.113283004760742188e+02
2.010453376770019531e+02 1.449303436279294033e+01 5.583783721923828125e+01 1.115614013671875000e+02
1.991714382171630859e+02 2.018562698364254970e+01 5.702075576782226562e+01 1.049278640747070312e+02
2.016467285156250000e+02 1.254562377929684658e+01 5.418998718261718750e+01 1.116469268798828125e+02
2.009046459197998047e+02 1.681340408325192470e+01 5.577162551879882812e+01 1.067433242797851562e+02
2.015000648498535156e+02 1.377642059326169033e+01 5.621994781494140625e+01 1.110092163085937500e+02
2.002616310119628906e+02 1.627297973632809658e+01 5.437000274658203125e+01 1.078822479248046875e+02
1.988999996185302734e+02 1.968485260009762783e+01 5.735235977172851562e+01 1.044718322753906250e+02
2.015133037567138672e+02 1.404010391235348720e+01 5.542662429809570312e+01 1.112142105102539062e+02
1.975003147125244141e+02 2.288172149658200283e+01 5.832806015014648438e+01 1.017873840332031250e+02
2.006593780517578125e+02 1.955988311767575283e+01 5.669743347167968750e+01 1.041640319824218750e+02
1.987677669525146484e+02 2.069543838500973720e+01 5.752954483032226562e+01 1.029614028930664062e+02
1.997836608886718750e+02 2.091630172729489345e+01 5.520356750488281250e+01 1.033684616088867188e+02
1.997803497314453125e+02 1.624485397338864345e+01 5.666941833496093750e+01 1.086971359252929688e+02
2.007281246185302734e+02 1.480250930786129970e+01 5.679330825805664062e+01 1.101816177368164062e+02
1.953139801025390625e+02 2.379290771484372158e+01 6.044273376464843750e+01 1.003395233154296875e+02
2.000248889923095703e+02 2.364225387573239345e+01 5.863102340698242188e+01 9.887770843505859375e+01
2.010747642517089844e+02 1.692564010620114345e+01 5.809822845458984375e+01 1.078680648803710938e+02
1.975732765197753906e+02 2.367791366577145595e+01 6.099570465087890625e+01 1.008987350463867188e+02
2.016589069366455078e+02 1.982973098754879970e+01 5.741300582885742188e+01 1.015582351684570312e+02
2.003437480926513672e+02 2.514313507080075283e+01 5.921846389770507812e+01 9.625939941406250000e+01
2.036037616729736328e+02 1.667634201049801845e+01 5.733332443237304688e+01 1.071091232299804688e+02
2.012547760009765625e+02 2.215458679199215908e+01 5.885786437988281250e+01 1.014897308349609375e+02
2.017794132232666016e+02 2.167800140380856533e+01 5.556597518920898438e+01 1.008063964843750000e+02
1.994178276062011719e+02 2.014043807983395595e+01 5.760485076904296875e+01 1.025879745483398438e+02
2.024180488586425781e+02 2.014977264404294033e+01 5.661722564697265625e+01 1.052616882324218750e+02
2.017067012786865234e+02 2.252968978881833095e+01 5.643606948852539062e+01 1.028332138061523438e+02
2.064307518005371094e+02 1.752791213989254970e+01 5.393907928466796875e+01 1.095555191040039062e+02
2.046183147430419922e+02 2.255252456665036220e+01 5.367937088012695312e+01 1.023491897583007812e+02
2.092875595092773438e+02 1.911547851562497158e+01 5.054806518554687500e+01 1.066132354736328125e+02
2.074317855834960938e+02 1.982215118408200283e+01 5.060830688476562500e+01 1.023002624511718750e+02
2.094305973052978516e+02 1.912958908081051845e+01 4.889547348022460938e+01 1.031192550659179688e+02
2.098472137451171875e+02 1.529308700561520595e+01 4.879350280761718750e+01 1.067137680053710938e+02
2.089131832122802734e+02 2.044506072998044033e+01 4.991464614868164062e+01 1.027308044433593750e+02
2.079708328247070312e+02 1.675304412841794033e+01 5.025564575195312500e+01 1.043919982910156250e+02
2.078828487396240234e+02 2.389103698730465908e+01 5.148566055297851562e+01 9.752690124511718750e+01
2.098993129730224609e+02 1.445352935791012783e+01 4.832754898071289062e+01 1.067235717773437500e+02
2.071456375122070312e+02 1.960914611816403408e+01 5.154513549804687500e+01 1.035801849365234375e+02
2.080868740081787109e+02 1.860863876342770595e+01 5.130908584594726562e+01 1.006274032592773438e+02
2.087542877197265625e+02 1.784312057495114345e+01 4.984837341308593750e+01 1.042781295776367188e+02
2.076143188476562500e+02 2.105526351928708095e+01 5.109757995605468750e+01 1.010482406616210938e+02
2.057566947937011719e+02 1.688273239135739345e+01 5.318950653076171875e+01 1.054057846069335938e+02
2.055425567626953125e+02 2.259801101684567470e+01 5.378614807128906250e+01 9.939148712158203125e+01
2.064348449707031250e+02 1.921538162231442470e+01 5.130274963378906250e+01 1.007384719848632812e+02
2.073529090881347656e+02 2.069207382202145595e+01 5.013907623291015625e+01 9.903887176513671875e+01
2.073746871948242188e+02 1.611125946044919033e+01 4.832763671875000000e+01 1.081652221679687500e+02
2.045602741241455078e+02 2.130971527099606533e+01 5.207087326049804688e+01 9.983715820312500000e+01
2.045564785003662109e+02 1.580094909667965908e+01 5.017700576782226562e+01 1.082595672607421875e+02
2.079525203704833984e+02 2.451945114135739345e+01 5.085345840454101562e+01 9.943193817138671875e+01
2.050160140991210938e+02 2.019682693481442470e+01 5.006567382812500000e+01 1.023647842407226562e+02
2.031760883331298828e+02 1.414146423339840908e+01 5.057004928588867188e+01 1.131824798583984375e+02
2.055055751800537109e+02 1.952386856079098720e+01 5.225925064086914062e+01 1.061980667114257812e+02
2.057415199279785156e+02 1.231121063232419033e+01 5.034741973876953125e+01 1.132058715820312500e+02
2.029215717315673828e+02 2.238964843749997158e+01 5.363276290893554688e+01 1.029808197021484375e+02
2.049572696685791016e+02 1.308235168457028408e+01 5.109893417358398438e+01 1.126491546630859375e+02
2.019925632476806641e+02 2.372604370117184658e+01 5.406539535522460938e+01 1.000162200927734375e+02
2.063271541595458984e+02 1.908520889282223720e+01 5.072827529907226562e+01 1.076688919067382812e+02
2.049375095367431641e+02 1.340012741088864345e+01 5.082589340209960938e+01 1.101698837280273438e+02
2.039308738708496094e+02 2.427050781249997158e+01 5.352535247802734375e+01 9.915528869628906250e+01
2.073726711273193359e+02 1.732417297363278408e+01 4.736719131469726562e+01 1.099259490966796875e+02
2.033598022460937500e+02 2.113846588134762783e+01 5.201600646972656250e+01 1.014423828125000000e+02
2.060524120330810547e+02 1.610805892944333095e+01 5.029613113403320312e+01 1.072567977905273438e+02
2.072892894744873047e+02 1.938710403442379970e+01 4.847703933715820312e+01 1.047017593383789062e+02
2.051021575927734375e+02 2.175862121582028408e+01 4.970567321777343750e+01 1.017930755615234375e+02
2.061458530426025391e+02 2.033275604248044033e+01 5.080602645874023438e+01 1.036097717285156250e+02
2.041061248779296875e+02 1.920546340942379970e+01 5.158467102050781250e+01 1.047052078247070312e+02
2.071981468200683594e+02 1.415741729736325283e+01 4.901610565185546875e+01 1.092861022949218750e+02
2.056789913177490234e+02 2.228553390502926845e+01 5.052399063110351562e+01 1.029124984741210938e+02
2.062354393005371094e+02 1.904290771484372158e+01 4.983779144287109375e+01 1.055570220947265625e+02
2.059016513824462891e+02 1.743801116943356533e+01 4.799728012084960938e+01 1.080921936035156250e+02
2.052960643768310547e+02 1.812350082397458095e+01 5.156685256958007812e+01 1.048678512573242188e+02
2.058846683502197266e+02 2.103631973266598720e+01 5.010833358764648438e+01 1.011446304321289062e+02
2.050796394348144531e+02 2.169431686401364345e+01 5.133866119384765625e+01 1.038394088745117188e+02
2.043728103637695312e+02 1.756893920898434658e+01 5.214401245117187500e+01 1.119535675048828125e+02
2.075105972290039062e+02 1.483245468139645595e+01 4.948873901367187500e+01 1.105957870483398438e+02
2.045629119873046875e+02 2.190027618408200283e+01 5.070710754394531250e+01 1.039305419921875000e+02
2.059139709472656250e+02 1.887775802612301845e+01 5.209523010253906250e+01 1.100662460327148438e+02
2.083108024597167969e+02 1.752751159667965908e+01 4.880467987060546875e+01 1.091012725830078125e+02
2.032008247375488281e+02 2.131136322021481533e+01 5.246280670166015625e+01 1.029219970703125000e+02
2.085485725402832031e+02 2.085075378417965908e+01 5.002204132080078125e+01 1.076554107666015625e+02
2.051089038848876953e+02 1.776884460449215908e+01 5.053196334838867188e+01 1.085200958251953125e+02
2.071587085723876953e+02 1.714810180664059658e+01 4.960273361206054688e+01 1.089684295654296875e+02
2.094627361297607422e+02 2.167919540405270595e+01 4.862254714965820312e+01 1.013014144897460938e+02
2.076878757476806641e+02 1.918973541259762783e+01 4.864715194702148438e+01 1.052957763671875000e+02
2.026804695129394531e+02 2.242305374145504970e+01 5.251746368408203125e+01 1.015206069946289062e+02
2.041938152313232422e+02 2.013323211669919033e+01 5.495015335083007812e+01 1.084359741210937500e+02
