1.260000000000000000e+02 1.500000000000000000e+01 3.200000000000000000e+01 3.300000000000000000e+01
1.259488172531127930e+02 1.504472541809082031e+01 2.948658943176269531e+01 3.399804306030273438e+01
1.247345466613769531e+02 1.447985076904296875e+01 3.023068237304687500e+01 3.354357910156250000e+01
1.231288137435913086e+02 1.497331428527832031e+01 2.989988899230957031e+01 3.367959213256835938e+01
1.219320259094238281e+02 1.511746788024902344e+01 2.976531982421875000e+01 3.355200576782226562e+01
1.214507942199707031e+02 1.523378562927246094e+01 3.020606994628906250e+01 3.421972274780273438e+01
1.201944379806518555e+02 1.490915870666503906e+01 3.002626228332519531e+01 3.366327285766601562e+01
1.186933221817016602e+02 1.456266021728515625e+01 3.050086784362792969e+01 3.384767913818359375e+01
1.171934633255004883e+02 1.440117073059082031e+01 3.091695213317871094e+01 3.449704360961914062e+01
1.156492872238159180e+02 1.450448417663574219e+01 3.042605018615722656e+01 3.424117660522460938e+01
1.138320016860961914e+02 1.430559539794921875e+01 3.101545524597167969e+01 3.396067047119140625e+01
1.131022338867187500e+02 1.448908042907714844e+01 3.062417602539062500e+01 3.490374374389648438e+01
1.120975847244262695e+02 1.492399597167968750e+01 3.036878013610839844e+01 3.413159942626953125e+01
1.109812688827514648e+02 1.515262603759765625e+01 3.093011665344238281e+01 3.374123382568359375e+01
1.115985622406005859e+02 1.467720603942871094e+01 3.044873428344726562e+01 3.336805343627929688e+01
1.100904426574707031e+02 1.464466857910156250e+01 3.012528228759765625e+01 3.402919769287109375e+01
1.093543386459350586e+02 1.430667877197265625e+01 3.027602577209472656e+01 3.414536285400390625e+01
1.093001699447631836e+02 1.346503067016601562e+01 3.024210548400878906e+01 3.438086700439453125e+01
1.085528926849365234e+02 1.343372726440429688e+01 3.037410354614257812e+01 3.436258697509765625e+01
1.072544136047363281e+02 1.286112022399902344e+01 3.012197875976562500e+01 3.339218521118164062e+01
1.059930391311645508e+02 1.266853713989257812e+01 2.983299827575683594e+01 3.395957183837890625e+01
1.054327106475830078e+02 1.145050430297851562e+01 2.962908554077148438e+01 3.328868865966796875e+01
1.042570400238037109e+02 1.146519088745117188e+01 2.951911544799804688e+01 3.361798095703125000e+01
1.012867717742919922e+02 9.748638153076171875e+00 3.079718399047851562e+01 3.406164550781250000e+01
9.955315017700195312e+01 9.307910919189453125e+00 3.004404449462890625e+01 3.472052001953125000e+01
9.758631229400634766e+01 9.293910980224609375e+00 2.995344352722167969e+01 3.386430358886718750e+01
9.577827358245849609e+01 9.630832672119140625e+00 2.989385414123535156e+01 3.481433105468750000e+01
9.489250755310058594e+01 1.023455619812011719e+01 2.957804489135742188e+01 3.395574569702148438e+01
9.390840435028076172e+01 1.034717941284179688e+01 2.957146644592285156e+01 3.431461334228515625e+01
9.125452518463134766e+01 1.006146240234375000e+01 3.037524223327636719e+01 3.497756958007812500e+01
9.017202091217041016e+01 1.075434494018554688e+01 2.992873954772949219e+01 3.469925689697265625e+01
8.819293689727783203e+01 1.058030891418457031e+01 2.997772026062011719e+01 3.437012863159179688e+01
8.723514842987060547e+01 1.116993522644042969e+01 2.926878547668457031e+01 3.433990859985351562e+01
8.728649902343750000e+01 1.075604629516601562e+01 2.932340240478515625e+01 3.321108245849609375e+01
8.633288288116455078e+01 1.056358528137207031e+01 3.050729179382324219e+01 3.396529006958007812e+01
8.500623035430908203e+01 1.181155204772949219e+01 3.005501365661621094e+01 3.369038009643554688e+01
8.422074794769287109e+01 1.165522193908691406e+01 2.967870521545410156e+01 3.448979568481445312e+01
8.233684730529785156e+01 1.172277069091796875e+01 3.006379318237304688e+01 3.511849212646484375e+01
8.027625942230224609e+01 1.225938034057617188e+01 3.161812019348144531e+01 3.567994689941406250e+01
7.818734550476074219e+01 1.183141136169433594e+01 3.087506484985351562e+01 3.515922164916992188e+01
7.674547386169433594e+01 1.295901489257812500e+01 3.071736526489257812e+01 3.545323944091796875e+01
7.604940605163574219e+01 1.328571701049804688e+01 3.017136001586914062e+01 3.522927856445312500e+01
7.516219711303710938e+01 1.336460494995117188e+01 3.089708709716796875e+01 3.574481201171875000e+01
7.347200489044189453e+01 1.375879478454589844e+01 3.192859458923339844e+01 3.495200729370117188e+01
7.361976051330566406e+01 1.371200752258300781e+01 3.104053878784179688e+01 3.588275527954101562e+01
7.339304828643798828e+01 1.321713447570800781e+01 3.111379051208496094e+01 3.491290664672851562e+01
7.208398056030273438e+01 1.388309669494628906e+01 3.146341705322265625e+01 3.449702835083007812e+01
7.276663684844970703e+01 1.343108558654785156e+01 3.160147666931152344e+01 3.535301589965820312e+01
7.280871391296386719e+01 1.367830467224121094e+01 3.098601150512695312e+01 3.516311264038085938e+01
7.353437232971191406e+01 1.337927818298339844e+01 3.191451644897460938e+01 3.497906112670898438e+01
7.438889408111572266e+01 1.317314147949218750e+01 3.126043510437011719e+01 3.614540863037109375e+01
7.179874610900878906e+01 1.422226715087890625e+01 3.213010787963867188e+01 3.564331817626953125e+01
7.297577381134033203e+01 1.394059181213378906e+01 3.132138633728027344e+01 3.623486709594726562e+01
7.168220329284667969e+01 1.412927436828613281e+01 3.229602432250976562e+01 3.562289810180664062e+01
6.926421165466308594e+01 1.460265731811523438e+01 3.325558853149414062e+01 3.578295898437500000e+01
6.781140899658203125e+01 1.468482398986816406e+01 3.448997497558593750e+01 3.710660171508789062e+01
6.867090415954589844e+01 1.520311164855957031e+01 3.217949295043945312e+01 3.535568618774414062e+01
6.696447944641113281e+01 1.535191535949707031e+01 3.429430770874023438e+01 3.667230606079101562e+01
6.699162292480468750e+01 1.465274429321289062e+01 3.289454650878906250e+01 3.471540832519531250e+01
6.856964492797851562e+01 1.427281570434570312e+01 3.139344024658203125e+01 3.665644836425781250e+01
6.813283538818359375e+01 1.459106445312500000e+01 3.163058471679687500e+01 3.474939727783203125e+01
6.778673171997070312e+01 1.489096450805664062e+01 3.262264251708984375e+01 3.617004394531250000e+01
6.886548233032226562e+01 1.495353317260742188e+01 3.082765960693359375e+01 3.495150756835937500e+01
6.914017295837402344e+01 1.500988388061523438e+01 3.053107070922851562e+01 3.574662780761718750e+01
6.939155006408691406e+01 1.607633209228515625e+01 2.999732589721679688e+01 3.377814483642578125e+01
7.022581386566162109e+01 1.502840232849121094e+01 3.069763374328613281e+01 3.468811416625976562e+01
6.952549171447753906e+01 1.600616264343261719e+01 2.990793991088867188e+01 3.397764968872070312e+01
6.964086914062500000e+01 1.538056182861328125e+01 3.147441101074218750e+01 3.506217193603515625e+01
6.902736949920654297e+01 1.641049957275390625e+01 3.031289100646972656e+01 3.377986907958984375e+01
6.852995586395263672e+01 1.581380271911621094e+01 3.147821998596191406e+01 3.489027023315429688e+01
6.750800704956054688e+01 1.535092544555664062e+01 3.031798553466796875e+01 3.374951171875000000e+01
6.666921424865722656e+01 1.597258758544921875e+01 3.088154220581054688e+01 3.478066253662109375e+01
6.759505176544189453e+01 1.638892745971679688e+01 3.079433250427246094e+01 3.387844848632812500e+01
6.705117034912109375e+01 1.656412124633789062e+01 3.188175964355468750e+01 3.366230773925781250e+01
6.717055416107177734e+01 1.670186424255371094e+01 3.032336616516113281e+01 3.443464279174804688e+01
6.775788021087646484e+01 1.633816909790039062e+01 3.121425056457519531e+01 3.383178710937500000e+01
6.795236587524414062e+01 1.671824264526367188e+01 3.166600799560546875e+01 3.456268310546875000e+01
6.703257846832275391e+01 1.761987876892089844e+01 3.181234550476074219e+01 3.366582870483398438e+01
6.765810012817382812e+01 1.724958419799804688e+01 3.133478546142578125e+01 3.328134155273437500e+01
6.642391395568847656e+01 1.695302391052246094e+01 3.127930068969726562e+01 3.364335250854492188e+01
6.628500270843505859e+01 1.676365470886230469e+01 3.136413002014160156e+01 3.332969284057617188e+01
6.635737705230712891e+01 1.717867851257324219e+01 3.125087547302246094e+01 3.455440902709960938e+01
6.634740066528320312e+01 1.714758491516113281e+01 3.057275390625000000e+01 3.340835952758789062e+01
6.533983516693115234e+01 1.624309349060058594e+01 3.131083106994628906e+01 3.419231796264648438e+01
6.636255645751953125e+01 1.628643035888671875e+01 3.155281829833984375e+01 3.455242156982421875e+01
6.486981105804443359e+01 1.701771545410156250e+01 3.108614540100097656e+01 3.363217926025390625e+01
6.588534355163574219e+01 1.626413917541503906e+01 3.189535140991210938e+01 3.385370254516601562e+01
6.503216743469238281e+01 1.701073455810546875e+01 3.092439651489257812e+01 3.428943634033203125e+01
6.568922042846679688e+01 1.667989540100097656e+01 3.090351867675781250e+01 3.291989517211914062e+01
6.482560253143310547e+01 1.671698570251464844e+01 3.197224617004394531e+01 3.490099716186523438e+01
6.553160858154296875e+01 1.693994712829589844e+01 3.117916107177734375e+01 3.337810897827148438e+01
6.581269550323486328e+01 1.745218086242675781e+01 3.051147270202636719e+01 3.254149246215820312e+01
6.546812915802001953e+01 1.743041992187500000e+01 3.119717216491699219e+01 3.355514526367187500e+01
6.555491638183593750e+01 1.747043800354003906e+01 3.125791168212890625e+01 3.328281784057617188e+01
6.640057945251464844e+01 1.687641525268554688e+01 3.056785202026367188e+01 3.347577667236328125e+01
6.505934524536132812e+01 1.702902984619140625e+01 3.051087951660156250e+01 3.351617431640625000e+01
6.607210922241210938e+01 1.690818405151367188e+01 3.072579956054687500e+01 3.413544464111328125e+01
6.601003456115722656e+01 1.688820838928222656e+01 3.043141555786132812e+01 3.409594345092773438e+01
6.478638267517089844e+01 1.673619079589843750e+01 3.101250839233398438e+01 3.501416015625000000e+01
6.561180877685546875e+01 1.575982093811035156e+01 3.091559600830078125e+01 3.560183334350585938e+01
6.470368003845214844e+01 1.564200019836425781e+01 3.050623703002929688e+01 3.535709762573242188e+01
6.529051494598388672e+01 1.519968223571777344e+01 3.014880561828613281e+01 3.611377334594726562e+01
6.571538639068603516e+01 1.455081176757812500e+01 3.032051658630371094e+01 3.629034423828125000e+01
6.585678386688232422e+01 1.444072151184082031e+01 3.046627998352050781e+01 3.646557235717773438e+01
6.584208297729492188e+01 1.433602523803710938e+01 2.966421508789062500e+01 3.524648284912109375e+01
6.546808147430419922e+01 1.421402931213378906e+01 2.935904121398925781e+01 3.591900253295898438e+01
6.590009307861328125e+01 1.418423843383789062e+01 2.871791839599609375e+01 3.554480743408203125e+01
6.679033184051513672e+01 1.405774116516113281e+01 2.920845222473144531e+01 3.569068527221679688e+01
6.683415222167968750e+01 1.457779502868652344e+01 2.903945159912109375e+01 3.555737686157226562e+01
6.656546211242675781e+01 1.399989318847656250e+01 2.870955276489257812e+01 3.604388427734375000e+01
6.609618949890136719e+01 1.417256164550781250e+01 3.012948226928710938e+01 3.688563537597656250e+01
3.850747585296630859e+01 2.409278106689453125e+01 3.083615303039550781e+01 2.944425964355468750e+01
3.982331275939941406e+01 2.392802524566650391e+01 3.067608261108398438e+01 2.961624717712402344e+01
3.869843196868896484e+01 2.467830944061279297e+01 3.040838813781738281e+01 2.971234321594238281e+01
4.082098197937011719e+01 2.387556362152099609e+01 3.050507736206054688e+01 3.004629707336425781e+01
4.072787094116210938e+01 2.421171951293945312e+01 2.941416931152343750e+01 3.018300628662109375e+01
4.207403564453125000e+01 2.321907806396484375e+01 3.030048370361328125e+01 3.128054809570312500e+01
4.205761146545410156e+01 2.422023868560791016e+01 2.929073715209960938e+01 2.979090690612792969e+01
4.305562591552734375e+01 2.343110561370849609e+01 3.067480468750000000e+01 3.022426033020019531e+01
4.275608253479003906e+01 2.355644130706787109e+01 3.058326339721679688e+01 2.993178749084472656e+01
4.361536407470703125e+01 2.238362121582031250e+01 3.178980255126953125e+01 3.007178497314453125e+01
4.394450855255126953e+01 2.259916782379150391e+01 3.154938316345214844e+01 3.113295555114746094e+01
4.455265617370605469e+01 2.276598262786865234e+01 3.477139663696289062e+01 3.027282905578613281e+01
4.534090805053710938e+01 1.970726203918457031e+01 3.743773651123046875e+01 3.357065200805664062e+01
6.653778553009033203e+01 1.517699241638183594e+01 2.974217796325683594e+01 3.464507675170898438e+01
6.516220283508300781e+01 1.527753639221191406e+01 3.103603744506835938e+01 3.373193740844726562e+01
6.397800922393798828e+01 1.645183372497558594e+01 3.154631614685058594e+01 3.275487899780273438e+01
6.447106933593750000e+01 1.645053100585937500e+01 3.157608032226562500e+01 3.325025177001953125e+01
6.378259086608886719e+01 1.615315628051757812e+01 3.233183670043945312e+01 3.298960876464843750e+01
6.261766052246093750e+01 1.571317100524902344e+01 3.334809875488281250e+01 3.380910873413085938e+01
5.977026748657226562e+01 1.629047203063964844e+01 3.447403717041015625e+01 3.272782516479492188e+01
5.932401084899902344e+01 1.315705108642578125e+01 3.606624221801757812e+01 3.652359771728515625e+01
5.722949790954589844e+01 1.338256263732910156e+01 3.787659072875976562e+01 3.783711624145507812e+01
5.806945610046386719e+01 1.289871978759765625e+01 3.727165603637695312e+01 3.831443023681640625e+01
6.127658462524414062e+01 1.248366165161132812e+01 3.483821868896484375e+01 3.742308044433593750e+01
6.085530662536621094e+01 1.279686355590820312e+01 3.530992507934570312e+01 3.611866760253906250e+01
6.095089530944824219e+01 1.301682090759277344e+01 3.441821670532226562e+01 3.670763778686523438e+01
6.218634223937988281e+01 1.177449607849121094e+01 3.368088912963867188e+01 3.700269699096679688e+01
6.059373855590820312e+01 1.406138992309570312e+01 3.427831268310546875e+01 3.567481994628906250e+01
5.953434753417968750e+01 1.177278900146484375e+01 3.681782531738281250e+01 3.705052947998046875e+01
5.636109352111816406e+01 1.211937713623046875e+01 3.774346542358398438e+01 3.862441253662109375e+01
5.927737236022949219e+01 1.283651542663574219e+01 3.529446792602539062e+01 3.635760116577148438e+01
5.922060775756835938e+01 1.205093955993652344e+01 3.611258697509765625e+01 3.779725265502929688e+01
5.918249702453613281e+01 1.166689682006835938e+01 3.661721420288085938e+01 3.725219726562500000e+01
5.764385604858398438e+01 1.207626724243164062e+01 3.811368560791015625e+01 3.875088500976562500e+01
6.101107978820800781e+01 1.289432334899902344e+01 3.344900131225585938e+01 3.630360031127929688e+01
6.329033660888671875e+01 1.204802513122558594e+01 3.265679931640625000e+01 3.628213119506835938e+01
6.432233047485351562e+01 1.420141029357910156e+01 3.116759490966796875e+01 3.375258255004882812e+01
6.429894065856933594e+01 1.288066291809082031e+01 3.303223037719726562e+01 3.468886184692382812e+01
6.219589328765869141e+01 1.548734664916992188e+01 3.188979911804199219e+01 3.332676696777343750e+01
6.047444725036621094e+01 1.325382041931152344e+01 3.503577041625976562e+01 3.372596359252929688e+01
5.953092193603515625e+01 1.361936950683593750e+01 3.605921936035156250e+01 3.561980438232421875e+01
6.093514442443847656e+01 1.197126197814941406e+01 3.457519149780273438e+01 3.732526016235351562e+01
4.652329254150390625e+01 1.983211612701416016e+01 3.060314941406250000e+01 3.145694541931152344e+01
4.532950019836425781e+01 2.071870040893554688e+01 3.280801010131835938e+01 3.219848632812500000e+01
4.460162353515625000e+01 2.286028194427490234e+01 3.078752136230468750e+01 3.097916603088378906e+01
4.513138580322265625e+01 2.321729564666748047e+01 3.244458007812500000e+01 3.087124061584472656e+01
4.431737518310546875e+01 2.341694164276123047e+01 3.050421142578125000e+01 2.927852821350097656e+01
4.412138271331787109e+01 2.320146179199218750e+01 3.182835578918457031e+01 2.957322692871093750e+01
4.404115200042725320e+01 2.375575828552246804e+01 3.122917366027831321e+01 2.870228195190429688e+01
4.543922805786132812e+01 2.111619567871094461e+01 3.470655059814453125e+01 3.074687194824218750e+01
4.585059452056884766e+01 2.235953712463379617e+01 2.915645408630371094e+01 2.939501571655273438e+01
4.622321319580078125e+01 2.098720645904541726e+01 3.520829010009765625e+01 3.052840232849121094e+01
4.590726470947265625e+01 2.124887847900391336e+01 3.236818695068359375e+01 3.040723419189453125e+01
4.662866973876953125e+01 2.419064998626709695e+01 2.979873657226562500e+01 2.906647682189941406e+01
4.847781181335449219e+01 2.059908580780030007e+01 3.380447006225585938e+01 3.094818305969238281e+01
5.860998725891113281e+01 9.331546783447272730e+00 3.381363296508789062e+01 3.737490844726562500e+01
4.763044166564941406e+01 1.472810173034668679e+01 4.076599502563476562e+01 3.903571701049804688e+01
4.995086479187011719e+01 9.401515960693366480e+00 4.217182540893554688e+01 4.231738281250000000e+01
4.807957458496093750e+01 1.340921592712403054e+01 4.299126434326171875e+01 4.305451583862304688e+01
5.007611083984375000e+01 1.564022827148438211e+01 3.769538116455078125e+01 3.632236480712890625e+01
5.041710281372070312e+01 1.640808868408203836e+01 3.898487854003906250e+01 3.478441619873046875e+01
5.080025863647460938e+01 1.888400268554688211e+01 3.390220642089843750e+01 3.138430023193359375e+01
5.194225311279296875e+01 2.056290149688721414e+01 3.733922576904296875e+01 3.138644218444824219e+01
5.216115951538085938e+01 2.075269889831543679e+01 3.619497680664062500e+01 3.212018966674804688e+01
5.291554450988769531e+01 2.038927268981934304e+01 3.733494949340820312e+01 3.203132247924804688e+01
5.544003295898437500e+01 1.984255027770996804e+01 3.318827056884765625e+01 3.014652633666992188e+01
5.490321540832519531e+01 1.881067085266113992e+01 3.182698440551757812e+01 2.958008956909179688e+01
5.786171913146972656e+01 1.863475608825685015e+01 3.240570449829101562e+01 3.113009262084960938e+01
5.891991519927978516e+01 1.838844490051270952e+01 2.736981773376464844e+01 3.067649459838867188e+01
6.052386569976806641e+01 1.826220512390138140e+01 2.826648521423339844e+01 2.905113601684570312e+01
6.198419857025146484e+01 1.858974742889405718e+01 2.921119880676269531e+01 2.981264686584472656e+01
6.245083522796630859e+01 1.863170814514161577e+01 2.818283271789550781e+01 2.984988021850585938e+01
6.158669853210449219e+01 1.865300464630129085e+01 2.793911361694335938e+01 2.952764701843261719e+01
6.129759693145751953e+01 1.888240146636965022e+01 2.956846427917480469e+01 3.037832450866699219e+01
6.062812137603759766e+01 1.897745323181154475e+01 2.814036369323730469e+01 3.004248428344726562e+01
5.848299026489257812e+01 1.913600063323977452e+01 3.163361358642578125e+01 3.063112068176269531e+01
5.670280170440673828e+01 1.941327762603762608e+01 3.088740348815917969e+01 3.023655509948730469e+01
5.467413616180419922e+01 2.002430057525638318e+01 3.067821693420410156e+01 2.880962181091308594e+01
5.317617225646972656e+01 2.088788509368900037e+01 3.233333206176757812e+01 2.956316566467285156e+01
5.283701705932617188e+01 2.105659198760989881e+01 3.497793579101562500e+01 3.008047294616699219e+01
5.278774261474609375e+01 2.158557701110843396e+01 3.285688781738281250e+01 3.053336715698242188e+01
5.139412975311279297e+01 2.218675136566165662e+01 3.110855293273925781e+01 3.012652778625488281e+01
5.217098236083984375e+01 2.140437889099125357e+01 3.483341217041015625e+01 3.055083847045898438e+01
5.161596298217773438e+01 2.209972572326664420e+01 3.131681060791015625e+01 3.066713333129882812e+01
5.164765262603759766e+01 2.224783515930180045e+01 3.015830039978027344e+01 3.032327651977539062e+01
5.152645969390869141e+01 2.230584812164310904e+01 2.994089317321777344e+01 2.999622154235839844e+01
5.090221214294433594e+01 2.192157363891605826e+01 3.394606399536132812e+01 3.157569122314453125e+01
4.960538578033447266e+01 2.257165813446049185e+01 3.101580619812011719e+01 3.100083351135253906e+01
4.877040863037109375e+01 2.249061775207523795e+01 2.996936798095703125e+01 3.016936111450195312e+01
4.831036376953125000e+01 2.243368339538578482e+01 3.420013427734375000e+01 3.135985183715820312e+01
4.729642772674560547e+01 2.264196491241459341e+01 3.022736549377441406e+01 3.103386497497558594e+01
4.636947441101074929e+01 2.295038604736333099e+01 3.304350662231444602e+01 3.039502716064453125e+01
4.588733768463134766e+01 2.277702808380131927e+01 2.970308494567871094e+01 2.925194358825683594e+01
4.462795162200927734e+01 2.334769248962407318e+01 2.881144142150878906e+01 2.924328994750976562e+01
4.308596992492676492e+01 2.341837692260747872e+01 2.898174667358397727e+01 2.955802154541015625e+01
4.279828262329101562e+01 2.315546417236333809e+01 3.017134094238281250e+01 2.965371704101562500e+01
4.216852474212646484e+01 2.317248439788824044e+01 2.920173072814941406e+01 2.945432472229003906e+01
4.098244285583496094e+01 2.343477439880376778e+01 2.830189895629882812e+01 2.854132461547851562e+01
4.061347484588623047e+01 2.324115943908697091e+01 2.784273719787597656e+01 3.073354721069335938e+01
3.866285228729248047e+01 2.292434692382818184e+01 2.860786628723144531e+01 2.974427795410156250e+01
3.808384799957276101e+01 2.240159702301031786e+01 3.070284843444823508e+01 3.054514122009277344e+01
3.722256469726563211e+01 2.146134948730475855e+01 2.982852172851561789e+01 3.005738067626953125e+01
6.203389358520507812e+01 8.750658035278391367e+00 3.229819488525390625e+01 3.499435043334960938e+01
6.189067935943603516e+01 9.035448074340891367e+00 3.191671562194824219e+01 3.475809860229492188e+01
6.402291393280029297e+01 8.947084426879953867e+00 3.035891151428222656e+01 3.574760055541992188e+01
6.537569808959960938e+01 8.430793762207102304e+00 2.798409271240234375e+01 3.520423889160156250e+01
6.598340225219726562e+01 9.224714279174875742e+00 2.789081573486328125e+01 3.542383956909179688e+01
6.612139034271240234e+01 9.645362854003977304e+00 2.717131233215332031e+01 3.510202789306640625e+01
6.575489902496337891e+01 1.089846801757819605e+01 2.748589134216308594e+01 3.369068908691406250e+01
6.578624725341796875e+01 1.168549728393561793e+01 2.879221343994140625e+01 3.248304748535156250e+01
6.495756626129150391e+01 1.297626686096199222e+01 2.751801872253417969e+01 3.206365585327148438e+01
6.513628864288330078e+01 1.056003570556648441e+01 3.000002861022949219e+01 3.351082611083984375e+01
6.418673038482666016e+01 1.174595260620125003e+01 2.942182731628417969e+01 3.325604248046875000e+01
6.459649562835693359e+01 1.209377861022957035e+01 3.021840858459472656e+01 3.408029556274414062e+01
6.504320716857910156e+01 1.136548614501960941e+01 2.956361770629882812e+01 3.396060180664062500e+01
6.497960090637207031e+01 1.178097724914558597e+01 3.030333328247070312e+01 3.400818252563476562e+01
6.376977157592773438e+01 1.276961517333992191e+01 3.011460876464843750e+01 3.392713165283203125e+01
6.395937347412109375e+01 1.252433395385750003e+01 3.114611053466796875e+01 3.352124786376953125e+01
6.325413227081298828e+01 1.313372802734382816e+01 3.010536766052246094e+01 3.344268798828125000e+01
6.399312591552734375e+01 1.380936813354500003e+01 3.013536071777343750e+01 3.396097564697265625e+01
6.476891040802001953e+01 1.385777282714851566e+01 3.031323814392089844e+01 3.387913513183593750e+01
6.549802207946777344e+01 1.508452033996589847e+01 3.041083145141601562e+01 3.391166305541992188e+01
6.502251434326171875e+01 1.493099975585945316e+01 3.032280731201171875e+01 3.340229797363281250e+01
6.476138305664062500e+01 1.531745147705085941e+01 3.031472778320312500e+01 3.335687255859375000e+01
6.372861003875732422e+01 1.550798225402839847e+01 2.995482826232910156e+01 3.371470260620117188e+01
6.295261955261230469e+01 1.661611557006843753e+01 2.989169692993164062e+01 3.271916961669921875e+01
6.278228950500488281e+01 1.628051567077644535e+01 3.004346847534179688e+01 3.212761306762695312e+01
6.308668708801269531e+01 1.602035522460945316e+01 3.010670852661132812e+01 3.273901367187500000e+01
6.289513874053955078e+01 1.636884498596199222e+01 3.001727104187011719e+01 3.370219802856445312e+01
6.271512126922607422e+01 1.674661636352546878e+01 3.021460151672363281e+01 3.286910247802734375e+01
6.304203224182128906e+01 1.577475166320808597e+01 3.072417068481445312e+01 3.354390335083007812e+01
6.232538890838623047e+01 1.652217483520515628e+01 3.085072517395019531e+01 3.352153015136718750e+01
6.273236370086669922e+01 1.616026306152351566e+01 3.110798835754394531e+01 3.346688079833984375e+01
6.263058853149414062e+01 1.618900108337410160e+01 3.135502624511718750e+01 3.392518234252929688e+01
6.316086769104003906e+01 1.668994712829597660e+01 3.031084060668945312e+01 3.321421432495117188e+01
6.362709808349609375e+01 1.705893325805671878e+01 3.059424591064453125e+01 3.303485870361328125e+01
6.366369724273681641e+01 1.697540473937996097e+01 3.055731773376464844e+01 3.301359939575195312e+01
6.350414371490478516e+01 1.748998069763191410e+01 3.044524955749511719e+01 3.432181930541992188e+01
6.352354049682617188e+01 1.719069290161140628e+01 3.084008026123046875e+01 3.349472045898437500e+01
6.469480037689208984e+01 1.790745735168464847e+01 3.070161628723144531e+01 3.461403274536132812e+01
6.427229881286621094e+01 1.823145484924324222e+01 2.994302749633789062e+01 3.350537490844726562e+01
6.448323535919189453e+01 1.862740898132332035e+01 2.960829734802246094e+01 3.398418807983398438e+01
6.430112838745117188e+01 1.827190208435066410e+01 3.008501434326171875e+01 3.391582107543945312e+01
6.476895713806152344e+01 1.850023269653328128e+01 3.040411758422851562e+01 3.415419769287109375e+01
6.508521556854248047e+01 1.864549255371101566e+01 3.005803871154785156e+01 3.344212341308593750e+01
6.473700237274169922e+01 1.894892120361335941e+01 2.911011695861816406e+01 3.274524688720703125e+01
6.440340900421142578e+01 1.842719078063972660e+01 3.039751243591308594e+01 3.354877853393554688e+01
6.359322834014892578e+01 1.821566390991218753e+01 2.976737785339355469e+01 3.341552734375000000e+01
6.343283462524414062e+01 1.836182022094734378e+01 3.032352447509765625e+01 3.345975494384765625e+01
6.267782115936279297e+01 1.839107704162605472e+01 2.996930885314941406e+01 3.338335800170898438e+01
6.269092845916748047e+01 1.784199905395515628e+01 3.014792060852050781e+01 3.352954864501953125e+01
6.145490646362304688e+01 1.794695091247566410e+01 3.037247467041015625e+01 3.374873733520507812e+01
6.053981685638427734e+01 1.874844741821296878e+01 3.056929206848144531e+01 3.340647125244140625e+01
5.904744625091552734e+01 1.875947952270515628e+01 3.028484535217285156e+01 3.390345001220703125e+01
5.717128658294677734e+01 1.859220886230476566e+01 3.033542060852050781e+01 3.359060668945312500e+01
5.636694145202636719e+01 1.813963127136238285e+01 3.056148910522460938e+01 3.450252151489257812e+01
5.365334320068359375e+01 1.859801864624031253e+01 3.107974243164062500e+01 3.366819000244140625e+01
5.233931922912597656e+01 1.871764564514167972e+01 3.124824905395507812e+01 3.380402755737304688e+01
5.084085369110107422e+01 1.834663009643562503e+01 3.138388252258300781e+01 3.415099334716796875e+01
4.915707206726074219e+01 1.826312828063972660e+01 3.099759292602539062e+01 3.412742996215820312e+01
4.816659355163574219e+01 1.818934631347664066e+01 3.098480606079101562e+01 3.411291503906250000e+01
4.733143711090087891e+01 1.794572448730476566e+01 3.111746025085449219e+01 3.402943420410156250e+01
4.693449497222900391e+01 1.905330848693855472e+01 3.092735099792480469e+01 3.398565292358398438e+01
4.525219058990478516e+01 1.848924064636238285e+01 3.117882347106933594e+01 3.439496231079101562e+01
4.396493721008300781e+01 1.823355484008796878e+01 3.181897354125976562e+01 3.543668365478515625e+01
4.287484455108642578e+01 1.864164352417000003e+01 3.171793937683105469e+01 3.493982696533203125e+01
4.177525520324707031e+01 1.833670234680183597e+01 3.120335769653320312e+01 3.398745346069335938e+01
4.197770309448242188e+01 1.797557067871101566e+01 3.122726440429687500e+01 3.454815673828125000e+01
4.110354614257812500e+01 1.855920410156257816e+01 3.155411529541015625e+01 3.409980773925781250e+01
4.099662780761718750e+01 1.745727348327644535e+01 3.250705718994140625e+01 3.503007888793945312e+01
4.172749900817871094e+01 1.778246688842781253e+01 3.107026290893554688e+01 3.565404510498046875e+01
4.287119960784912109e+01 1.763469696044929691e+01 3.124918556213378906e+01 3.514894104003906250e+01
4.401166248321533203e+01 1.822391891479500003e+01 3.071195793151855469e+01 3.454117584228515625e+01
4.502825260162353516e+01 1.824552536010750003e+01 3.154880332946777344e+01 3.491793060302734375e+01
4.691024017333984375e+01 1.871261596679695316e+01 3.129451751708984375e+01 3.467424011230468750e+01
4.751380062103271484e+01 1.823419761657722660e+01 3.157685279846191406e+01 3.500246047973632812e+01
4.910332584381103516e+01 1.812856292724617191e+01 3.139795494079589844e+01 3.489190673828125000e+01
5.028758239746093750e+01 1.759054946899421878e+01 3.202860260009765625e+01 3.563997650146484375e+01
5.064902305603027344e+01 1.680502510070808597e+01 3.214324569702148438e+01 3.534684371948242188e+01
5.129966926574707031e+01 1.704972076416023441e+01 3.288948440551757812e+01 3.495027160644531250e+01
5.251025581359863281e+01 1.643623352050789066e+01 3.141321182250976562e+01 3.330513000488281250e+01
5.369064140319824219e+01 1.703388214111335941e+01 3.183240890502929688e+01 3.446096801757812500e+01
5.448628425598144531e+01 1.566418647766121097e+01 3.276645278930664062e+01 3.550460433959960938e+01
5.568745613098144531e+01 1.744048690795906253e+01 3.259178543090820312e+01 3.369492340087890625e+01
5.634271812438964844e+01 1.616923332214363285e+01 3.265038681030273438e+01 3.545412063598632812e+01
5.723384666442871094e+01 1.747374725341804691e+01 3.222208786010742188e+01 3.331570434570312500e+01
5.872115898132324219e+01 1.609893226623542972e+01 3.173641586303710938e+01 3.491242599487304688e+01
5.885525894165039062e+01 1.476552009582527347e+01 3.231077575683593750e+01 3.629804611206054688e+01
5.887423324584960938e+01 1.719104003906257816e+01 3.171693420410156250e+01 3.388821411132812500e+01
6.008006572723388672e+01 1.656574821472175785e+01 3.151239204406738281e+01 3.423607254028320312e+01
6.034748935699462891e+01 1.256947708129890628e+01 3.142526817321777344e+01 3.653000640869140625e+01
5.999376106262207031e+01 1.492733573913582035e+01 3.252431106567382812e+01 3.464206314086914062e+01
6.096860694885253906e+01 1.461112976074226566e+01 3.064027786254882812e+01 3.402090454101562500e+01
6.191748428344726562e+01 1.315043258667000003e+01 3.158728027343750000e+01 3.581360626220703125e+01
6.188848495483398438e+01 1.395246696472175785e+01 3.249671936035156250e+01 3.505095291137695312e+01
6.201386451721191406e+01 1.489849853515632816e+01 3.204042434692382812e+01 3.413284301757812500e+01
6.177279853820800781e+01 1.448798561096199222e+01 3.241127395629882812e+01 3.570808029174804688e+01
6.279448127746582031e+01 1.420211982727058597e+01 3.146559524536132812e+01 3.474982833862304688e+01
6.253589439392089844e+01 1.435610580444343753e+01 3.224253463745117188e+01 3.594324493408203125e+01
6.262751579284667969e+01 1.547609329223640628e+01 3.241843795776367188e+01 3.475959014892578125e+01
6.325169563293457031e+01 1.676358222961433597e+01 3.102623367309570312e+01 3.350176620483398438e+01
6.446765518188476562e+01 1.721750450134285160e+01 3.209031677246093750e+01 3.400877761840820312e+01
6.462364482879638672e+01 1.606838798522957035e+01 3.104745674133300781e+01 3.282649612426757812e+01
6.511988258361816406e+01 1.795069694519050785e+01 3.226353836059570312e+01 3.255638504028320312e+01
6.636842536926269531e+01 1.670352363586433597e+01 3.223068618774414062e+01 3.405404281616210938e+01
6.604105186462402344e+01 1.494498634338386722e+01 3.231986618041992188e+01 3.488450241088867188e+01
6.708928298950195312e+01 1.704923439025886722e+01 3.281556701660156250e+01 3.297030258178710938e+01
6.873685836791992188e+01 1.599399948120125003e+01 3.282286071777343750e+01 3.346938323974609375e+01
6.850749015808105469e+01 1.602850532531746097e+01 3.208771896362304688e+01 3.400828170776367188e+01
6.973914146423339844e+01 1.525535202026375003e+01 3.270512008666992188e+01 3.381403350830078125e+01
7.112108421325683594e+01 1.446544456481941410e+01 3.404223251342773438e+01 3.418382644653320312e+01
7.086850357055664062e+01 1.063804244995125003e+01 3.379209899902343750e+01 3.895200347900390625e+01
7.240252113342285156e+01 1.367288589477546878e+01 3.423508071899414062e+01 3.669345855712890625e+01
7.286379623413085938e+01 1.134320259094246097e+01 3.252062988281250000e+01 3.499009323120117188e+01
7.352535438537597656e+01 1.376531982421882816e+01 3.349837112426757812e+01 3.511889648437500000e+01
7.477172088623046875e+01 1.357494735717781253e+01 3.295258331298828125e+01 3.327816009521484375e+01
7.602585029602050781e+01 1.123817253112800785e+01 3.289839553833007812e+01 3.512594985961914062e+01
7.777986907958984375e+01 1.177191734313972660e+01 3.313687896728515625e+01 3.514026260375976562e+01
7.727012443542480469e+01 1.129325866699226566e+01 3.118929672241210938e+01 3.425938415527343750e+01
7.833387374877929688e+01 9.780805587768632847e+00 3.268646240234375000e+01 3.714061355590820312e+01
7.777620124816894531e+01 1.062476158142097660e+01 3.274907302856445312e+01 3.690698623657226562e+01
7.887552833557128906e+01 1.225952911376960941e+01 3.328604507446289062e+01 3.739840698242187500e+01
7.768248558044433594e+01 1.193059921264656253e+01 3.207128524780273438e+01 3.549605560302734375e+01
7.799669837951660156e+01 1.484786033630378910e+01 3.316849136352539062e+01 3.390408706665039062e+01
7.709761047363281250e+01 1.521297645568855472e+01 3.090367889404296875e+01 3.324407577514648438e+01
7.606413078308105469e+01 1.608863258361824222e+01 3.347295761108398438e+01 3.479595565795898438e+01
7.595680999755859375e+01 1.621668434143074222e+01 3.335367584228515625e+01 3.461448287963867188e+01
7.473028182983398438e+01 1.582574272155769535e+01 3.382261657714843750e+01 3.377429580688476562e+01
7.437094497680664062e+01 1.680027770996101566e+01 3.348706054687500000e+01 3.474917602539062500e+01
7.461233329772949219e+01 1.649362754821785160e+01 3.212260055541992188e+01 3.409773635864257812e+01
7.546971511840820312e+01 1.829078483581550785e+01 3.412951660156250000e+01 3.471693801879882812e+01
7.472568511962890625e+01 1.739632797241218753e+01 3.288544464111328125e+01 3.743596649169921875e+01
7.525353050231933594e+01 1.718836975097664066e+01 3.456025314331054688e+01 3.695883178710937500e+01
7.647628021240234375e+01 2.193729972839363285e+01 3.233683013916015625e+01 3.427988052368164062e+01
7.647931957244873047e+01 2.012530899047859378e+01 3.032069587707519531e+01 3.547551727294921875e+01
7.795779705047607422e+01 2.110987472534187503e+01 3.080117988586425781e+01 3.398899078369140625e+01
7.906154727935791016e+01 2.924262809753425785e+01 3.188895225524902344e+01 3.326640701293945312e+01
7.941752815246582031e+01 3.879945945739753910e+01 3.074924087524414062e+01 2.959216690063477273e+01
8.023806095123291016e+01 3.594535636901863995e+01 3.195091819763183594e+01 3.045821762084960938e+01
7.919303607940673828e+01 3.671812629699715558e+01 3.144042015075683594e+01 2.726391220092773438e+01
7.906596469879150391e+01 3.507522296905526105e+01 3.035366630554199219e+01 2.857713890075683594e+01
8.017712306976318359e+01 3.398482131958016339e+01 3.123852729797363281e+01 3.118326568603515625e+01
7.984309291839599609e+01 2.281217575073250714e+01 3.158076667785644531e+01 4.001279449462890625e+01
7.897451114654541016e+01 3.660277080535897198e+01 3.047598075866699219e+01 2.898644447326660156e+01
7.840948104858398438e+01 3.711982917785653058e+01 2.948784637451171875e+01 2.973005294799804688e+01
7.757714080810546875e+01 3.516182899475106183e+01 3.015369415283203125e+01 3.296013259887695312e+01
7.883010864257812500e+01 3.449581336975106183e+01 3.162006378173828125e+01 3.284096908569335938e+01
7.841466808319091797e+01 3.412622642517098370e+01 3.087128639221191406e+01 3.330496597290039062e+01
7.832096767425537109e+01 4.268216228485115948e+01 3.075709724426269531e+01 3.059757423400878906e+01
7.841743087768554688e+01 4.277800178527841268e+01 3.095265197753906250e+01 2.950249099731444602e+01
7.797563743591308594e+01 4.147872352600106183e+01 3.019440841674804688e+01 3.072974014282226562e+01
7.880248069763183594e+01 4.245011806488045636e+01 3.062633132934570312e+01 2.952236366271972656e+01
7.776539516448974609e+01 4.281495666503914777e+01 3.067517280578613281e+01 2.870603179931640625e+01
7.830908679962158203e+01 4.268315410614022198e+01 3.001737022399902344e+01 2.908873176574707031e+01
7.814922142028808594e+01 4.187361335754403058e+01 3.116776657104492188e+01 2.905205917358398438e+01
7.734813594818115234e+01 4.143777275085457745e+01 3.072643470764160156e+01 2.973447036743164062e+01
7.717566967010498047e+01 4.224334812164315167e+01 3.097297096252441406e+01 3.084286308288574219e+01
7.771195888519287109e+01 4.421854972839363995e+01 3.190162086486816406e+01 3.137736892700195312e+01
7.836112213134765625e+01 4.448871421813973370e+01 3.170792388916015625e+01 2.777936935424804688e+01
7.743328380584716797e+01 4.392385959625252667e+01 3.095165443420410156e+01 3.056957054138183594e+01
7.692816925048828125e+01 4.438965988159188214e+01 3.162654113769531250e+01 3.068522644042968750e+01
7.729269409179687500e+01 4.509397697448738995e+01 3.198947143554687500e+01 3.082386398315429688e+01
7.697980594635009766e+01 4.481167316436776105e+01 3.076670646667480469e+01 3.112515068054199219e+01
7.749796485900878906e+01 4.375069904327401105e+01 3.123047256469726562e+01 2.997410392761230469e+01
7.641308307647705078e+01 4.499076461792001425e+01 3.067895317077636719e+01 2.984881591796874289e+01
