1.470000000000000000e+02 6.500000000000000000e+01 5.500000000000000000e+01 7.200000000000000000e+01
1.516561317443847656e+02 6.804561614990234375e+01 5.826357269287109375e+01 6.609983825683593750e+01
1.565917453765869141e+02 6.727610015869139204e+01 5.952824020385742188e+01 6.637426757812501421e+01
1.619771823883056641e+02 6.684613037109375000e+01 6.169587326049804688e+01 6.787619018554687500e+01
1.699487552642822266e+02 6.612831115722656250e+01 6.008411788940429688e+01 6.949270629882812500e+01
1.801915855407714844e+02 6.893530654907226562e+01 5.973908233642578125e+01 6.983159637451171875e+01
1.867423801422119141e+02 7.035865402221679688e+01 6.082566452026367188e+01 7.131235504150390625e+01
1.926577224731445312e+02 7.331947326660156250e+01 6.027473449707031250e+01 7.027148437500000000e+01
1.955347824096679688e+02 7.726904296875000000e+01 6.213456726074218750e+01 7.018771362304687500e+01
1.944797801971435547e+02 7.959256744384765625e+01 6.249872207641601562e+01 6.880589294433593750e+01
1.934422111511230469e+02 7.937332534790039062e+01 6.256098175048828125e+01 7.086132049560546875e+01
1.907843246459960938e+02 7.871324920654296875e+01 6.107823181152343750e+01 6.884556579589843750e+01
1.886617031097412109e+02 7.804930496215820312e+01 5.796396255493164062e+01 6.574076080322265625e+01
1.825030326843261719e+02 7.671821594238281250e+01 5.879509735107421875e+01 6.914215087890625000e+01
1.773896045684814453e+02 7.666858482360839844e+01 5.769747543334960938e+01 6.254730606079101562e+01
1.725958900451660156e+02 7.432589721679687500e+01 5.606890106201171875e+01 6.628749084472656250e+01
1.684919738769531250e+02 7.224364280700683594e+01 5.658081054687500000e+01 6.372848892211914062e+01
1.651849994659423828e+02 6.813313293457031250e+01 5.802143478393554688e+01 6.468203735351562500e+01
1.607292804718017578e+02 6.665105056762696734e+01 6.091152572631835938e+01 6.493192291259764204e+01
1.592413997650146484e+02 6.317901992797851562e+01 6.261487197875976562e+01 6.509520721435546875e+01
1.582501010894775391e+02 5.942931365966796875e+01 6.170930099487304688e+01 6.449864196777343750e+01
1.577410411834716797e+02 5.677908325195311079e+01 6.115826797485351562e+01 6.698071289062500000e+01
1.558136291503906250e+02 5.186168670654295454e+01 6.195277404785156250e+01 6.830911254882812500e+01
1.558293514251708984e+02 4.987530136108397016e+01 6.288742446899414062e+01 6.764690399169921875e+01
1.546928157806396484e+02 4.706956100463865766e+01 6.113220596313476562e+01 6.929964447021484375e+01
1.522724285125732422e+02 4.115890884399412641e+01 6.153404617309570312e+01 7.076088714599609375e+01
1.532001132965087891e+02 3.966477966308592329e+01 5.928625106811523438e+01 6.331832885742187500e+01
1.522164478302001953e+02 3.795192909240722656e+01 5.821099472045898438e+01 6.349380111694335938e+01
1.513789882659912109e+02 3.388554954528808594e+01 5.853833389282226562e+01 6.296069717407226562e+01
1.506099300384521484e+02 3.291686058044435015e+01 5.679265213012695312e+01 5.988426589965820312e+01
1.502651233673095703e+02 3.004090309143069248e+01 5.652949142456054688e+01 6.106399154663085938e+01
1.488327045440673828e+02 2.789857101440432530e+01 5.825854110717773438e+01 6.034752655029296875e+01
1.483591690063476562e+02 2.749250602722170811e+01 5.928662109375000000e+01 5.946231460571289062e+01
1.483024597167968750e+02 2.761434936523440342e+01 5.934376525878906250e+01 5.727992248535156250e+01
1.482614383697509766e+02 2.771358680725101920e+01 5.843209457397460938e+01 5.875561141967773438e+01
1.476525382995605469e+02 2.809823799133305045e+01 5.953128814697265625e+01 5.823241806030273438e+01
1.481036758422851562e+02 2.866612434387211295e+01 5.984111022949218750e+01 6.126899337768554688e+01
1.490466880798339844e+02 2.914362144470220528e+01 5.790326690673828125e+01 6.116264724731445312e+01
1.500021972656250000e+02 3.140221786499027701e+01 5.955325317382812500e+01 6.033501434326171875e+01
1.510096282958984375e+02 3.273269081115726920e+01 5.659704589843750000e+01 6.016775131225585938e+01
1.518124637603759766e+02 3.419504165649419747e+01 5.841245651245117188e+01 6.183646392822265625e+01
1.524483413696289062e+02 3.639803886413579903e+01 5.756553649902343750e+01 6.183981704711914062e+01
1.552481288909912109e+02 3.602677536010746451e+01 5.906230545043945312e+01 6.697081756591796875e+01
1.592389831542968750e+02 3.539339828491215201e+01 5.937170410156250000e+01 6.875423431396484375e+01
1.631930007934570312e+02 3.845154190063480826e+01 6.222456359863281250e+01 6.471189117431640625e+01
1.709944171905517578e+02 3.772441864013676138e+01 6.184051132202148438e+01 6.605735778808593750e+01
1.794419860839843750e+02 3.853745269775394888e+01 6.040722656250000000e+01 6.096739196777343750e+01
1.880993156433105469e+02 3.685939407348638497e+01 6.135266876220703125e+01 6.511458587646484375e+01
1.952284736633300781e+02 3.356387710571293326e+01 6.360921478271484375e+01 7.246729278564453125e+01
2.011676521301269531e+02 3.006599807739262076e+01 6.606032562255859375e+01 7.632205963134765625e+01
2.050798110961914062e+02 3.026051712036137076e+01 6.782255554199218750e+01 7.552851104736328125e+01
2.090816307067871094e+02 2.946602630615238638e+01 6.781778717041015625e+01 7.626199340820312500e+01
2.110709266662597656e+02 2.941391754150394888e+01 6.451241302490234375e+01 7.727371215820312500e+01
2.099822311401367188e+02 3.196211242675785513e+01 6.577156066894531250e+01 7.585237121582031250e+01
2.088928451538085938e+02 3.461254501342777701e+01 6.688072204589843750e+01 7.416216278076171875e+01
2.079256896972656250e+02 3.525437545776371451e+01 6.603536987304687500e+01 7.290074920654296875e+01
2.061608085632324219e+02 3.527011108398441763e+01 6.552985382080078125e+01 7.321699523925781250e+01
2.066664428710937500e+02 3.628666687011723013e+01 6.607748413085937500e+01 7.301512145996093750e+01
2.064855461120605469e+02 3.609259033203129263e+01 6.544641876220703125e+01 7.393190002441406250e+01
2.075921363830566406e+02 3.526436233520512076e+01 6.621514129638671875e+01 7.443579864501953125e+01
2.096053771972656250e+02 3.659046554565433951e+01 6.612686157226562500e+01 7.453917694091796875e+01
2.105296287536621094e+02 3.792019653320316763e+01 6.546839141845703125e+01 7.426219177246093750e+01
2.099646873474121094e+02 3.619638824462894888e+01 6.549292755126953125e+01 7.415979003906250000e+01
2.083247718811035156e+02 3.658964157104496451e+01 6.637709808349609375e+01 7.286220550537109375e+01
2.036695289611816406e+02 3.615532302856449576e+01 6.613076019287109375e+01 7.306125640869140625e+01
1.972326431274414062e+02 3.795033264160160513e+01 6.652629089355468750e+01 7.261717224121093750e+01
1.903525619506835938e+02 3.794652557373051138e+01 6.281184387207031250e+01 7.116519165039062500e+01
1.818176059722900391e+02 3.993234252929691763e+01 6.149703598022460938e+01 6.619221496582031250e+01
1.721021804809570312e+02 4.124149322509769888e+01 6.234877014160156250e+01 6.546929931640625000e+01
1.646057186126708984e+02 4.004808425903324576e+01 6.087051773071289062e+01 6.409329986572265625e+01
1.555086708068847656e+02 3.872600173950199576e+01 6.020995330810546875e+01 6.852338409423828125e+01
1.487054996490478516e+02 3.988605499267582388e+01 5.963285446166992188e+01 6.849691772460937500e+01
1.413166580200195312e+02 4.248647499084476920e+01 5.748937988281250000e+01 6.395205307006835938e+01
1.333205204010009766e+02 4.337493896484380684e+01 6.010293197631835938e+01 6.603964233398437500e+01
1.280526065826416016e+02 4.482768249511723013e+01 6.137592697143554688e+01 6.708535766601562500e+01
1.248014411926269531e+02 4.656921768188480826e+01 6.071727752685546875e+01 6.656145477294921875e+01
1.218951435089111328e+02 4.861572647094730826e+01 6.183120346069335938e+01 6.725856781005859375e+01
1.206223506927490234e+02 5.139379119873051138e+01 6.308574295043945312e+01 6.803871154785156250e+01
1.186745338439941406e+02 5.096344757080082388e+01 6.170485687255859375e+01 6.935249328613281250e+01
1.181699066162109375e+02 5.492407226562504263e+01 6.439489746093750000e+01 6.751669311523437500e+01
1.204017047882080078e+02 5.489096832275394888e+01 6.347155380249023438e+01 6.887925720214843750e+01
1.237686901092529297e+02 5.560744094848637076e+01 6.237106704711914062e+01 6.994457244873046875e+01
1.294569606781005859e+02 5.541389465332035513e+01 6.160686111450195312e+01 7.024377441406250000e+01
1.352881069183349609e+02 5.597952270507816763e+01 6.025496292114257812e+01 7.061071777343750000e+01
1.399552917480468750e+02 5.667712402343754263e+01 6.166027832031250000e+01 7.010635375976562500e+01
1.467866992950439453e+02 5.582242202758793326e+01 6.141476058959960938e+01 7.068581390380859375e+01
1.517157478332519531e+02 5.409340667724613638e+01 6.390123748779296875e+01 7.024061584472656250e+01
1.550749340057373047e+02 5.090718460083012076e+01 6.278116226196289062e+01 7.172966766357421875e+01
1.600637054443359375e+02 4.872453308105473013e+01 6.273477172851562500e+01 6.996878051757812500e+01
1.645711479187011719e+02 4.548688507080082388e+01 6.135083770751953125e+01 7.002299499511718750e+01
1.665216083526611328e+02 4.226108551025394888e+01 5.962322616577148438e+01 6.898959350585937500e+01
1.687106876373291016e+02 4.061843109130863638e+01 6.000312423706054688e+01 6.755050659179687500e+01
1.703026027679443359e+02 3.751653289794926138e+01 5.960454177856445312e+01 6.886221313476562500e+01
1.712527809143066406e+02 3.577565383911137076e+01 5.799217987060546875e+01 6.786998748779296875e+01
1.719052295684814453e+02 3.472654724121098013e+01 5.702793502807617188e+01 6.590275573730468750e+01
1.727017745971679688e+02 3.334609413146978341e+01 5.651591491699218750e+01 6.304690170288085938e+01
1.714058055877685547e+02 3.235755157470707388e+01 5.729632949829101562e+01 6.518547058105468750e+01
1.697030620574951172e+02 3.168683433532720528e+01 5.563879776000976562e+01 6.359024429321289062e+01
1.689836750030517578e+02 2.899301910400396309e+01 5.710403060913085938e+01 6.585249328613281250e+01
1.693029537200927734e+02 2.790437126159675074e+01 5.488220596313476562e+01 6.242285537719726562e+01
1.694151573181152344e+02 2.683636665344245387e+01 5.523987579345703125e+01 6.197684860229492188e+01
1.682688751220703125e+02 2.694938659667975855e+01 5.664778137207031250e+01 6.227058410644531250e+01
1.676163196563720703e+02 2.554239654541022730e+01 5.706525802612304688e+01 6.246334838867187500e+01
1.680333652496337891e+02 2.561012840271001778e+01 5.653417587280273438e+01 6.190761184692382812e+01
1.680227336883544922e+02 2.437056159973148795e+01 5.646742630004882812e+01 6.271494674682617188e+01
1.665882663726806641e+02 2.584704208374026280e+01 5.667092514038085938e+01 6.215464019775390625e+01
1.651207427978515625e+02 2.556561660766604405e+01 5.730911254882812500e+01 6.157038116455078125e+01
1.632757587432861328e+02 2.807674026489260655e+01 5.746754074096679688e+01 6.091709136962890625e+01
1.613040771484375000e+02 2.804236602783204546e+01 5.534101867675781250e+01 5.920330810546875000e+01
1.596984500885009766e+02 2.870831489562989702e+01 5.655620956420898438e+01 6.074418258666992188e+01
1.579497604370117188e+02 2.914178848266602984e+01 5.404026794433593750e+01 6.035559844970703125e+01
1.547560005187988281e+02 3.139584922790528765e+01 5.552553558349609375e+01 6.143136978149414062e+01
1.521016216278076172e+02 3.383293151855471592e+01 5.418922805786132812e+01 6.122354125976562500e+01
1.504200057983398438e+02 3.616931343078616123e+01 5.614288330078125000e+01 6.159960556030273438e+01
1.500589408874511719e+02 3.773045730590823155e+01 5.799279022216796875e+01 6.469617462158203125e+01
1.485040550231933594e+02 4.208084487915043326e+01 5.785805511474609375e+01 6.218943023681640625e+01
1.475241222381591797e+02 4.570226287841801138e+01 5.994719314575195312e+01 6.307084655761718750e+01
1.458659400939941406e+02 4.712619400024419747e+01 5.990345001220703125e+01 6.710927581787109375e+01
1.441467609405517578e+02 4.951537322998052559e+01 5.914664840698242188e+01 6.572087097167968750e+01
1.426775188446044922e+02 5.234254074096685372e+01 5.845866775512695312e+01 6.650852203369140625e+01
1.405184555053710938e+02 5.287622833251958809e+01 6.016151428222656250e+01 6.861585998535156250e+01
1.395213127136230469e+02 5.606601333618169747e+01 5.931896209716796875e+01 6.796556854248046875e+01
1.382669067382812500e+02 5.893508911132818184e+01 5.816423034667968750e+01 6.597763061523437500e+01
1.367062873840332031e+02 6.153608703613286934e+01 5.841139984130859375e+01 6.486778259277343750e+01
1.351372680664062500e+02 6.287286376953130684e+01 5.743214416503906250e+01 6.633934020996093750e+01
1.333416957855224609e+02 6.391039848327642403e+01 5.678680801391601562e+01 6.268747329711914062e+01
1.314112262725830078e+02 6.403767776489262076e+01 5.726430892944335938e+01 6.602965545654298296e+01
1.296129856109619141e+02 6.529044532775886012e+01 5.744314193725585938e+01 6.287704086303709516e+01
1.271022739410400391e+02 6.638234901428228341e+01 5.748679733276367188e+01 6.111832809448242188e+01
1.258387107849121094e+02 6.458679199218755684e+01 5.723340606689453125e+01 6.243061828613281250e+01
1.232754516601562500e+02 6.573674964904790841e+01 5.862765502929687500e+01 6.096944808959960938e+01
1.198648033142089844e+02 6.462449836730962716e+01 5.703495025634765625e+01 6.223481369018554688e+01
1.160051460266113281e+02 6.388772583007816763e+01 5.893573760986328125e+01 6.200978088378906250e+01
1.147292900085449219e+02 6.310958290100101920e+01 5.821324920654296875e+01 6.108187484741210938e+01
1.130114250183105469e+02 6.235527610778811436e+01 5.852111053466796875e+01 6.248027420043945312e+01
1.114720230102539062e+02 5.963582420349123936e+01 5.879788208007812500e+01 6.233711624145507812e+01
1.107884159088134766e+02 5.980109214782719107e+01 5.913454818725585938e+01 5.908790969848632812e+01
1.100925502777099609e+02 5.793177032470705967e+01 5.959032058715820312e+01 6.205917358398437500e+01
1.091722583770751953e+02 5.543686866760256748e+01 5.858791732788085938e+01 6.115188217163085938e+01
1.082328681945800781e+02 5.471162414550784092e+01 5.968648529052734375e+01 6.358503723144531250e+01
1.051123275756835938e+02 5.194126892089846592e+01 5.768388366699218750e+01 6.337416076660156250e+01
1.020930671691894531e+02 5.087100028991702061e+01 6.093340301513671875e+01 6.316359329223632812e+01
9.853697967529296875e+01 4.957441329956056109e+01 6.133143615722656250e+01 6.203978729248046875e+01
9.496964454650878906e+01 4.937445831298829546e+01 6.117345809936523438e+01 6.158422851562500000e+01
8.956597709655763140e+01 4.545108604431155186e+01 6.328505325317381391e+01 6.287401199340820312e+01
8.693867874145506391e+01 4.447502899169923296e+01 6.114537811279298296e+01 6.118157958984375000e+01
8.375368309020997515e+01 4.262871742248537998e+01 6.105751419067381391e+01 6.198255538940429688e+01
8.055308914184570312e+01 4.225530433654787998e+01 6.037720489501953125e+01 6.120815658569335938e+01
7.681403350830078125e+01 4.113359642028811436e+01 5.969369506835937500e+01 6.015512466430664062e+01
7.376334571838378906e+01 4.258716583251955967e+01 6.152775192260742188e+01 5.935002136230468750e+01
7.196942329406738281e+01 4.115710639953616123e+01 6.162253952026367188e+01 6.249985885620117188e+01
7.068272972106932173e+01 4.016497230529786577e+01 6.091131973266602984e+01 6.042480087280273438e+01
6.913928985595704546e+01 4.038544082641604405e+01 5.911170959472654829e+01 5.672205352783203125e+01
6.725735473632812500e+01 4.457687568664553623e+01 5.968461608886718750e+01 5.068955612182617188e+01
6.814348030090333452e+01 4.359955787658695670e+01 5.731629562377929688e+01 5.036469650268554688e+01
6.649790763854981890e+01 4.497280502319340201e+01 5.780856704711914062e+01 5.179607391357421875e+01
6.832260894775392046e+01 4.491865730285648795e+01 5.255435180664062500e+01 5.040826034545898438e+01
7.474865150451660156e+01 4.344720840454104405e+01 4.660506820678710938e+01 4.764803314208984375e+01
7.274519348144531250e+01 5.639793968200686436e+01 3.903627014160156250e+01 3.990779495239257812e+01
7.602201080322265625e+01 4.977124786376955967e+01 3.685374450683593750e+01 3.997357177734375000e+01
6.580061721801757812e+01 3.055503273010256748e+01 5.041863250732421875e+01 4.288891983032226562e+01
3.989455413818359375e+01 3.664826965332034092e+01 5.562281799316406250e+01 4.640708160400390625e+01
5.142687988281250000e+01 2.348445892333987217e+01 7.584768676757812500e+01 7.151345062255859375e+01
6.676699066162109375e+01 2.041807937622073155e+01 9.671180725097656250e+01 7.934521484375000000e+01
9.177151489257812500e+01 1.558510589599612217e+01 1.210390319824218750e+02 1.035233078002929688e+02
8.406533050537109375e+01 0.000000000000000000e+00 1.906208953857421875e+02 1.394132270812988565e+02
6.111255645751953125e+01 0.000000000000000000e+00 2.240475006103515625e+02 1.615628070831298828e+02
1.762615966796875000e+01 0.000000000000000000e+00 3.110968933105468750e+02 1.641761636734008789e+02
3.078025817871093750e+01 0.000000000000000000e+00 3.402197418212890625e+02 1.222373585700988770e+02
1.229894256591796875e+01 0.000000000000000000e+00 3.386154174804687500e+02 1.570138361454010010e+02
4.637085723876953125e+01 0.000000000000000000e+00 3.184566345214843750e+02 1.563727627992630005e+02
2.258414459228515625e+01 0.000000000000000000e+00 2.748168640136718750e+02 1.647574263215065002e+02
2.044852447509765625e+01 0.000000000000000000e+00 3.303219299316406250e+02 1.489787497818470001e+02
6.976753234863281250e+00 0.000000000000000000e+00 3.278852844238281250e+02 1.554278056770563126e+02
0.000000000000000000e+00 0.000000000000000000e+00 3.363221359252929688e+02 1.335662282779812813e+02
5.281568527221679688e+01 0.000000000000000000e+00 3.181843147277832031e+02 1.456942011751234531e+02
0.000000000000000000e+00 0.000000000000000000e+00 3.307532711029052734e+02 5.602114233560860157e+01
3.155151653289794922e+01 0.000000000000000000e+00 2.502577209472656250e+02 7.888746325764805079e+01
5.124409770965576172e+01 0.000000000000000000e+00 2.413666381835937500e+02 1.033854277958162129e+02
4.953389263153076172e+01 0.000000000000000000e+00 2.516589355468750000e+02 1.292293197328690439e+02
4.762340068817138672e+01 0.000000000000000000e+00 2.824203491210937500e+02 1.486765876618446782e+02
3.710232830047607422e+01 0.000000000000000000e+00 3.338976716995239258e+02 1.083281467361957766e+02
0.000000000000000000e+00 0.000000000000000000e+00 3.564668135643005371e+02 1.710000000000000000e+02
0.000000000000000000e+00 0.000000000000000000e+00 3.710000000000000000e+02 1.350993957519531250e+02
0.000000000000000000e+00 0.000000000000000000e+00 3.710000000000000000e+02 1.710000000000000000e+02
0.000000000000000000e+00 0.000000000000000000e+00 3.710000000000000000e+02 1.710000000000000000e+02
6.098968505859375000e+00 0.000000000000000000e+00 3.649010314941406250e+02 1.622986297607421875e+02
3.652639770507812500e+01 0.000000000000000000e+00 3.344736022949218750e+02 1.710000000000000000e+02
0.000000000000000000e+00 0.000000000000000000e+00 3.710000000000000000e+02 1.710000000000000000e+02
0.000000000000000000e+00 0.000000000000000000e+00 3.710000000000000000e+02 1.710000000000000000e+02
5.467033386230468750e+01 0.000000000000000000e+00 3.163296661376953125e+02 1.710000000000000000e+02
6.872266387939453125e+01 0.000000000000000000e+00 3.022773361206054688e+02 1.710000000000000000e+02
6.152147293090820312e+01 0.000000000000000000e+00 3.094785270690917969e+02 1.710000000000000000e+02
6.635653114318847656e+01 0.000000000000000000e+00 3.046434688568115234e+02 1.710000000000000000e+02
6.208250141143798828e+01 0.000000000000000000e+00 3.089174985885620117e+02 1.710000000000000000e+02
4.981374216079711914e+01 0.000000000000000000e+00 3.211862578392028809e+02 1.710000000000000000e+02
4.268375706672668457e+01 0.000000000000000000e+00 3.283162429332733154e+02 1.710000000000000000e+02
0.000000000000000000e+00 0.000000000000000000e+00 3.710000000000000000e+02 1.710000000000000000e+02
1.902099609375000000e+00 0.000000000000000000e+00 3.690979003906250000e+02 1.710000000000000000e+02
0.000000000000000000e+00 0.000000000000000000e+00 3.710000000000000000e+02 1.710000000000000000e+02
0.000000000000000000e+00 0.000000000000000000e+00 3.710000000000000000e+02 1.710000000000000000e+02
0.000000000000000000e+00 0.000000000000000000e+00 3.710000000000000000e+02 1.710000000000000000e+02
0.000000000000000000e+00 0.000000000000000000e+00 3.710000000000000000e+02 1.710000000000000000e+02
0.000000000000000000e+00 0.000000000000000000e+00 3.710000000000000000e+02 1.710000000000000000e+02
2.183975219726562500e+00 0.000000000000000000e+00 3.688160247802734375e+02 1.710000000000000000e+02
7.639522552490228691e+01 0.000000000000000000e+00 2.388036804199218750e+02 1.710000000000000000e+02
1.369894142150877769e+02 8.792327880859318157e+00 1.196301345825195312e+02 1.274228515625000000e+02
1.592684707641600426e+02 2.554138183593744316e+01 6.806643676757812500e+01 7.308206176757812500e+01
1.672857131958006676e+02 2.780170822143549003e+01 5.564724731445312500e+01 6.013636016845703125e+01
1.652418918609618004e+02 2.985573577880853691e+01 5.461585617065429688e+01 5.785737609863281250e+01
1.632826786041258629e+02 2.732831192016595878e+01 5.548756027221679688e+01 6.067403411865234375e+01
1.617050514221190269e+02 2.661881256103509941e+01 5.368418121337890625e+01 5.988920593261718750e+01
1.603983287811278160e+02 2.383090782165523080e+01 5.470392227172851562e+01 6.047896194458007812e+01
1.586021270751951988e+02 2.385519981384273080e+01 5.242051696777343750e+01 5.549049758911132812e+01
1.551997432708739098e+02 2.173593711853023080e+01 5.152107620239257812e+01 5.738994216918945312e+01
1.511891765594481285e+02 2.403093528747554330e+01 5.249405288696289062e+01 5.563466262817382812e+01
1.471046085357664879e+02 2.455846023559566049e+01 5.229694747924804688e+01 5.465480804443359375e+01
1.438607788085936363e+02 2.445574188232416191e+01 5.429014587402343750e+01 5.480999755859375000e+01
1.394416713714598473e+02 2.494944763183588066e+01 5.332666397094726562e+01 5.664678955078125000e+01
1.366126232147215660e+02 2.623200416564935722e+01 5.314813613891601562e+01 5.601157760620117188e+01
1.337597446441649254e+02 2.580536079406732597e+01 5.171726608276367188e+01 5.414977645874023438e+01
1.305760116577147301e+02 2.512539291381830253e+01 5.253227233886718750e+01 5.997821807861328125e+01
1.302970886230467613e+02 2.711099624633783378e+01 5.313998413085937500e+01 5.555886077880859375e+01
1.294835052490233238e+02 2.865499305725091972e+01 5.368499755859375000e+01 5.703397750854492188e+01
1.303208160400389488e+02 3.122969245910638847e+01 5.546165466308593750e+01 5.727245712280273438e+01
1.313315258026121910e+02 3.378225708007806816e+01 5.381973648071289062e+01 5.843955993652343750e+01
1.334612922668455894e+02 3.765147018432611503e+01 5.506264495849609375e+01 5.763408660888671875e+01
1.351385574340819176e+02 4.172904396057123222e+01 5.595777893066406250e+01 5.985219955444335938e+01
1.353582057952879723e+02 4.282727050781244316e+01 5.719755935668945312e+01 6.243316650390625000e+01
1.395398120880125816e+02 4.704655838012689628e+01 5.681257247924804688e+01 6.273665618896484375e+01
1.440650196075438316e+02 5.078667449951164770e+01 5.855709457397460938e+01 6.183537292480468750e+01
1.453748245239256676e+02 5.206008148193352270e+01 6.088464355468750000e+01 6.630587768554687500e+01
1.469094123840330894e+02 5.416880798339836645e+01 6.301599884033203125e+01 6.938160705566406250e+01
1.478259754180907066e+02 5.678514862060539770e+01 6.087491989135742188e+01 6.616104125976562500e+01
1.482190303802489098e+02 5.839989852905266332e+01 6.384158706665039062e+01 6.692971038818359375e+01
1.479736728668211754e+02 6.079336929321281957e+01 6.142879867553710938e+01 6.558289337158203125e+01
1.473781204223631676e+02 6.307324218749992895e+01 6.405247497558593750e+01 6.492332458496093750e+01
1.478139228820799644e+02 6.561887359619133520e+01 6.148815155029296875e+01 6.474865722656251421e+01
1.477471218109129723e+02 6.807794570922844457e+01 6.100094985961914062e+01 6.435816192626954546e+01
1.468538074493407066e+02 6.843263626098627128e+01 6.080852890014648438e+01 6.312755584716796875e+01
1.465427627563475426e+02 6.864839553833002128e+01 6.198739624023437500e+01 6.441281890869140625e+01
1.468856525421141441e+02 6.953719711303703832e+01 5.914327621459960938e+01 6.399739837646485796e+01
1.448362751007078941e+02 7.068766021728509941e+01 6.033167648315429688e+01 6.109362792968750000e+01
1.432195987701414879e+02 7.031272506713862924e+01 6.163555526733398438e+01 6.237888336181639204e+01
1.428454952239989098e+02 7.009839248657219457e+01 5.776538467407226562e+01 6.144292449951173296e+01
1.418789253234862144e+02 7.008649444580071020e+01 6.014269256591796875e+01 6.489117431640626421e+01
1.405503921508787926e+02 7.040506172180170097e+01 6.084413146972656250e+01 6.065206527709960938e+01
1.383084545135496910e+02 6.959442138671870737e+01 6.111743545532226562e+01 6.591700744628904829e+01
1.372810916900633629e+02 6.790235519409174003e+01 6.083527755737304688e+01 6.198862457275390625e+01
1.389511775970457848e+02 6.838446426391597299e+01 5.720648574829101562e+01 6.060849761962889204e+01
1.406985340118407066e+02 6.758489227294916191e+01 5.901742172241210938e+01 6.164714050292968750e+01
1.435002460479735191e+02 6.847381210327142753e+01 5.979917526245117188e+01 6.333338165283203125e+01
1.441177787780760582e+02 6.511951446533197441e+01 6.102097320556640625e+01 6.493133544921875000e+01
1.486366367340086754e+02 6.372162628173822441e+01 6.231660079956054688e+01 6.850401306152343750e+01
1.524785232543944176e+02 6.225738143920892753e+01 6.383259582519531250e+01 6.854959869384765625e+01
1.528669548034666832e+02 5.956302261352533378e+01 6.645041656494140625e+01 7.105840301513671875e+01
1.596632022857664879e+02 5.757087326049799003e+01 6.377473068237304688e+01 6.856320953369140625e+01
1.644130306243895348e+02 5.605262374877924003e+01 6.155684280395507812e+01 6.779392242431640625e+01
1.596588020324705894e+02 5.424420166015619316e+01 6.567967987060546875e+01 7.037881469726562500e+01
1.619165306091307457e+02 5.088178634643549003e+01 6.987372589111328125e+01 7.094184112548828125e+01
1.665137634277342613e+02 4.882761764526361503e+01 7.121350097656250000e+01 7.066110992431640625e+01
1.709133300781248863e+02 4.644350433349603691e+01 6.687731933593750000e+01 7.194902038574218750e+01
1.736413726806639488e+02 4.552728271484369316e+01 6.414172363281250000e+01 6.777288818359375000e+01
1.785825233459471519e+02 4.420962524414056816e+01 6.513100433349609375e+01 6.996273803710937500e+01
1.828334083557127769e+02 3.936341476440424003e+01 6.553231048583984375e+01 7.225809478759765625e+01
1.771042938232420738e+02 3.693947219848627128e+01 7.032217407226562500e+01 7.294036102294921875e+01
1.894148597717284019e+02 3.234562301635736503e+01 6.552361297607421875e+01 7.240412139892578125e+01
1.869147071838377769e+02 2.587760543823236503e+01 6.897237396240234375e+01 7.331201934814453125e+01
1.966728744506834801e+02 2.522291564941400566e+01 6.212556457519531250e+01 7.050439453125000000e+01
2.021790485382078941e+02 2.098139572143549003e+01 5.954784774780273438e+01 7.062097930908203125e+01
2.026779861450194176e+02 1.971268463134759941e+01 6.425227355957031250e+01 7.016725158691406250e+01
2.064026908874510582e+02 1.829893112182611503e+01 6.334308624267578125e+01 6.973990631103515625e+01
1.980393447875975426e+02 1.521304702758783378e+01 6.832669067382812500e+01 7.063359832763671875e+01
1.664835052490233238e+02 1.204530334472650566e+01 1.005090637207031250e+02 7.332073974609375000e+01
1.703484115600584801e+02 8.988689422607365032e+00 8.617512512207031250e+01 7.143799591064453125e+01
1.966101341247557457e+02 2.371089935302677532e+00 6.433463287353515625e+01 7.134387969970703125e+01
1.923423671722410973e+02 1.028766632080021282e+00 6.275282669067382812e+01 7.054109954833984375e+01
1.878766021728514488e+02 1.557857513427677532e+00 6.442935180664062500e+01 7.156748199462890625e+01
1.833818302154539879e+02 2.599174499511661907e+00 6.369550704956054688e+01 6.106932067871093750e+01
1.847111454010008629e+02 2.750989913940372844e+00 5.751552963256835938e+01 6.253468704223632812e+01
1.823143043518065269e+02 2.403144836425212816e-01 5.857860565185546875e+01 6.382317352294921875e+01
1.788100147247313316e+02 5.208988189696839299e-01 5.674491500854492188e+01 6.170489120483398438e+01
1.749971656799315269e+02 1.244070053100529094e+00 5.421669769287109375e+01 6.197024917602539062e+01
1.680703525543211754e+02 3.313390731811466594e+00 5.821368026733398438e+01 6.252597427368164062e+01
1.616239337921141441e+02 4.097902297973575969e+00 5.674984359741210938e+01 6.344909286499023438e+01
1.570246810913084801e+02 7.512460708618107219e+00 5.670466613769531250e+01 6.183700180053710938e+01
1.544219760894774254e+02 7.195915222167897696e+00 5.419144821166992188e+01 6.090650939941406250e+01
1.506295471191405113e+02 7.320468902587819571e+00 5.616729736328125000e+01 6.196312713623046875e+01
1.502393970489500816e+02 9.558540344238210196e+00 5.675320053100585938e+01 5.865390014648437500e+01
1.508189430236815269e+02 1.103687858581535863e+01 5.704888153076171875e+01 5.728935623168945312e+01
1.516516819000243004e+02 1.057162857055656957e+01 5.780405807495117188e+01 5.851692962646484375e+01
1.528042926788328941e+02 1.169873237609856176e+01 5.848014450073242188e+01 5.760320663452148438e+01
1.539586277008055504e+02 1.059940910339348363e+01 6.054412460327148438e+01 6.022923660278320312e+01
1.598604354858397301e+02 1.086772918701164770e+01 5.755886840820312500e+01 6.035093688964843750e+01
1.618179950714110191e+02 1.133013725280754613e+01 6.040780258178710938e+01 6.115050125122070312e+01
1.681134071350096519e+02 1.133428764343254613e+01 6.106008148193359375e+01 5.864693069458007812e+01
1.799077396392821129e+02 9.721630096435475821e+00 5.583320236206054688e+01 5.890528106689453125e+01
1.845471038818358238e+02 1.297626686096184301e+01 6.056565856933593750e+01 5.770431137084960938e+01
1.905305728912352379e+02 1.326867294311514911e+01 5.928626632690429688e+01 5.899678802490234375e+01
1.819184341430662926e+02 1.381733894348134584e+01 6.494569396972656250e+01 6.040087509155273438e+01
1.907626991271971519e+02 1.848158836364736146e+01 5.455059051513671875e+01 5.142357254028320312e+01
1.944768161773680504e+02 1.693239212036122865e+01 5.589980697631835938e+01 5.487891387939453125e+01
1.985047779083250816e+02 1.515783119201650209e+01 5.844372177124023438e+01 5.837269210815429688e+01
1.841796493530272301e+02 1.485506820678702411e+01 7.475244140625000000e+01 5.949710845947265625e+01
1.722684745788573082e+02 2.171920776367178973e+01 6.593674468994140625e+01 6.080883789062500000e+01
1.908465442657469566e+02 2.112326812744132098e+01 6.020556259155273438e+01 5.623730468750000000e+01
1.904069690704344566e+02 2.547962188720694598e+01 5.591524887084960938e+01 5.635040283203125000e+01
1.906522941589354332e+02 2.672465896606436786e+01 5.568155670166015625e+01 5.221297454833984375e+01
1.934888172149657066e+02 2.116675758361807880e+01 5.758047103881835938e+01 5.895557785034179688e+01
1.946654281616209801e+02 1.653963851928703832e+01 6.086326599121093750e+01 6.526364898681640625e+01
1.972499675750731285e+02 1.645768737792960223e+01 6.172159194946289062e+01 6.580944824218750000e+01
2.003991718292235191e+02 1.610803604125968036e+01 6.294311141967773438e+01 7.137014007568359375e+01
2.032693214416502769e+02 1.833071899414053973e+01 6.018325042724609375e+01 7.009738159179687500e+01
2.037616271972655113e+02 1.874719238281241473e+01 6.407620239257812500e+01 7.237533569335937500e+01
2.065887336730955894e+02 2.015222930908194598e+01 6.150420379638671875e+01 6.963597106933593750e+01
2.073435153961180504e+02 1.892176055908194598e+01 6.283262252807617188e+01 6.990849304199218750e+01
2.058713989257811363e+02 1.868118667602530536e+01 6.358090209960937500e+01 7.224648284912109375e+01
2.040601978302000816e+02 1.998987960815421161e+01 6.218886947631835938e+01 6.970563507080078125e+01
2.021812801361082848e+02 2.072042083740225848e+01 6.094981765747070312e+01 6.830696105957031250e+01
1.993190670013426598e+02 2.312410354614249286e+01 5.975598526000976562e+01 6.909423065185546875e+01
1.969868927001951988e+02 2.364629364013663348e+01 6.082719421386718750e+01 6.892768859863281250e+01
1.949885807037352379e+02 2.471102523803702411e+01 5.944845199584960938e+01 6.866922760009765625e+01
1.911075057983397301e+02 2.561520385742178973e+01 5.822003173828125000e+01 6.730325317382812500e+01
1.840723133087157066e+02 2.800537490844718036e+01 5.855657577514648438e+01 6.513826751708984375e+01
1.751046257019041832e+02 3.765065765380850848e+01 6.754724884033203125e+01 6.484855651855468750e+01
1.664386653900145348e+02 3.979553222656241473e+01 6.216800308227539062e+01 5.630514526367187500e+01
1.572372379302977379e+02 3.914100456237783021e+01 5.989930343627929688e+01 4.965977859497070312e+01
1.545133476257323082e+02 3.085895729064931459e+01 5.435091400146484375e+01 5.601989364624023438e+01
1.455011405944823082e+02 3.084724807739249286e+01 5.766080474853515625e+01 5.371810150146484375e+01
1.394236736297606285e+02 2.690740013122550067e+01 5.869159317016601562e+01 5.901897048950195312e+01
1.331870861053465660e+02 2.657943153381339130e+01 6.237300491333007812e+01 5.990166854858398438e+01
1.264932498931883629e+02 2.380814743041985082e+01 6.172848129272460938e+01 5.911612701416015625e+01
1.247009258270262535e+02 2.268741798400871801e+01 6.003618240356445312e+01 5.923582077026367188e+01
1.219918594360350426e+02 2.113767242431632098e+01 6.216752624511718750e+01 5.963500976562500000e+01
1.233743286132811363e+02 2.150765609741202411e+01 6.106880187988281250e+01 5.817122650146484375e+01
1.259892768859862144e+02 1.951318740844716615e+01 6.169235992431640625e+01 6.023151397705078125e+01
1.358705863952635582e+02 1.792118072509755677e+01 5.678411102294921875e+01 5.902395629882812500e+01
1.436742210388182457e+02 1.713659667968740052e+01 5.707474517822265625e+01 6.129664611816406250e+01
1.513827266693114098e+02 1.452988433837879256e+01 5.744144058227539062e+01 6.559135437011718750e+01
1.593184299468993004e+02 1.361006546020497865e+01 6.017766952514648438e+01 6.286983489990234375e+01
1.684629211425780113e+02 1.069952392578115052e+01 5.850340270996093750e+01 6.583906555175781250e+01
1.797048587799071129e+02 1.519371414184558944e+01 6.043600082397460938e+01 6.155487823486328125e+01
1.876451072692869957e+02 1.584221649169910506e+01 6.747112274169921875e+01 6.567500305175781250e+01
1.999863471984862144e+02 1.857410049438465194e+01 6.412104034423828125e+01 7.031661224365234375e+01
2.068591117858885582e+02 2.089472198486316756e+01 6.402281951904296875e+01 6.663337707519531250e+01
2.100338344573973473e+02 2.720529174804676131e+01 6.277157974243164062e+01 6.556570434570312500e+01
2.117290687561034019e+02 3.170482254028308944e+01 6.104456329345703125e+01 6.442409515380859375e+01
2.108000907897948082e+02 3.686581039428699569e+01 6.327896881103515625e+01 6.811997222900390625e+01
2.133895778656004723e+02 4.275633049011219100e+01 6.110573196411132812e+01 6.342584609985351562e+01
2.134189376831053551e+02 4.709417724609363631e+01 6.104446411132812500e+01 6.583941650390625000e+01
2.127768611907957848e+02 4.903007316589344100e+01 6.050952529907226562e+01 6.375360488891601562e+01
2.106968078613280113e+02 5.371847534179674710e+01 6.271234130859375000e+01 6.287301635742187500e+01
2.075885505676268394e+02 5.454888153076159085e+01 6.469721221923828125e+01 6.797779846191406250e+01
2.066874504089354332e+02 5.333954238891588773e+01 6.297768402099609375e+01 6.773101043701171875e+01
2.066750259399412926e+02 5.624964141845690335e+01 6.133178710937500000e+01 6.545829772949218750e+01
2.049358749389647301e+02 5.597650146484362210e+01 6.151391601562500000e+01 6.613752746582031250e+01
2.016150341033934410e+02 5.725337600707995023e+01 6.073013687133789062e+01 6.479770660400390625e+01
1.997095813751219566e+02 5.814706039428698148e+01 6.065618515014648438e+01 6.522270965576171875e+01
1.957348403930662926e+02 5.761033248901354398e+01 5.946154785156250000e+01 6.651551055908203125e+01
1.919061489105223473e+02 5.704163742065416898e+01 5.968385696411132812e+01 6.635541534423828125e+01
1.883663768768309410e+02 5.515088653564440335e+01 5.857580947875976562e+01 6.719126892089843750e+01
1.864375705718993004e+02 5.224571609497057523e+01 5.812313461303710938e+01 6.527434539794921875e+01
1.845485839843748863e+02 4.903483963012682523e+01 5.702667236328125000e+01 6.341712188720703125e+01
1.836442317962645348e+02 4.345010757446276273e+01 5.717822647094726562e+01 6.392044830322265625e+01
1.827667350769041832e+02 4.015433502197252835e+01 5.989426422119140625e+01 6.530990600585937500e+01
1.810805912017821129e+02 3.657274246215807523e+01 6.288084030151367188e+01 6.575023651123046875e+01
1.825718994140623863e+02 3.344890975952135648e+01 5.792398071289062500e+01 6.470555877685546875e+01
1.838323707580565269e+02 3.042973327636707381e+01 6.044884490966796875e+01 6.448274230957031250e+01
1.849005928039549644e+02 2.667681121826160506e+01 5.899671173095703125e+01 6.360002136230468750e+01
1.876320209503172691e+02 2.661775588989247865e+01 5.838662338256835938e+01 5.984140777587890625e+01
1.881498699188231285e+02 2.496498680114734725e+01 5.578439712524414062e+01 6.022813796997070312e+01
1.877160873413084801e+02 2.264609909057605819e+01 5.719546508789062500e+01 6.162841033935546875e+01
1.886517887115477379e+02 2.198191833496082381e+01 5.675957870483398438e+01 5.961875915527343750e+01
1.871143207550047691e+02 2.013230705261219100e+01 5.754384994506835938e+01 6.026651382446289062e+01
1.871008872985838707e+02 1.634231948852527694e+01 5.501508331298828125e+01 6.289527130126953125e+01
1.861742439270018394e+02 1.424541282653797225e+01 5.464380645751953125e+01 6.206212234497070312e+01
1.859221744537352379e+02 1.275657081603992538e+01 5.503223800659179688e+01 6.174860763549804688e+01
1.846168670654295738e+02 1.149359512329091615e+01 5.708172607421875000e+01 6.073876190185546875e+01
1.834461936950682457e+02 1.068252944946279115e+01 5.708954620361328125e+01 5.984029388427734375e+01
1.807396583557127769e+02 9.340702056884680360e+00 5.670471954345703125e+01 5.982204437255859375e+01
1.774226360321043785e+02 9.183795928954992860e+00 5.577009963989257812e+01 6.055249786376953125e+01
1.735280265808104332e+02 1.023901748657218036e+01 5.673473358154296875e+01 5.719846343994140625e+01
1.709802646636961754e+02 1.055817222595206317e+01 5.652344894409179688e+01 5.756743240356445312e+01
1.675062408447264488e+02 1.022622299194327411e+01 5.586898803710937500e+01 5.847402191162109375e+01
1.643437480926512535e+02 9.844020843505774110e+00 5.661130142211914062e+01 6.123253631591796875e+01
1.607673587799071129e+02 1.023104476928702411e+01 5.687588119506835938e+01 6.064110565185546875e+01
1.573803195953368004e+02 1.092698860168448505e+01 5.602079391479492188e+01 5.903417587280273438e+01
1.532276782989500816e+02 1.072301864624014911e+01 5.683562850952148438e+01 6.004419708251953125e+01
1.493870506286619957e+02 1.162030982971184301e+01 5.676920318603515625e+01 5.928773117065429688e+01
1.456028099060057457e+02 1.339201164245598363e+01 5.771419525146484375e+01 5.658334732055664062e+01
1.402079582214354332e+02 1.315584373474113988e+01 5.769338226318359375e+01 5.979442214965820312e+01
1.345332489013670738e+02 1.314474105834953832e+01 6.035977172851562500e+01 5.986042022705078125e+01
1.318195285797118004e+02 1.382958412170403051e+01 6.291703414916992188e+01 6.226275253295898438e+01
1.294585113525389488e+02 1.520865440368645238e+01 6.135552978515625000e+01 6.317311477661132812e+01
1.270585365295409019e+02 1.538107872009270238e+01 6.408333587646484375e+01 6.370128250122070312e+01
1.266986827850340660e+02 1.580316162109367895e+01 6.150995254516601562e+01 6.251235961914062500e+01
1.235087566375731285e+02 1.563957405090323505e+01 5.881116104125976562e+01 6.203254318237304688e+01
1.196075763702391441e+02 1.618719100952139911e+01 6.135535812377929688e+01 6.246361541748046875e+01
1.163332176208494957e+02 1.667308807373038348e+01 6.075565338134765625e+01 6.310848999023437500e+01
1.131116046905516441e+02 1.711777496337882098e+01 6.113792037963867188e+01 6.271218872070312500e+01
1.104499015808104332e+02 1.862714958190909442e+01 5.950116729736328125e+01 6.212074661254882812e+01
1.077457828521727379e+02 1.797030830383292255e+01 6.022748947143554688e+01 6.273157882690429688e+01
1.067171039581297691e+02 2.202876472473137426e+01 5.681960678100585938e+01 6.031432723999023438e+01
1.050813045501707848e+02 2.310612487792961645e+01 5.847938919067382812e+01 5.928973388671875000e+01
1.039732990264891441e+02 2.395629119873039770e+01 5.894981002807617188e+01 6.008438110351562500e+01
1.006793060302733238e+02 2.674014472961417255e+01 5.763957214355468750e+01 5.766679000854492188e+01
9.682137870788562850e+01 2.664512825012198505e+01 6.078119277954101562e+01 6.017712020874023438e+01
9.451511192321765975e+01 2.723312568664542255e+01 6.139075088500976562e+01 5.841685104370117188e+01
9.049658584594715194e+01 2.876633071899405536e+01 6.254383087158203125e+01 5.857314300537109375e+01
8.938435363769521302e+01 2.835155105590813207e+01 6.035124206542967329e+01 5.930754852294921875e+01
8.686388206481922225e+01 2.955215072631828832e+01 6.207939529418945312e+01 5.878444671630859375e+01
8.518301963806140975e+01 2.893664360046379613e+01 6.336653518676757812e+01 6.135997390747070312e+01
8.455207824707019881e+01 2.914845275878899145e+01 6.463272094726562500e+01 6.462052917480468750e+01
8.499806594848621444e+01 3.034008407592766332e+01 6.490483856201171875e+01 6.318923187255859375e+01
8.382043075561512069e+01 3.122130012512199926e+01 6.476871490478515625e+01 6.384791183471679688e+01
8.353401947021473006e+01 3.164730834960930395e+01 6.405635070800781250e+01 6.320109558105468750e+01
8.105562210082996444e+01 3.079802703857414770e+01 6.650659942626953125e+01 6.764202880859375000e+01
7.968848037719715194e+01 3.605762672424309301e+01 6.588367462158203125e+01 6.245382308959960938e+01
7.842758560180652694e+01 3.553764343261711645e+01 6.574837493896484375e+01 6.454917907714843750e+01
7.658551025390613631e+01 3.713449096679680395e+01 6.613479614257812500e+01 6.597944641113281250e+01
7.469073867797840194e+01 3.841431045532219457e+01 6.696117401123046875e+01 6.668512725830078125e+01
7.378392028808582381e+01 3.992243957519524145e+01 6.782055664062500000e+01 6.724382019042968750e+01
7.204989242553699569e+01 4.087793350219719457e+01 6.605118560791015625e+01 6.711704254150390625e+01
6.887712860107410506e+01 4.254981231689446020e+01 6.716569519042968750e+01 6.610855102539062500e+01
6.648350906372058944e+01 4.327280807495110082e+01 6.757851409912109375e+01 6.618987274169921875e+01
6.411257171630848006e+01 4.356143951416008520e+01 6.804737854003906250e+01 6.668688964843750000e+01
6.236327362060535506e+01 4.404133224487297582e+01 6.870942687988281250e+01 6.553017425537109375e+01
6.046875381469715194e+01 4.519555282592766332e+01 7.142076873779296875e+01 6.449895477294921875e+01
5.953920364379871444e+01 4.594733047485344457e+01 7.222142791748046875e+01 6.456964874267578125e+01
5.923264694213855819e+01 4.752378463745110082e+01 7.312979888916015625e+01 6.374114227294921875e+01
6.060183715820301131e+01 4.873310852050774145e+01 7.309109497070312500e+01 6.302848815917968750e+01
6.232024383544910506e+01 4.918305206298821020e+01 7.021870422363281250e+01 6.299404907226562500e+01
6.258207321166980819e+01 5.039754867553703832e+01 6.898365020751953125e+01 6.490666961669921875e+01
6.148209762573230819e+01 5.115261077880852270e+01 6.961832427978515625e+01 6.441809082031250000e+01
5.958222961425769881e+01 5.182148933410637426e+01 6.628433227539062500e+01 6.383042526245117188e+01
5.586184310913074569e+01 5.198036193847649145e+01 6.574710845947265625e+01 6.227980041503906250e+01
5.111614990234363631e+01 4.923683929443352270e+01 6.741496276855468750e+01 6.371609497070312500e+01
5.014276885986316756e+01 4.529580688476555395e+01 6.638305664062500000e+01 6.479252624511718750e+01
4.840351104736316756e+01 4.332554244995110082e+01 6.768893432617187500e+01 6.280019378662109375e+01
4.808636474609363631e+01 3.963823318481438207e+01 6.496055603027343750e+01 6.196532440185546875e+01
4.701808547973621444e+01 3.586939048767082738e+01 6.717047882080078125e+01 6.036763381958007812e+01
4.720156478881824569e+01 3.180090904235832738e+01 6.652921295166015625e+01 6.110335159301757812e+01
4.537299346923816756e+01 3.023639678955071020e+01 6.800651550292968750e+01 6.044580078125000000e+01
4.411409759521473006e+01 2.993595886230461645e+01 6.962931823730468750e+01 5.892071533203125000e+01
4.466018676757801131e+01 2.647729682922356176e+01 6.723561096191406250e+01 5.962670516967773438e+01
4.451353073120105819e+01 2.445468902587883520e+01 6.852837371826171875e+01 5.967758178710937500e+01
4.295871353149402694e+01 2.257584190368645238e+01 6.574033355712890625e+01 5.890694046020507812e+01
4.131399917602526273e+01 1.865575408935538348e+01 6.674411773681640625e+01 5.863992309570312500e+01
3.956325531005846585e+01 1.874043655395499286e+01 6.748725891113281250e+01 5.845453643798828125e+01
3.908084869384752835e+01 1.452006912231436786e+01 6.672378540039062500e+01 5.791381072998046875e+01
3.805083847045884227e+01 1.209568023681630677e+01 6.673053741455078125e+01 5.859907531738281250e+01
3.708795547485337352e+01 8.438972473144431774e+00 6.772527313232421875e+01 6.023605346679687500e+01
3.762117385864243602e+01 6.814664840698142712e+00 6.610364532470703125e+01 5.946548843383789062e+01
3.803519439697251414e+01 4.966758728027244274e+00 6.654998779296875000e+01 5.882283020019531250e+01
3.940984344482407664e+01 3.771995544433494274e+00 6.648210144042968750e+01 5.861891174316406250e+01
4.100264739990220164e+01 3.387668609619041149e+00 6.869892883300781250e+01 5.698252105712890625e+01
4.275834655761704539e+01 4.789981842040020865e-01 6.981726074218750000e+01 5.721317672729492188e+01
4.485265731811507806e+01 0.000000000000000000e+00 6.932147979736328125e+01 5.439902687072742538e+01
4.329003906249985789e+01 0.000000000000000000e+00 6.912976074218750000e+01 5.382497310638423471e+01
4.664902496337876414e+01 0.000000000000000000e+00 6.757191467285156250e+01 5.160650777816769619e+01
4.861394500732406243e+01 0.000000000000000000e+00 6.675605773925781250e+01 5.196930003166195888e+01
5.003488159179671868e+01 0.000000000000000000e+00 6.708142089843750000e+01 4.907136380672453413e+01
4.969813156127914056e+01 0.000000000000000000e+00 6.859485626220703125e+01 4.719069975614547729e+01
5.155629730224593743e+01 0.000000000000000000e+00 6.606764221191406250e+01 4.568143424391746521e+01
5.081311798095687493e+01 0.000000000000000000e+00 6.692164611816406250e+01 4.744920329749584198e+01
5.292568206787093743e+01 0.000000000000000000e+00 6.488331604003906250e+01 4.529448308795690536e+01
5.325806999206527337e+01 0.000000000000000000e+00 6.362211990356445312e+01 4.746066851541399956e+01
5.618745422363265618e+01 0.000000000000000000e+00 6.593894958496093750e+01 4.797513673268258572e+01
5.878601455688460931e+01 0.000000000000000000e+00 6.348314666748046875e+01 5.045922325830906630e+01
6.281508636474595164e+01 0.000000000000000000e+00 6.465589904785156250e+01 5.146027683606372705e+01
6.634006309509263133e+01 0.000000000000000000e+00 6.156807327270507812e+01 5.531031191046349704e+01
7.021374320983873929e+01 0.000000000000000000e+00 6.126472854614259234e+01 5.673612099734602054e+01
7.359838104248035506e+01 0.000000000000000000e+00 6.203877258300781250e+01 5.858281269593862817e+01
7.623619461059558944e+01 0.000000000000000000e+00 6.203609466552734375e+01 6.177125330231501721e+01
7.941799736022937850e+01 0.000000000000000000e+00 6.021905899047851562e+01 6.185665784012235235e+01
8.093972587585439271e+01 0.000000000000000000e+00 6.018004226684568891e+01 6.490333883827408101e+01
8.230091094970691756e+01 1.156804764596017776e+00 5.943542480468750000e+01 6.656703948974609375e+01
8.366814994812000350e+01 3.050580704537424026e+00 5.670232009887695312e+01 6.562841033935546875e+01
8.404238891601552552e+01 4.659539902535485112e+00 5.668980407714842329e+01 6.637168884277343750e+01
8.405905914306630677e+01 6.100404465523780573e+00 5.831327819824217329e+01 6.585678100585937500e+01
8.452506828308094100e+01 7.247686112252296198e+00 5.941188430786132812e+01 6.601641082763671875e+01
8.478480339050281600e+01 8.149354660836280573e+00 6.058028030395507812e+01 6.709173583984375000e+01
8.748533248901355819e+01 9.372892105904639948e+00 5.711983489990234375e+01 6.349135589599609375e+01
8.817778778076160506e+01 1.115524073871713995e+01 5.788330078125000000e+01 6.484374237060546875e+01
9.006389999389638490e+01 1.351526995929820885e+01 5.730806732177732954e+01 6.093296432495117188e+01
9.087279891967760648e+01 1.741839190754038214e+01 5.608271026611329546e+01 5.982232284545898438e+01
9.369469451904285506e+01 1.910533877643686651e+01 5.594419860839843750e+01 5.992972183227539062e+01
9.538901710510242538e+01 2.026586886676889776e+01 5.877448654174804688e+01 6.020268630981445312e+01
9.897155380249012069e+01 2.176928492817026495e+01 5.880590057373046875e+01 5.731174468994140625e+01
1.005574321746825035e+02 2.387919970783335089e+01 5.902995681762695312e+01 5.650483322143554688e+01
1.020991401672362144e+02 2.537339946064096807e+01 5.934653472900390625e+01 5.735195922851562500e+01
1.029082927703856285e+02 2.631770488056285728e+01 5.885614395141601562e+01 5.713839721679687500e+01
1.055609092712401207e+02 2.808536692890270103e+01 5.674137115478515625e+01 5.614440917968750000e+01
1.046890106201170738e+02 2.851724406513316978e+01 5.782760620117187500e+01 6.066950988769531250e+01
1.071227397918700035e+02 3.248203440937143682e+01 5.734601211547851562e+01 5.688270568847656250e+01
1.078227901458739098e+02 3.475494738849741339e+01 5.821281814575195312e+01 5.842235946655273438e+01
1.076535549163817223e+02 3.682140704425914635e+01 5.950329971313476562e+01 5.998827743530273438e+01
1.093609676361082848e+02 3.794267054828745245e+01 5.975703811645507812e+01 6.377442169189453125e+01
1.115779647827147301e+02 3.941096278461557745e+01 6.112641906738281250e+01 6.551842498779296875e+01
1.142078838348387535e+02 4.147077342304331182e+01 6.185690689086914062e+01 6.519897460937500000e+01
1.148372554779051598e+02 4.251738902362924932e+01 5.881081008911132812e+01 6.698678588867187500e+01
1.174669399261473473e+02 4.444281932148081182e+01 6.258833694458007812e+01 6.635780334472656250e+01
1.171946182250975426e+02 4.686795588764292120e+01 5.851422119140625000e+01 6.488253021240234375e+01
1.198800163269041832e+02 4.849236079486948370e+01 6.147000885009765625e+01 6.634363555908203125e+01
1.208064193725584801e+02 5.110707637104135870e+01 5.704176330566406250e+01 6.476721954345703125e+01
1.243898830413817223e+02 5.049233790668588995e+01 6.048395156860351562e+01 6.869425201416015625e+01
1.245996417999266441e+02 5.293545314106088995e+01 5.976404953002929688e+01 6.446280670166015625e+01
1.280543212890623863e+02 5.327166148456673511e+01 5.922583007812500000e+01 6.647824096679687500e+01
1.296873607635496910e+02 5.645079203876595386e+01 6.067113113403320312e+01 6.545668029785156250e+01
1.304757251739500816e+02 5.712584849628547090e+01 5.980405807495117188e+01 6.647259521484375000e+01
1.339394664764403160e+02 5.858254405292608169e+01 5.926097488403320312e+01 6.580755615234375000e+01
1.355280570983885582e+02 6.073947688373662857e+01 5.771343231201171875e+01 6.632042694091796875e+01
1.395367202758787926e+02 6.103390666278936294e+01 5.960311889648437500e+01 6.528697204589843750e+01
1.421261882781981285e+02 6.330890818866826919e+01 5.939349746704101562e+01 6.563243103027345171e+01
1.452817440032957848e+02 6.458016749652961153e+01 5.934541702270507812e+01 6.645490264892578125e+01
1.493974475860594566e+02 6.553968974384406465e+01 5.782891464233398438e+01 6.551454162597656250e+01
1.522293033599852379e+02 6.605472728046515840e+01 5.816541671752929688e+01 6.624237060546875000e+01
1.552986202239989098e+02 6.614619990619756607e+01 5.785139846801757812e+01 6.689311981201173296e+01
1.563579502105711754e+02 6.731577082904912857e+01 6.007180404663085938e+01 6.742885589599610796e+01
1.597784805297850426e+02 6.666034098896125215e+01 6.076007080078125000e+01 6.797128295898437500e+01
1.622701511383055504e+02 6.721634455951789278e+01 5.774721908569335938e+01 6.690343475341796875e+01
1.643409328460692223e+02 6.989669963153936294e+01 5.971077346801757812e+01 6.653558349609376421e+01
1.638774890899657066e+02 6.961922618183233169e+01 5.881357955932617188e+01 6.711410522460938921e+01
1.664808063507078941e+02 7.026586314472297090e+01 6.062611007690429688e+01 6.752223205566406250e+01
1.655755825042723473e+02 7.219278117450812715e+01 5.678337478637695312e+01 6.405957031250000000e+01
1.686265735626219566e+02 7.183771296772101778e+01 5.923209762573242188e+01 6.794289398193359375e+01
1.686618022918700035e+02 7.258759089740851778e+01 5.714744949340820312e+01 6.563108062744140625e+01
1.685586757659910973e+02 7.316383525165657886e+01 5.862877273559570312e+01 6.707078552246092329e+01
1.699069652557371910e+02 7.360437556537726778e+01 5.833668899536132812e+01 6.798268890380859375e+01
1.683583564758299644e+02 7.209677287372687715e+01 5.606899261474609375e+01 6.676463317871093750e+01
1.696502094268797691e+02 7.414138957294564136e+01 6.053986740112304688e+01 6.746293640136717329e+01
1.673923130035399254e+02 7.544410487445929903e+01 5.631153488159179688e+01 6.305255889892578125e+01
1.691072540283201988e+02 7.505568476947881607e+01 5.934472656250000000e+01 6.744240570068360796e+01
1.673371009826659019e+02 7.652524920734504121e+01 5.653096771240234375e+01 6.370215988159179688e+01
1.676849918365477379e+02 7.880590220722297090e+01 5.745211410522460938e+01 6.432147216796875000e+01
1.647283401489256676e+02 8.007083674701789278e+01 5.863113403320312500e+01 6.488002777099609375e+01
1.617822113037108238e+02 8.449958201679328340e+01 5.978968811035156250e+01 5.883102416992187500e+01
1.616432895660399254e+02 8.385295268329718965e+01 6.042928695678710938e+01 6.041017150878906250e+01
1.609933319091795738e+02 8.381458064350226778e+01 6.207955932617187500e+01 5.924454498291015625e+01
1.596474075317381676e+02 8.213678332599739917e+01 6.254118347167968750e+01 6.072562789916990766e+01
1.652871494293211754e+02 8.187405558857062715e+01 5.952311325073242188e+01 5.978445434570312500e+01
1.617058353424071129e+02 8.198207064899541763e+01 6.198319625854492188e+01 6.097348403930665484e+01
1.634958286285399254e+02 8.076610537799935230e+01 5.951513290405273438e+01 6.002704238891600141e+01
1.645035686492918785e+02 7.780673762592414278e+01 6.280220413208007812e+01 6.335761260986328125e+01
1.644819545745848473e+02 7.776471110614873794e+01 6.196951675415039062e+01 5.988085937500001421e+01
1.663982906341551598e+02 7.541173716816047090e+01 6.306607437133789062e+01 6.263313293457031250e+01
1.652767848968504723e+02 7.431772013935187715e+01 6.216176223754882812e+01 6.190512084960937500e+01
1.685146255493162926e+02 7.485473986896612075e+01 5.965736389160156250e+01 6.209740829467774859e+01
1.666503696441649254e+02 7.515211268695929903e+01 6.193873214721679688e+01 6.105062103271484375e+01
1.667636451721190269e+02 7.339415522846321949e+01 6.116320037841796875e+01 6.250870513916014204e+01
1.680282611846922691e+02 7.435294886859992403e+01 6.052047348022460938e+01 6.134360504150390625e+01
1.670150642395018394e+02 7.448532458576300996e+01 6.232152557373046875e+01 6.144601058959960938e+01
1.670284252166746910e+02 7.460154887470343965e+01 6.104372024536132812e+01 6.213526916503906250e+01
1.660240173339842613e+02 7.454733058246711153e+01 6.310099792480468750e+01 6.343221282958984375e+01
1.667071723937987144e+02 7.491043444904425996e+01 6.199881744384765625e+01 6.161599349975585938e+01
1.690512638092039879e+02 7.413445445331672090e+01 6.258285140991210938e+01 6.367143249511718750e+01
1.678252811431883629e+02 7.562999507221319107e+01 5.818912887573242188e+01 6.005666351318360796e+01
1.667999801635741051e+02 7.343694850238897232e+01 6.456501770019531250e+01 6.493256378173829546e+01
1.680787658691405113e+02 7.546909495624640840e+01 5.932131958007812500e+01 5.943778991699218750e+01
1.691383533477782066e+02 7.194674845966437715e+01 6.036227035522460938e+01 6.601475524902343750e+01
1.705506000518797691e+02 7.171928187641240982e+01 5.846418380737304688e+01 6.412944793701173296e+01
1.719729709625243004e+02 6.970574733051400074e+01 5.933802413940429688e+01 6.661396026611326704e+01
1.712838459014891441e+02 6.876145526203254121e+01 5.707886886596679688e+01 6.313790512084960938e+01
1.745352802276610191e+02 6.741796656879523653e+01 5.746627426147460938e+01 6.634763336181640625e+01
1.735854129791258629e+02 6.636021968158820528e+01 5.608666610717773438e+01 6.553737640380859375e+01
1.761542015075682457e+02 6.276006480487923511e+01 5.429148101806640625e+01 6.600346374511717329e+01
1.768899116516112144e+02 6.058519526752570528e+01 5.620073699951171875e+01 6.514163970947265625e+01
1.780256366729735191e+02 5.775069590839486011e+01 5.514756393432617188e+01 6.381826782226562500e+01
1.786251411437987144e+02 5.542600795063118824e+01 5.586542510986328125e+01 6.828444671630859375e+01
1.793375453948973473e+02 5.445054980548958667e+01 5.489696121215820312e+01 6.318949508666992188e+01
1.802922573089598473e+02 5.279348918232064136e+01 5.997645950317382812e+01 6.628027343750000000e+01
1.856016387939451988e+02 5.438370105060675996e+01 5.413021850585937500e+01 6.147736740112304688e+01
1.797357082366942223e+02 5.146114894184211153e+01 5.987082290649414062e+01 6.693636322021484375e+01
1.849521179199217613e+02 5.203214427265265840e+01 5.900440979003906250e+01 6.890704345703125000e+01
1.856816482543944176e+02 5.450399180683234590e+01 5.413687133789062500e+01 5.902555847167968750e+01
1.866201972961424644e+02 5.071285792621712574e+01 5.890836334228515625e+01 6.640857696533203125e+01
1.831081371307371910e+02 5.237141772541146167e+01 5.703862380981445312e+01 6.333088302612304688e+01
1.875643558502196129e+02 4.872284861835579761e+01 5.645319747924804688e+01 6.748089599609375000e+01
1.823930950164793785e+02 4.938748713764290699e+01 5.879741287231445312e+01 6.768379974365234375e+01
1.882346954345701988e+02 4.948399897846320528e+01 5.619502258300781250e+01 6.771668243408203125e+01
1.811412811279295738e+02 4.935967799457648653e+01 6.085189819335937500e+01 6.931833648681640625e+01
1.866318969726561363e+02 5.060307856830695528e+01 5.773617553710937500e+01 6.691884613037109375e+01
1.813789577484129723e+02 4.995511790546514419e+01 6.076503372192382812e+01 6.615765380859375000e+01
1.827258834838866051e+02 5.250293895038701919e+01 5.728422546386718750e+01 6.622094726562500000e+01
1.782840843200682457e+02 5.298463603290655044e+01 5.967850494384765625e+01 6.541699218750000000e+01
1.766435012817381676e+02 5.291376658710576919e+01 5.776800537109375000e+01 6.604606628417968750e+01
1.728717670440672691e+02 5.358408900531865982e+01 5.777108383178710938e+01 6.897986602783203125e+01
1.704736995697020348e+02 5.284789058002567685e+01 5.808552932739257812e+01 7.039400482177734375e+01
1.655407390594481285e+02 5.492389842304325498e+01 5.700999832153320312e+01 6.408332824707031250e+01
1.613746223449705894e+02 5.493667384418583310e+01 6.228731536865234375e+01 6.768563079833984375e+01
1.595604305267332848e+02 5.387223597797489560e+01 6.235823440551757812e+01 6.827867889404296875e+01
1.597798576354979332e+02 5.391288157734012998e+01 6.200418853759765625e+01 6.991394042968750000e+01
1.579099311828612144e+02 5.291640254291630185e+01 6.290639495849609375e+01 7.112287139892578125e+01
1.584876823425291832e+02 5.248447963031864560e+01 6.356949615478515625e+01 7.274678802490234375e+01
1.567843074798582848e+02 5.279878398212528623e+01 6.358360671997070312e+01 7.240440368652343750e+01
1.583138332366942223e+02 5.130398722919559873e+01 6.355437088012695312e+01 7.098713684082031250e+01
1.595299243927000816e+02 5.216381617817020810e+01 6.081936264038085938e+01 6.707753753662109375e+01
1.606759700775145348e+02 5.238247271808720029e+01 6.158635330200195312e+01 6.060062789916992188e+01
1.590032081604002769e+02 5.300910350116826919e+01 6.437419891357421875e+01 6.373168945312500000e+01
1.589836006164549644e+02 5.163472148212530044e+01 6.447176361083984375e+01 6.854335021972656250e+01
1.608396530151366051e+02 4.859928675922490982e+01 6.441349792480468750e+01 6.980263519287109375e+01
