3.670000000000000000e+02 1.770000000000000000e+02 1.700000000000000000e+01 1.700000000000000000e+01
3.662949628829956055e+02 1.758843412399291992e+02 1.709969520568847656e+01 1.688373756408691406e+01
3.665660839080810547e+02 1.765099563598632812e+02 1.742199325561523438e+01 1.667211914062500000e+01
3.664075870513916016e+02 1.764735555648803711e+02 1.708784866333007812e+01 1.666237068176269531e+01
3.661099710464477539e+02 1.760085983276367188e+02 1.751196861267089844e+01 1.681090545654296875e+01
3.659632377624511719e+02 1.759028301239013672e+02 1.745117950439453125e+01 1.692853164672851562e+01
3.656767215728759766e+02 1.758650817871093750e+02 1.700112533569335938e+01 1.727204132080078125e+01
3.651286935806274414e+02 1.759519319534301758e+02 1.738068962097167969e+01 1.698405265808105469e+01
3.656366300582885742e+02 1.759722261428833008e+02 1.692805671691894531e+01 1.681058311462402344e+01
3.651414012908935547e+02 1.763581314086914062e+02 1.724374008178710938e+01 1.702171325683593750e+01
3.649041519165039062e+02 1.764448108673095703e+02 1.774014282226562500e+01 1.686772537231445312e+01
3.641845417022705078e+02 1.752325048446655273e+02 1.759317398071289062e+01 1.783593177795410156e+01
3.644073047637939453e+02 1.752393407821655273e+02 1.755030441284179688e+01 1.733862495422363281e+01
3.641585369110107422e+02 1.761578254699707031e+02 1.749204635620117188e+01 1.716123962402343750e+01
3.636929273605346680e+02 1.757427387237548828e+02 1.746710395812988281e+01 1.737821578979492188e+01
3.639195261001586914e+02 1.765237817764282227e+02 1.765487480163574219e+01 1.748933219909667969e+01
3.635448360443115234e+02 1.754195823669433594e+02 1.762518692016601562e+01 1.775612640380859375e+01
3.626645317077636719e+02 1.752736721038818359e+02 1.795934295654296875e+01 1.793794631958007812e+01
3.623936414718627930e+02 1.760318212509155273e+02 1.758137702941894531e+01 1.756307411193847656e+01
3.620849113464355469e+02 1.762506008148193359e+02 1.824237823486328125e+01 1.763753890991210938e+01
3.621628990173339844e+02 1.759715337753295898e+02 1.835211944580078125e+01 1.758471870422363281e+01
3.619781742095947266e+02 1.753401021957397461e+02 1.848734664916992188e+01 1.793050575256347656e+01
3.616368036270141602e+02 1.755086793899536133e+02 1.795421409606933594e+01 1.800965690612792969e+01
3.610960159301757812e+02 1.747381868362426758e+02 1.859708404541015625e+01 1.845924186706542969e+01
3.612021083831787109e+02 1.759394054412841797e+02 1.842714309692382812e+01 1.797251510620117188e+01
3.609985647201538086e+02 1.759407300949096680e+02 1.875486946105957031e+01 1.806283760070800781e+01
3.611810989379882812e+02 1.753063850402832031e+02 1.853523254394531250e+01 1.859256744384765625e+01
3.607424201965332031e+02 1.752598819732666016e+02 1.851939392089843750e+01 1.858651351928710938e+01
3.599086704254150391e+02 1.750485134124755859e+02 1.861529922485351562e+01 1.888844680786132812e+01
3.600838422775268555e+02 1.756627635955810547e+02 1.891230964660644531e+01 1.839774703979492188e+01
3.599410390853881836e+02 1.754191350936889648e+02 1.903074836730957031e+01 1.885097694396972656e+01
3.601633911132812500e+02 1.749959735870361328e+02 1.904444122314453125e+01 1.884887313842773438e+01
3.591757793426513672e+02 1.755511445999145508e+02 1.843062973022460938e+01 1.875842094421386719e+01
3.587736797332763672e+02 1.757877464294433594e+02 1.910129928588867188e+01 1.845922851562500000e+01
3.589779825210571289e+02 1.752283792495727539e+02 1.887027549743652344e+01 1.855043601989746094e+01
3.586274423599243164e+02 1.751810560226440430e+02 1.870039939880371094e+01 1.873346138000488281e+01
3.585798463821411133e+02 1.752433528900146484e+02 1.926215934753417969e+01 1.869330978393554688e+01
3.584941139221191406e+02 1.742751827239990234e+02 1.900645446777343750e+01 1.924528121948242188e+01
3.580453901290893555e+02 1.751054906845092773e+02 1.968015480041503906e+01 1.911676216125488281e+01
3.575126552581787109e+02 1.742281217575073242e+02 1.963380050659179688e+01 1.977959632873535156e+01
3.568212394714355469e+02 1.741711454391479492e+02 2.011808013916015625e+01 1.962109565734863281e+01
3.568062810897827148e+02 1.746635618209838867e+02 1.976342964172363281e+01 1.944549751281738281e+01
3.570929212570190430e+02 1.746397066116333008e+02 1.957133674621582031e+01 1.902891349792480469e+01
3.563971347808837891e+02 1.747509593963623047e+02 1.939202499389648438e+01 1.908753585815429688e+01
3.560524024963378906e+02 1.744588565826416016e+02 1.944217681884765625e+01 1.919032669067382812e+01
3.560328836441040039e+02 1.746480121612548828e+02 1.977885246276855469e+01 1.927508926391601562e+01
3.562384138107299805e+02 1.746365604400634766e+02 2.029999732971191406e+01 1.899449539184570312e+01
3.557629394531250000e+02 1.743195581436157227e+02 1.984424591064453125e+01 1.912338829040527344e+01
3.551268434524536133e+02 1.743485469818115234e+02 2.055988121032714844e+01 1.945936203002929688e+01
3.549605064392089844e+02 1.738868827819824219e+02 2.107724761962890625e+01 1.961785888671875000e+01
3.547428398132324219e+02 1.738074131011962891e+02 2.137485504150390625e+01 2.008053207397460938e+01
3.542008171081542969e+02 1.742352371215820312e+02 2.087657165527343750e+01 1.992417144775390625e+01
3.538540544509887695e+02 1.741899328231811523e+02 2.118926811218261719e+01 2.021257209777832031e+01
3.538551673889160156e+02 1.737030220031738281e+02 2.105458831787109375e+01 2.014131927490234375e+01
3.532286100387573242e+02 1.740827274322509766e+02 2.084564399719238281e+01 2.035216140747070312e+01
3.533808708190917969e+02 1.730723075866699219e+02 2.117119598388671875e+01 2.091976928710937500e+01
3.535381231307983398e+02 1.730512371063232422e+02 2.125923347473144531e+01 2.084804153442382812e+01
3.520582408905029297e+02 1.722542181015014648e+02 2.137149429321289062e+01 2.173537635803222656e+01
3.520379991531372070e+02 1.717258901596069336e+02 2.199585533142089844e+01 2.202691078186035156e+01
3.514397935867309570e+02 1.735080089569091797e+02 2.133487510681152344e+01 2.096680831909179688e+01
3.511433773040771484e+02 1.720651006698608398e+02 2.195564651489257812e+01 2.246218299865722656e+01
3.507270526885986328e+02 1.718292474746704102e+02 2.158852005004882812e+01 2.249176597595214844e+01
3.505659523010253906e+02 1.715878334045410156e+02 2.214701843261718750e+01 2.237902069091796875e+01
3.501606664657592773e+02 1.717984237670898438e+02 2.180668067932128906e+01 2.254203796386718750e+01
3.493927850723266602e+02 1.716715335845947266e+02 2.322503471374511719e+01 2.257860946655273438e+01
3.495763244628906250e+02 1.721299371719360352e+02 2.272360229492187500e+01 2.246204185485839844e+01
3.499705991744995117e+02 1.716035127639770508e+02 2.266036415100097656e+01 2.304433250427246094e+01
3.495298089981079102e+02 1.719515314102172852e+02 2.228969383239746094e+01 2.280550956726074219e+01
3.493459110260009766e+02 1.717021446228027344e+02 2.220539474487304688e+01 2.293505859375000000e+01
3.485821866989135742e+02 1.708175325393676758e+02 2.328878211975097656e+01 2.385766410827636719e+01
3.482270994186401367e+02 1.721539764404296875e+02 2.247688484191894531e+01 2.298868560791015625e+01
3.480161256790161133e+02 1.712976369857788086e+02 2.330601310729980469e+01 2.364537239074707031e+01
3.475936326980590820e+02 1.709643487930297852e+02 2.327065086364746094e+01 2.399689292907714844e+01
3.470067529678344727e+02 1.712996158599853516e+02 2.326906394958496094e+01 2.392645645141601562e+01
3.470978145599365234e+02 1.709322032928466797e+02 2.367965316772460938e+01 2.360501480102539062e+01
3.466982870101928711e+02 1.710344476699829102e+02 2.386240577697753906e+01 2.365061759948730469e+01
3.456556835174560547e+02 1.706665506362915039e+02 2.410193252563476562e+01 2.423151969909667969e+01
3.456920080184936523e+02 1.715890111923217773e+02 2.411560249328613281e+01 2.367195320129394531e+01
3.450182695388793945e+02 1.711914539337158203e+02 2.388118553161621094e+01 2.460978317260742188e+01
3.449172697067260742e+02 1.707660188674926758e+02 2.526188087463378906e+01 2.411040306091308594e+01
3.442835712432861328e+02 1.713579568862915039e+02 2.458254623413085938e+01 2.408877372741699219e+01
3.432679681777954102e+02 1.706360301971435547e+02 2.486347007751464844e+01 2.487164688110351562e+01
3.425219163894653320e+02 1.696653861999511719e+02 2.528613853454589844e+01 2.583589935302734375e+01
3.423519544601440430e+02 1.701992073059082031e+02 2.544565773010253906e+01 2.534213256835937500e+01
3.422647314071655273e+02 1.705048646926879883e+02 2.515296363830566406e+01 2.422826957702636719e+01
3.419464216232299805e+02 1.705187025070190430e+02 2.572060585021972656e+01 2.496326637268066406e+01
3.406851425170898438e+02 1.706593990325927734e+02 2.676913452148437500e+01 2.484679031372070312e+01
3.405310239791870117e+02 1.707135305404663086e+02 2.579299354553222656e+01 2.498857307434082031e+01
3.397686195373535156e+02 1.705934638977050781e+02 2.682357025146484375e+01 2.458216857910156250e+01
3.390746726989746094e+02 1.698589334487915039e+02 2.642378234863281250e+01 2.620146751403808594e+01
3.382637367248535156e+02 1.699518499374389648e+02 2.782612609863281250e+01 2.550962257385253906e+01
3.377400121688842773e+02 1.702387428283691406e+02 2.620477485656738281e+01 2.549723052978515625e+01
3.366505336761474609e+02 1.701412410736083984e+02 2.572282028198242188e+01 2.460974502563476562e+01
3.358957214355468750e+02 1.694496564865112305e+02 2.809571075439453125e+01 2.588442420959472656e+01
3.364018745422363281e+02 1.704585351943969727e+02 2.522760009765625000e+01 2.512409019470214844e+01
3.334272270202636719e+02 1.692378435134887695e+02 2.891927337646484375e+01 2.503642082214355469e+01
3.339992265701293945e+02 1.697378110885620117e+02 2.757809257507324219e+01 2.534736824035644531e+01
3.339033527374267578e+02 1.707132673263549805e+02 2.658172225952148438e+01 2.472245979309082031e+01
3.333269577026367188e+02 1.681856784820556641e+02 2.895877075195312500e+01 2.646848678588867188e+01
3.330617465972900391e+02 1.688746681213378906e+02 2.776915359497070312e+01 2.630508422851562500e+01
3.319353017807006836e+02 1.685134725570678711e+02 2.742537879943847656e+01 2.571087074279785156e+01
3.311157455444335938e+02 1.694044570922851562e+02 2.886030578613281250e+01 2.655001068115234375e+01
3.311009140014648438e+02 1.689076213836669922e+02 2.776877593994140625e+01 2.503761672973632812e+01
3.306374769210815430e+02 1.695922708511352539e+02 2.708561134338378906e+01 2.577068901062011719e+01
3.322221288681030273e+02 1.689239244461059570e+02 2.505961799621582031e+01 2.516541862487792969e+01
3.321146659851074219e+02 1.687497959136962891e+02 2.701132202148437500e+01 2.652222061157226562e+01
3.303483533859252930e+02 1.695876903533935547e+02 2.904953956604003906e+01 2.401771926879882812e+01
3.294907150268554688e+02 1.693026618957519531e+02 2.664212799072265625e+01 2.417803955078125000e+01
3.263325672149658203e+02 1.696198501586914062e+02 3.100338363647460938e+01 2.442366027832031250e+01
3.251365022659301758e+02 1.692399301528930664e+02 2.540788841247558594e+01 2.354296684265136719e+01
3.225638351440429688e+02 1.698999719619750977e+02 2.510805511474609375e+01 2.473161125183105469e+01
3.221534900665283203e+02 1.697203769683837891e+02 2.668045425415039062e+01 2.670414352416992188e+01
3.217184619903564453e+02 1.678848333358764648e+02 2.697197341918945312e+01 2.872202491760253906e+01
3.204031381607055664e+02 1.691976156234741211e+02 2.895027732849121094e+01 2.786982917785644531e+01
3.190906143188476562e+02 1.676958351135253906e+02 2.870432281494140625e+01 3.021942901611328125e+01
3.197392692565917969e+02 1.684131088256835938e+02 2.613191223144531250e+01 2.793132781982421875e+01
3.178899488449096680e+02 1.684640750885009766e+02 2.747525978088378906e+01 2.782481002807617188e+01
3.174214515686035156e+02 1.671556682586669922e+02 2.705356597900390625e+01 2.953882980346679688e+01
3.164215745925903320e+02 1.670373744964599609e+02 2.838364219665527344e+01 2.996300888061523438e+01
3.158140363693237305e+02 1.666761703491210938e+02 2.837134742736816406e+01 2.907971954345703125e+01
3.149911623001098633e+02 1.678528261184692383e+02 3.003131675720214844e+01 2.722595787048339844e+01
3.131836223602294922e+02 1.677903861999511719e+02 3.077882766723632812e+01 2.764777374267578125e+01
3.131098356246948242e+02 1.674816341400146484e+02 3.150322151184082031e+01 2.906086349487304688e+01
3.117395381927490234e+02 1.673950252532958984e+02 3.077680587768554688e+01 3.070612716674804688e+01
3.104962434768676758e+02 1.668963222503662109e+02 3.055080223083496094e+01 3.112615585327148438e+01
3.097059574127197266e+02 1.666830215454101562e+02 3.121639633178710938e+01 3.221183776855468750e+01
3.084271888732910156e+02 1.653882007598876953e+02 3.159523773193359375e+01 3.297491836547851562e+01
3.075402460098266602e+02 1.652571811676025391e+02 3.117197990417480469e+01 3.264329910278320312e+01
3.057038955688476562e+02 1.652305374145507812e+02 3.306754302978515625e+01 3.262913513183593750e+01
3.048525981903076172e+02 1.640044784545898438e+02 3.549757003784179688e+01 3.404618835449218750e+01
3.026444892883300781e+02 1.656533527374267578e+02 3.626164245605468750e+01 3.258565902709960938e+01
3.023866672515869141e+02 1.644851112365722656e+02 3.835826492309570312e+01 3.304936981201171875e+01
3.011657562255859375e+02 1.641662845611572266e+02 3.864325714111328125e+01 3.321522140502929688e+01
2.999412631988525391e+02 1.650384902954101562e+02 3.994986343383789062e+01 3.259234619140625000e+01
2.991719512939453125e+02 1.643599967956542969e+02 3.914177703857421875e+01 3.355333709716796875e+01
2.986040191650390625e+02 1.634943981170654297e+02 3.717005157470703125e+01 3.515999221801757812e+01
2.974229164123535156e+02 1.641466999053955078e+02 3.773271179199218750e+01 3.416048812866210938e+01
2.966633529663085938e+02 1.646221866607666016e+02 4.033037567138671875e+01 3.366259384155273438e+01
2.943727893829345703e+02 1.638970260620117188e+02 3.624180984497070312e+01 3.510423278808593750e+01
2.942473220825195312e+02 1.622358245849609375e+02 4.076287078857421875e+01 3.731625366210937500e+01
2.927586479187011719e+02 1.639391746520996094e+02 4.378015136718750000e+01 3.615888214111328125e+01
2.913992252349853516e+02 1.638563899993896484e+02 3.362331008911132812e+01 3.490367507934570312e+01
2.912251892089843750e+02 1.635860195159912109e+02 3.773114776611328125e+01 3.634392166137695312e+01
2.881180038452148438e+02 1.641235103607177734e+02 4.001982879638671875e+01 3.563275527954101562e+01
2.878223876953125000e+02 1.619688587188720703e+02 4.685063934326171875e+01 3.827392196655273438e+01
2.867955932617187500e+02 1.629880981445312500e+02 3.708361053466796875e+01 3.662805175781250000e+01
2.852671604156494141e+02 1.617266178131103516e+02 4.702969741821289062e+01 3.882496261596679688e+01
2.845134372711181641e+02 1.599157066345214844e+02 4.414766311645507812e+01 4.025659942626953125e+01
2.834052276611328125e+02 1.606690101623535156e+02 4.478305816650390625e+01 3.830237579345703125e+01
2.808766937255859375e+02 1.603419227600097656e+02 4.517989349365234375e+01 3.752184295654296875e+01
2.785444984436035156e+02 1.600554656982421875e+02 4.816108703613281250e+01 3.835627746582031250e+01
2.774293346405029297e+02 1.618075523376464844e+02 4.550474166870117188e+01 3.791286468505859375e+01
2.769794960021972656e+02 1.597172107696533203e+02 5.084497070312500000e+01 4.227003097534179688e+01
2.767054405212402344e+02 1.578605365753173828e+02 4.740605163574218750e+01 4.427328109741210938e+01
2.748435802459716797e+02 1.592501735687255859e+02 4.947584152221679688e+01 4.198665237426757812e+01
2.722486534118652344e+02 1.583508529663085938e+02 4.728422546386718750e+01 4.357124328613281250e+01
2.700250530242919922e+02 1.587952404022216797e+02 5.347069931030273438e+01 4.332243728637695312e+01
2.685739231109619141e+02 1.595912666320800781e+02 5.295843887329101562e+01 4.297220611572265625e+01
2.667490768432617188e+02 1.578487262725830078e+02 5.578433990478515625e+01 4.541286849975585938e+01
2.646017475128173828e+02 1.555329627990722656e+02 5.680748367309570312e+01 4.792673492431640625e+01
2.622156352996826172e+02 1.566477050781250000e+02 5.775324630737304688e+01 4.728157043457031250e+01
2.611703224182128906e+02 1.556101627349853516e+02 5.555210876464843750e+01 4.793420028686523438e+01
2.597976016998291016e+02 1.565019836425781250e+02 5.730701065063476562e+01 4.747819519042968750e+01
2.567669239044189453e+02 1.546650638580322266e+02 6.010774612426757812e+01 4.887075424194335938e+01
2.542404727935791016e+02 1.559633560180664062e+02 6.274994277954101562e+01 4.864935302734375000e+01
2.525289726257324219e+02 1.543151569366455078e+02 6.255062866210937500e+01 5.154612350463867188e+01
2.497531013488769531e+02 1.547607898712158203e+02 6.553570556640625000e+01 5.089281845092773438e+01
2.474880294799804688e+02 1.541018161773681641e+02 6.710807037353515625e+01 5.255384445190429688e+01
2.465316963195800781e+02 1.524930858612060547e+02 6.661955261230468750e+01 5.478021621704101562e+01
2.434297714233398438e+02 1.530465946197509766e+02 6.866571807861328125e+01 5.377489852905273438e+01
2.414048194885253906e+02 1.513273143768310547e+02 6.999076843261718750e+01 5.533790969848632812e+01
2.389532470703125000e+02 1.530797424316406250e+02 7.071076202392578125e+01 5.377140808105468750e+01
2.355076789855957031e+02 1.490582294464111328e+02 7.375569152832031250e+01 5.844092941284179688e+01
2.323215255737304688e+02 1.509570808410644531e+02 7.431925201416015625e+01 5.538553619384765625e+01
2.299660034179687500e+02 1.509668083190917969e+02 7.542560577392578125e+01 5.694713592529296875e+01
2.273190193176269531e+02 1.508293838500976562e+02 7.729641723632812500e+01 5.669918823242187500e+01
2.247731437683105469e+02 1.493650245666503906e+02 7.849888610839843750e+01 5.884351348876953125e+01
2.212576599121093750e+02 1.467456512451171875e+02 8.127918243408203125e+01 6.156950378417968750e+01
2.180466842651367188e+02 1.469152050018310547e+02 8.224684906005859375e+01 6.163859939575195312e+01
2.127831230163574219e+02 1.447642250061035156e+02 8.716001892089843750e+01 6.411472320556640625e+01
2.107828750610351562e+02 1.459465198516845703e+02 8.716039276123046875e+01 6.188764572143554688e+01
2.049631423950195312e+02 1.467296905517578125e+02 9.003969573974609375e+01 6.253086853027343750e+01
2.009233016967773438e+02 1.483693008422851562e+02 9.296764373779296875e+01 6.243252563476562500e+01
1.955611419677734375e+02 1.473247413635253906e+02 9.574216461181640625e+01 6.220407867431640625e+01
1.940676879882812500e+02 1.471979961395263672e+02 9.551044464111328125e+01 6.322108840942382812e+01
1.890743980407714844e+02 1.465336933135986328e+02 1.001088104248046875e+02 6.388169479370117188e+01
1.835859222412109375e+02 1.464808006286621094e+02 1.031778030395507812e+02 6.496013641357421875e+01
1.788411598205566406e+02 1.451016654968261719e+02 1.056184997558593750e+02 6.707292938232421875e+01
1.755751838684082031e+02 1.438364791870117188e+02 1.073118896484375000e+02 6.855767822265625000e+01
1.714278182983398438e+02 1.440823326110839844e+02 1.086473312377929688e+02 6.885808563232421875e+01
1.637564582824707031e+02 1.413283996582031250e+02 1.120513610839843750e+02 7.272267150878906250e+01
1.573726844787597656e+02 1.409743843078613281e+02 1.155805053710937500e+02 7.229544830322265625e+01
1.549468383789062500e+02 1.416910858154296875e+02 1.175323257446289062e+02 7.278504943847656250e+01
1.481477088928222656e+02 1.397631492614746094e+02 1.211009826660156250e+02 7.539272308349609375e+01
1.440581588745117188e+02 1.401226387023925781e+02 1.239443893432617188e+02 7.574793243408203125e+01
1.367115440368652344e+02 1.352603340148925781e+02 1.268938140869140625e+02 8.193024444580078125e+01
1.287230110168457031e+02 1.356064071655273438e+02 1.327532958984375000e+02 8.200720214843750000e+01
1.213168373107910156e+02 1.331464233398437500e+02 1.355900268554687500e+02 8.382368469238281250e+01
1.158074836730957031e+02 1.330526199340820312e+02 1.372886047363281250e+02 8.372869873046875000e+01
1.076937599182128906e+02 1.330762786865234375e+02 1.412182006835937500e+02 8.565373229980468750e+01
9.981879806518554688e+01 1.328738250732421875e+02 1.462009429931640625e+02 8.349693298339843750e+01
9.121449661254885655e+01 1.311254920959472940e+02 1.518185119628906250e+02 8.754190826416015625e+01
8.335056686401370030e+01 1.307926597595215128e+02 1.567136077880859375e+02 8.696514129638671875e+01
7.507914352416995030e+01 1.287493591308594034e+02 1.605373077392578125e+02 9.021672058105468750e+01
6.690522384643557530e+01 1.255670051574707315e+02 1.633427276611328125e+02 9.532776641845703125e+01
5.677276229858401280e+01 1.220878295898437784e+02 1.687762603759765625e+02 1.006838226318359375e+02
4.594990921020510655e+01 1.237586402893066690e+02 1.770563659667968750e+02 1.014885025024414062e+02
3.657569503784182530e+01 1.176136932373047159e+02 1.843630218505859375e+02 1.052947540283203125e+02
2.615877914428713780e+01 1.142877502441406534e+02 1.887719879150390625e+02 1.131843719482421875e+02
1.524919509887698155e+01 1.171309089660644815e+02 2.002348937988281250e+02 1.108977737426757812e+02
5.666851043701200297e+00 1.133550605773926065e+02 2.029467620849609375e+02 1.154183425903320312e+02
2.817501068115262797e+00 1.062518615722656534e+02 2.008173370361328125e+02 1.249832611083984375e+02
1.428737640380887797e+00 1.081487846374512003e+02 1.942757720947265625e+02 1.248196029663085938e+02
0.000000000000000000e+00 1.092533950805664347e+02 1.920416145324707315e+02 1.235423889160156250e+02
0.000000000000000000e+00 1.019360733032226847e+02 1.841765689849853516e+02 1.301911315917968750e+02
0.000000000000000000e+00 1.066725959777832315e+02 1.814998826980590820e+02 1.258300247192382812e+02
8.685205936431884766e+00 1.157747268676758097e+02 1.700377960205078125e+02 1.157079772949218750e+02
2.278363275527954102e+01 1.092932929992676065e+02 1.486292114257812500e+02 1.157995681762695312e+02
3.355072259902954102e+01 1.514993476867676065e+02 1.183632812500000000e+02 7.649011993408203125e+01
8.087027072906494141e+00 1.669369506835937784e+02 1.186307601928710938e+02 7.306376647949218750e+01
1.158752298355102539e+01 1.668157157897949503e+02 1.179647598266601562e+02 7.276503753662109375e+01
